1.599269616709379394e+00 1.615982447754113371e+00 1.571142942342636184e+00 1.537408490322410115e+00 -5.897651090074387259e-01 1.606635914274317622e+00 1.547670655930440287e+00
1.823447007778670637e+00 2.036413411546769581e+00 2.059316043229773463e+00 2.108215880351958393e+00 2.046231230766274223e+00 1.936380407294936212e+00 2.012971022871842042e+00
2.122904252682447090e+00 2.477911399981936214e+00 2.509577916814914822e+00 2.570708766893131436e+00 2.374661484833531677e+00 2.301066228416196235e+00 2.379882087444532335e+00
2.479956573074661996e+00 2.837148481293199076e+00 2.859269416865281244e+00 2.934573820725639770e+00 2.708933649098312912e+00 2.668650350192535381e+00 2.718801745474918263e+00
2.884419160538180371e+00 -3.028339205933159750e+00 -3.057311939223808839e+00 -2.952135833366958284e+00 3.073282945384105513e+00 3.049928988630923765e+00 3.068937633936969611e+00
-3.030418707187314986e+00 -2.664738392130047373e+00 -2.774803980096994582e+00 -2.644792654189506376e+00 -2.881078926827559172e+00 -2.922012899591691859e+00 -2.917031678898311498e+00
-2.700304872403312739e+00 -2.243708522053047272e+00 -2.488158073093828193e+00 -2.374761928853494464e+00 -2.574009471958027540e+00 -2.648246501036187528e+00 -2.684754207403209580e+00
-2.433584561862011775e+00 -1.824881394548908853e+00 -2.238630101462816491e+00 -2.198218216495639421e+00 -2.304896579521725997e+00 -2.403438419781988689e+00 -2.548880891482079303e+00
-2.191846330018048850e+00 -1.388263613089370851e+00 -1.960759688942127044e+00 -2.096666583397540862e+00 -2.079766725326423593e+00 -2.137825158696985639e+00 -2.492059937514880641e+00
-1.993915513341006696e+00 -1.258381542175080359e+00 -1.710748296292845749e+00 -2.106211173745502041e+00 -1.925552406998650490e+00 -1.871784521889799713e+00 -2.454332287345358132e+00
-1.847902236707139600e+00 -2.114324938114459318e+00 -1.516460176291065665e+00 -2.018606722084402172e+00 -1.809888135259915209e+00 -1.581090456921301346e+00 -2.314867532275315387e+00
-1.739546565725037963e+00 -1.822460465073136637e+00 -1.398080178793138062e+00 -1.807764898677755028e+00 -1.695339579979080913e+00 -1.239939056068416257e+00 -2.138427476024276075e+00
-1.600971080013461112e+00 -1.251155035586937636e+00 -1.305451543694290839e+00 -1.564004644987873061e+00 -1.592800444916436353e+00 -8.462536248209256984e-01 -2.081246088097647995e+00
-1.417575365328073822e+00 -7.271842314389697082e-01 -1.160895208371621079e+00 -1.360386378158173315e+00 -1.495932755093248190e+00 -3.810379976230768850e-01 -2.125767260499860090e+00
-1.210347815427659235e+00 -5.710891351307522124e-01 -1.010018268162605537e+00 -1.140069510702488964e+00 -1.306468666334649864e+00 3.222808079317586172e-01 -1.990670277317676540e+00
-9.737832761335074583e-01 -5.183232618572014561e-01 -8.363783428748110538e-01 -8.038611576760961164e-01 -9.795998311173471640e-01 2.982919569561095496e+00 -1.716740637209433595e+00
-7.175377886378407899e-01 -1.206887638835182769e-01 -7.276731434489792649e-01 -3.905459166400028215e-01 -5.607731349999763859e-01 -2.708213932271808844e+00 -1.451732104246836963e+00
-4.961917668157218020e-01 5.188372890868250265e-01 -6.640566565815387845e-01 1.023563501121246555e-01 -7.320088049970889521e-02 -2.316951756305467125e+00 -1.304099826832507691e+00
-6.745177327421617575e-01 1.053752879867461356e+00 -7.269192074025873085e-01 6.421931388617326819e-01 4.985271734670117527e-01 -1.913879164858266702e+00 -1.359335948753503942e+00
-1.225953692654440319e+00 8.715331961181188580e-01 -5.569089504991653339e-01 1.601326469003170772e+00 1.264166150138919642e+00 -1.470126897403685851e+00 -1.564189464085166570e+00
-1.255399456957398074e+00 1.102057741055681439e-01 -2.394833713159055244e-01 -3.129956681500096316e+00 2.274338998543370405e+00 -9.764825185359709003e-01 -1.583581012360053109e+00
-1.067684524224813414e+00 4.952342502044929096e-01 2.322983181464415292e-01 -2.662769315260287595e+00 3.076372545954627835e+00 -4.408295016797783572e-01 -1.458134332823207702e+00
-7.914294102953530752e-01 9.884167058582663534e-01 3.971898685577430754e-01 -2.750040533880516058e+00 -2.835969950492840841e+00 1.020936948801643013e-01 -1.577095220452845004e+00
-4.231520140862456980e-01 2.005480144145917798e+00 -1.547539056033597982e+00 -2.648038251654992514e+00 -2.646476556136764469e+00 6.091729943571524419e-01 -1.922133105491648841e+00
-8.492402673130379498e-02 -1.996476556786116019e+00 -1.268407073486332859e+00 -2.201185745486462064e+00 -2.392351115837647590e+00 9.448042709135930917e-01 -1.796799537848327022e+00
1.249083779800941318e-01 -8.129865924632062590e-01 -8.168137183523781486e-01 -1.701766557828762405e+00 -2.105594217018726066e+00 1.058829630559877444e+00 -1.462064881506118352e+00
2.179492950914867777e-01 4.569761970615270757e-02 -3.776137826558108590e-01 -1.244308477855750938e+00 -1.819247220659126585e+00 1.324566747451449311e+00 -1.111867083152535685e+00
4.703278294377540303e-01 8.806523270099272382e-01 1.488630914506536840e-01 -8.826023318216954516e-01 -1.534783186941550470e+00 1.865544352919556337e+00 -7.925120054590413243e-01
2.450743948857287136e-01 1.659429704036124775e+00 2.294134524065084835e-01 -5.698111962475764791e-01 -1.265195147714603285e+00 2.518585498897940589e+00 -4.629966742536058000e-01
-2.366257515825322955e-01 2.301924975219660219e+00 -1.342531313456038378e+00 -1.595522377253204838e-01 -1.109712819323876332e+00 -3.127796431058832649e+00 -6.759006135784770275e-02
2.630752888284470514e-01 4.810024489662384495e-01 -9.583931678657996445e-01 2.752499754675727384e-01 -1.066185611666315536e+00 -2.537692701987555921e+00 3.396616322406131316e-01
9.501163159273599002e-01 1.079392976037392815e+00 -3.600886906244925023e-01 7.191723194762414950e-01 -7.670073768883418630e-01 -2.045942350494363460e+00 5.194181871748708712e-01
1.615706542585187533e+00 1.857588611791483713e+00 2.315930620529781381e-01 1.209850860803072248e+00 -1.561090973783093028e-01 -1.880030703002264492e+00 -5.216587390099928223e-01
2.207579615255696570e+00 2.984339809725906623e+00 8.352952561942293963e-01 1.835266007742527572e+00 6.563240325971021472e-01 2.781801672817266091e+00 -1.002221763683756928e+00
2.716734580488844752e+00 -1.581491108898191333e+00 1.208182282768082372e+00 2.487904862354843871e+00 1.516504319617794971e+00 3.086161554681743358e+00 -1.212108298784355664e+00
3.132051103420298244e+00 -5.053016831175302093e-01 9.810546240285474839e-01 3.032573405447426929e+00 2.280709161946217201e+00 -3.098095965860280909e+00 -1.310186273503429755e+00
-2.868571627482405351e+00 2.805607194970208829e-01 9.134779732617775982e-01 -2.816047017274612152e+00 2.922477663111325175e+00 -3.066113879494837491e+00 -1.869438979615182017e+00
-2.823307473031277492e+00 9.812716884730210420e-01 1.332817171448060112e+00 -2.433928864313938512e+00 -2.801331879367211730e+00 -2.719980889210652286e+00 -1.741020669635368501e+00
-2.735160088497207820e+00 1.546637623961496066e+00 1.785602724593412960e+00 -2.001666088531948606e+00 -2.289841969357540030e+00 -2.190676128531841016e+00 -1.209822851488199236e+00
-2.503621915490496175e+00 1.962161966707731020e+00 2.148844805467474028e+00 -1.594821626017747462e+00 -1.823299237458161803e+00 -1.624781954650759142e+00 -6.051424003729573009e-01
-2.418417401440768444e+00 2.331020952945695335e+00 2.447020336906457594e+00 -1.327186911073741094e+00 -1.392939952809383319e+00 -1.041121441272572890e+00 -3.473713056166086860e-02
-2.730679035311389669e+00 2.689639697875938484e+00 2.660743269692660729e+00 -1.409992594844574842e+00 -1.002241079681426061e+00 -4.132681821574268888e-01 5.086339128601874426e-01
-2.740399968421480370e+00 2.809173028904600411e+00 2.802833232412413000e+00 -2.435698108987615296e+00 -7.690915890936466104e-01 2.663109644297293466e-01 1.145462914222582063e+00
-2.508030232567308282e+00 2.639351692422839069e+00 2.964555291224917788e+00 -2.605797803898555198e+00 -1.257255243394787225e+00 9.719558090793395388e-01 1.937188682495226688e+00
-2.207190580432003113e+00 3.006952995284662311e+00 -2.951359016342515407e+00 -2.195865144128266166e+00 -1.599971575938307744e+00 1.587974087980991378e+00 2.750700656036792147e+00
-1.866543781744230746e+00 -2.660576798646734797e+00 -2.489114375601143792e+00 -1.678466037065652339e+00 -1.341323837430043797e+00 1.942681655691159026e+00 -2.841814211889266861e+00
-1.467868192929851157e+00 -1.965597285989064247e+00 -2.004773753911141654e+00 -1.153810026508136355e+00 -9.897646299810435311e-01 2.110204616474044670e+00 -2.392106339010476201e+00
-1.024998872610525469e+00 -1.327442159557293389e+00 -1.645503416339476832e+00 -6.882837989359439357e-01 -6.230244365507252580e-01 2.468812503328521757e+00 -2.363613975853213756e+00
-5.884935622913334274e-01 -1.525664292042125503e+00 -1.660144421096287459e+00 -3.591977487803738045e-01 -2.199743359750575000e-01 2.974038734492912006e+00 -2.557265513698044224e+00
-2.581299541795534225e-01 -2.346287341418882733e+00 -1.837300370365630764e+00 -1.164517897902369731e-01 2.470192882392646394e-01 -2.794907363442064696e+00 -2.724050284757014495e+00
-5.297762750000837295e-01 -1.837095275818240170e+00 -1.591564396839581397e+00 -3.759729338259852338e-01 7.416811967067202804e-01 -2.309550259140016326e+00 -2.585398735078741517e+00
-1.461830506895238635e+00 -1.293509289042558796e+00 -1.158527782331704614e+00 -1.114570156432160619e+00 1.179042940449521515e+00 -1.837219723479308398e+00 -2.144803223711036821e+00
-1.382200756236733330e+00 -7.379824982353240248e-01 -6.750443001958212896e-01 -3.574388368398192517e-01 1.491392723534500808e+00 -1.338317629096123840e+00 -1.595453361690018390e+00
-9.777027890126879228e-01 -7.240759692506734679e-02 -9.157991472301248159e-02 1.823392071308622242e+00 1.858511374127965299e+00 -8.037948483787519249e-01 -1.170068762717625832e+00
-4.131502838798346011e-01 6.979322513286679852e-01 7.400954854655510395e-01 2.833493489052493874e+00 2.382092981965823864e+00 -2.356205059115941136e-01 -2.434615250729391001e+00
2.917903345563899187e-01 1.566197304236458976e+00 2.478196887757762923e+00 -2.760340102843236387e+00 2.955457650528080737e+00 4.127055689044892839e-01 -2.341476108885756524e+00
1.212714368733662562e+00 2.482213161495148590e+00 -2.520007549708496164e+00 -2.155115753310154147e+00 -2.796612107036792416e+00 1.284503372429217416e+00 -1.813094278705350115e+00
2.988703146322346793e+00 -2.911021019184044878e+00 -1.813939559015450786e+00 -1.647378786952079510e+00 -2.379418079072021630e+00 2.643659790099947227e+00 -1.284384144362715086e+00
-1.897532078781908327e+00 -2.836989087826337297e+00 -1.440322901005479661e+00 -1.253409875904812010e+00 -2.080965644471220344e+00 -2.433741139741110615e+00 -8.608001067546838803e-01
-1.751398044437920021e+00 2.387858885803330278e+00 -1.895498960526143861e+00 -9.534259294236099302e-01 -1.792421473282105104e+00 -1.675395688705171748e+00 -6.192088908091467614e-01
-1.951377512317905127e+00 -3.042354755730630078e+00 -1.929208269983877511e+00 -6.469331332500756204e-01 -1.419035280402301202e+00 -1.103282521044695041e+00 -4.234331460596300611e-01
-1.459828936505753738e+00 -2.199902731297822989e+00 -1.515343534465803055e+00 -2.598548975878046674e-01 -9.830301781721497711e-01 -6.021544549686790315e-01 -7.218827120562956723e-02
-8.032870165215334479e-01 -1.411730826124005356e+00 -1.039962228083025408e+00 1.575692553971148879e-01 -5.358844243373850347e-01 -1.107631500685535147e-01 3.108724049099757525e-01
-1.354407947777791499e-01 -7.667771078825161846e-01 -5.875886232184827085e-01 5.757361844109821769e-01 -1.018771286602810772e-01 4.128005151768934233e-01 3.199519193109965354e-01
4.635075107234408187e-01 -4.421740640224537389e-01 -1.850606247663636461e-01 9.943651306057776917e-01 3.270207627627486624e-01 9.737348728432677625e-01 3.236149406475813395e-02
9.379016935129221855e-01 -3.217226092767200285e-01 2.399489364743150610e-01 1.456294722551849219e+00 7.721315547678042623e-01 1.569226128944650966e+00 4.000487795061539731e-01
1.299348159640281386e+00 -1.649887445853365220e-01 6.940773405517171035e-01 1.946135323168601827e+00 1.224777615025611333e+00 2.177887953591030268e+00 9.593288723866825185e-01
1.689202588107290515e+00 -3.859741680876465630e-01 1.173062273969257330e+00 2.392775435063173362e+00 1.673274660120670942e+00 2.762340396408050402e+00 1.484995064063479475e+00
2.129069270868645614e+00 -4.909779233892272998e-01 1.547421440010315452e+00 2.729511575718649663e+00 2.128639862948154438e+00 -3.024670916677854926e+00 1.947755168221468214e+00
2.456058873558750300e+00 -2.203347973905058280e-02 1.646982729004635271e+00 3.013866015322915537e+00 2.603081453306270276e+00 -2.728157214045786372e+00 2.485758621525429923e+00
2.448136593291102781e+00 4.752260550014751339e-01 1.663455874304640592e+00 -2.877037840557170156e+00 3.072327331815982721e+00 -2.560643365991144282e+00 3.096744786540318373e+00
2.422728504233110147e+00 5.690342000145119927e-01 1.919965271765826875e+00 -2.433409651020485231e+00 -2.815427428012879041e+00 -2.367274223224505203e+00 -2.826439044180727667e+00
2.698527788121774407e+00 -3.236818651603855235e-02 2.286245497970196272e+00 -2.056276837281840741e+00 -2.547249585549589135e+00 -2.187944254249210463e+00 3.114602689350332021e+00
3.090375518907115371e+00 1.647662598188648075e-01 2.602010309384563236e+00 -1.798949955943337509e+00 -2.318081045962302689e+00 -1.900292175563906616e+00 -2.849268882367835598e+00
-2.740198896246460958e+00 4.928629229395886657e-01 2.529320364663550702e+00 -1.444937892749386998e+00 -1.969231341463740348e+00 -1.350645999843406164e+00 -2.177569675339773969e+00
-2.259234417861087252e+00 9.008234302197472010e-01 8.746522864174364198e-01 -8.745842949790105791e-01 -1.495350658897708129e+00 -6.217057488029827939e-01 -1.449564160147575054e+00
-1.790836160967301582e+00 1.424187690839513909e+00 1.423690163690528587e+00 -1.309131612536828526e-01 -9.358449810208127051e-01 2.133818784635919952e-01 -7.115147945899360504e-01
-1.406542154958880575e+00 2.028726987043584895e+00 2.062069449189984471e+00 8.303277581373311733e-01 -2.857240160195945733e-01 1.238632142621089560e+00 8.782839293473181097e-02
-1.153243046554182083e+00 2.626519978478828676e+00 2.692584723685314430e+00 1.914074251418265593e+00 5.476267194786003101e-01 -2.785428987104856091e+00 1.089873471789303272e+00
-9.905848045459809681e-01 3.079419704165282212e+00 -3.021817628391259891e+00 2.857532828859689733e+00 1.894149737417172741e+00 -1.315058715570505576e+00 2.592474518392954064e+00
-8.543649239646938787e-01 -2.968019171096732300e+00 -2.494460305944825151e+00 -2.559940516123458298e+00 -2.742879017719400458e+00 -5.328288766681748001e-01 -1.839718446409811525e+00
-6.425785124145005911e-01 -2.696342867178365132e+00 -2.005488840384980431e+00 -1.342627062534792248e+00 -1.151013046447724397e+00 1.717342184273259187e-01 -4.179124212339285771e-01
-2.398804060530024540e-01 -2.188624251104070328e+00 -1.511094188861782150e+00 1.475237649704547183e+00 1.291281831099226007e+00 8.804763745374420969e-01 7.021405303226851968e-01
3.628479159180735270e-01 -1.605298390155676991e+00 -1.013747221315168368e+00 2.338431907412180433e+00 2.287647884774185236e+00 1.593291868558643909e+00 1.634391442287664198e+00
1.095305779371120503e+00 -1.053424248058096646e+00 -5.716954652209510490e-01 3.018513804635036823e+00 3.000090808496907790e+00 2.257717259397184595e+00 2.407927634062157374e+00
1.911525633952748215e+00 -6.202455317171509108e-01 -1.318733062217147145e+00 -2.686132333509839043e+00 -2.667975463687925597e+00 2.823630623630744463e+00 3.036028289395035440e+00
2.759875442318558303e+00 -1.587111413492965362e+00 -2.167688239412149276e+00 -2.167575772145350133e+00 -2.101543718998854615e+00 -2.922999810177708380e+00 -2.701192353224084464e+00
-2.706146186295554923e+00 -1.768257595879996646e+00 -1.634309226237182333e+00 -1.656590198755097498e+00 -1.558171517542521034e+00 -2.210305895979405744e+00 -2.137688132913147410e+00
-1.942168361679217359e+00 -1.124138643710232977e+00 -1.021794605023082392e+00 -1.104052951919546555e+00 -1.025383162687655725e+00 -8.807430831978785291e-01 -1.519247575212552048e+00
-1.230040613346605971e+00 -3.863671809064453955e-01 -3.963784444659973483e-01 -5.182996816419266350e-01 -5.203962505220119938e-01 1.044777718892853535e+00 -9.141654210532348390e-01
-5.635910158607337905e-01 3.336574496408406532e-01 1.900901540780309540e-01 2.728810248248339509e-02 -1.232355309288778317e-01 2.164895050989047220e+00 -1.230345957933244749e+00
4.665030117178630559e-02 9.593179588762059673e-01 7.153056039876880545e-01 3.062880482062096954e-01 -7.508222478448690331e-04 3.042492445317080740e+00 -1.951673959784416601e+00
5.607916387201353769e-01 1.324460815810263314e+00 1.130083664576728264e+00 -8.129151287674028781e-02 9.044305696082027834e-03 -2.450790827627277846e+00 -1.253953575147322086e+00
9.626333841442065165e-01 1.473980060149869153e+00 1.505380920332763273e+00 1.489066747268286972e-01 3.572627930706226418e-01 -1.766238577616707772e+00 -4.143673395814413962e-01
1.288211604254420939e+00 1.869453330180094630e+00 1.959913655200380855e+00 7.456609851017144130e-01 9.363644208937921265e-01 -1.324066737421802475e+00 5.190422034085324654e-01
1.612714733082570406e+00 2.494335988146366923e+00 2.507793265342280975e+00 1.392875274378658990e+00 1.645987288247648950e+00 -1.524800221096357378e+00 1.595708637531920271e+00
1.924259917328724256e+00 -3.074803087746288188e+00 3.086374133595548575e+00 1.547477126041939766e+00 2.496264025908723205e+00 -1.705241923939758708e+00 2.820622890633812663e+00
2.223445541363540112e+00 -2.369869817598988959e+00 -2.742946576372972789e+00 5.302133139673111950e-01 -2.721440649224069919e+00 -1.512554649038700960e+00 -2.362097769223453714e+00
2.623924813585581273e+00 -1.751694217477115290e+00 -2.505399351808381692e+00 1.012789591043958604e+00 -1.517643414256226064e+00 -1.183361552522987470e+00 -1.474603958745715371e+00
-3.120460161421596990e+00 -1.368800260598207919e+00 -2.270446670150967350e+00 1.635409645996448225e+00 -4.727484522602855010e-01 -6.519240140291014951e-01 -6.145793434188900894e-01
-2.488108085555237547e+00 -1.412196929931239575e+00 -1.786051496134613226e+00 2.310995577322949135e+00 3.587156370206365796e-01 5.640960161403624218e-02 3.941481045913657333e-01
-1.829458562646716357e+00 -3.084808929190102411e+00 -1.216546003727541514e+00 3.069771459360055132e+00 1.009032870363314682e+00 8.888441550081466191e-01 1.829775137524453310e+00
-1.201934933846549924e+00 -2.802122603066852680e+00 -7.001595903121845543e-01 -2.380761077016043892e+00 1.475904879284045457e+00 1.782264755692535063e+00 -2.792690917574377263e+00
-9.287870074182134061e-01 -2.226777493465562863e+00 -1.697768808559789733e-01 -1.579246582761145268e+00 1.861463698584689741e+00 2.614466012060415512e+00 -1.676263664066570680e+00
2.882193590402632566e+00 -1.650216772676340371e+00 5.610227120523683109e-01 -9.969374636913296284e-01 2.331052379171930866e+00 2.677706532172184684e+00 -9.961845873205532609e-01
2.954565478140582346e+00 -1.275689032201951845e+00 1.793545254191127425e+00 -1.274125087200690620e+00 2.906573847000689881e+00 2.633022619167292522e+00 -8.460649392306355265e-01
-3.064675161895068722e+00 -1.217326001076008968e+00 2.785956717278852413e+00 -1.178596131670842428e+00 -2.727506484821851540e+00 -2.779954714880527700e+00 -6.465894058276693279e-01
-2.623612774707485773e+00 -1.122871892670522564e+00 -2.754864909613578217e+00 -5.633073556655038283e-01 -2.003335201100309604e+00 -1.756027433816911065e+00 -1.166452713257983970e-01
-2.100161716789088029e+00 -8.589382738447076671e-01 -2.010637798418991817e+00 1.294044358721780086e-01 -1.137564745716973968e+00 -6.211687489044496191e-01 5.093190700506198265e-01
-1.528105406637998209e+00 -4.836432973801774171e-01 -1.278614808177314988e+00 8.526289958001161962e-01 -5.183162997115661058e-02 6.302894321965524238e-01 1.163628283781668271e+00
-9.082029940964000403e-01 -6.846335205183752548e-02 -5.511717399696255404e-01 1.577665663386040640e+00 1.077091395704488974e+00 1.887717909517923065e+00 1.821845228951901818e+00
-2.442903392628044679e-01 3.974352367782485462e-01 1.975471076428259032e-01 2.277468896317698110e+00 1.992799579002599630e+00 3.087049776488573816e+00 2.444956840312074053e+00
4.786002667231188390e-01 9.413674936555100903e-01 9.540825672075186059e-01 2.910527174760014102e+00 2.723581785161925950e+00 -1.829593914548123257e+00 2.971225596773865441e+00
1.401694025936305543e+00 1.589788010430621013e+00 1.728679324325207878e+00 -2.849323100270327647e+00 -2.944653687813084897e+00 1.605799740744561777e-01 -2.943354075041119788e+00
2.792517028531820156e+00 2.306493375257937739e+00 2.486399092254879317e+00 -2.423331247185141812e+00 -2.410812700112631823e+00 1.422585508320907355e+00 -2.718093907416943011e+00
-2.169710033793778692e+00 3.050165727985016062e+00 -3.091247705603629825e+00 -2.163347149243485035e+00 -1.960165089748369782e+00 2.185494002286824333e+00 -2.555599458524811407e+00
-1.215047127273615857e+00 -2.473885537243035060e+00 -2.423764299581593118e+00 -2.315549545051664548e+00 -1.641337039691886934e+00 2.743367828945518117e+00 -2.344841551662375068e+00
-4.010687693668528730e-01 -1.688631962884702409e+00 -1.815700674774537893e+00 -2.477336291376620814e+00 -1.626381366644901405e+00 3.127464387105455934e+00 -2.048655890313878736e+00
3.340446660095963138e-01 -7.706908631266947696e-01 -1.432716843762673165e+00 -2.327525098415545113e+00 -2.030748063306432982e+00 -2.864784141781801186e+00 -1.862137548021952416e+00
9.962076499944944041e-01 8.083015119409148186e-01 3.060486506377662508e+00 -2.197133132414473611e+00 -2.122531682752091253e+00 -2.488362970333514834e+00 -2.082729067501691844e+00
1.555295179150572915e+00 2.758910570358546810e+00 -2.681110547381620801e+00 -1.991570232799210194e+00 -1.877995009603345533e+00 -1.970178063490426457e+00 -2.005328898583835784e+00
1.960999585228160313e+00 -2.439921173972444013e+00 -2.023069195152826794e+00 -1.653842104002989366e+00 -1.543711595744149845e+00 -1.384573582005143466e+00 -1.575738934592453511e+00
2.191383595638066506e+00 -1.548794669346245989e+00 -1.311872716619122858e+00 -1.303742701569690521e+00 -1.247946670032886285e+00 -8.105678058377393524e-01 -1.082772757652565199e+00
2.565609219698484544e+00 -7.348562519191842446e-01 -4.740596978504650338e-01 -1.042995343828539756e+00 -1.062277572541584281e+00 -3.459308622827803048e-01 -6.452675009410433482e-01
-3.047769055272183447e+00 2.874502677751685775e-01 2.219104919397293152e+00 -8.619790953211831086e-01 -9.616955640618639611e-01 -2.509014777393162587e-01 -3.286257721146812472e-01
-2.272138224847755961e+00 2.620266571789521937e+00 -2.913525998049808940e+00 -6.638109074830287337e-01 -8.230465950830021526e-01 -5.612205246210396625e-01 -1.400973459121770959e-01
-1.519000220124616218e+00 -2.845372806163241286e+00 -2.231260731359452798e+00 -3.860801014512478813e-01 -5.647519940898300117e-01 -3.532636824153033150e-01 4.867019245813534317e-02
-8.734025427591768365e-01 -2.124578602437461328e+00 -1.608914377644485194e+00 2.264979497964896005e-02 -1.894062523107951923e-01 1.474060422406118509e-01 4.137006680932562852e-01
-3.087589359589115734e-01 -1.390729256512334810e+00 -1.020870818015614745e+00 5.356927324834959148e-01 2.561110439606918976e-01 7.224734725866837071e-01 9.642851444257772853e-01
2.958514501158022170e-01 -6.956228803566423258e-01 -4.949584397744390962e-01 1.111988891654416722e+00 7.218769507192217549e-01 1.301244184598122855e+00 1.636482760252019553e+00
9.459826620131300823e-01 -8.022422879364493609e-02 -4.631000195573817257e-02 1.695626711420139543e+00 1.156430495345475595e+00 1.848801841152596381e+00 2.364923821669065784e+00
1.583381314873405943e+00 5.064009710695888122e-01 4.132314510149201481e-01 2.237956954158556222e+00 1.512156660617390180e+00 2.372169198998851591e+00 3.085633029636828617e+00
2.150773595989316167e+00 1.166682597766057317e+00 9.211245496441471392e-01 2.672258841428276188e+00 1.747940145098690223e+00 2.933195517756231663e+00 -2.542638129886670928e+00
2.637187106569593098e+00 2.297510655449217065e+00 1.462576270876468243e+00 2.193539303659456152e+00 1.834781230303904387e+00 -2.699314075952228276e+00 -1.946633419666819353e+00
3.073190142326604590e+00 -1.745074357529579290e+00 1.986805558131948812e+00 1.098854915678683097e+00 1.747094754305632991e+00 -1.952611333338773125e+00 -1.290694338325288015e+00
-2.801495198448332502e+00 -1.092472442238004771e+00 2.536141575566482675e+00 1.414915570878878315e+00 1.635345129630675132e+00 -1.133636457287045429e+00 -5.380251699474632998e-01
-2.362915521625637005e+00 -8.169440600618189663e-01 -2.965677100278249601e+00 1.818077528533182052e+00 1.792972743355746523e+00 -2.758472951711658516e-01 2.321811263056657026e-01
-1.902749579491713527e+00 -4.056954290655575557e-01 -1.761069573858974779e+00 2.239486828186848744e+00 2.175235627587901899e+00 5.285745008962131619e-01 9.253008575316852280e-01
-1.603908797644977735e+00 1.137431193099329024e-01 -4.327179632102214346e-01 2.580526475577958223e+00 2.632591274443004892e+00 1.075095444134806177e+00 1.456734003956661416e+00
-1.958642059486636944e+00 6.695470899904986117e-01 5.488823312131430043e-01 2.373908264866475104e+00 2.979320433650943123e+00 1.490455187731826614e+00 1.867881287518013522e+00
-1.910011656978441330e+00 1.237214537979799411e+00 1.311482624300019939e+00 2.159975387413586301e+00 2.749542531876162155e+00 2.125573114042752731e+00 2.323483259012288915e+00
-1.418025213122608097e+00 1.831123117522541532e+00 1.962928697139945333e+00 2.526933836592534011e+00 2.434255033250026123e+00 2.904192648992235171e+00 2.843958559984485213e+00
-8.147122703291143075e-01 2.384843686103638394e+00 2.496808160687531419e+00 3.024548722061648931e+00 2.725271946039501625e+00 -2.550207232250702116e+00 -2.914838128562809327e+00
4.638034819767752892e-03 2.583984545179030423e+00 2.878300143576250747e+00 -2.773434277942728787e+00 -3.109100576041915698e+00 -1.694201932021454748e+00 -2.397416481316426040e+00
1.603157455328018122e+00 2.269689777528878238e+00 -3.060269594933263004e+00 -2.317489207649010119e+00 -2.621603169312615389e+00 -6.998350592908392231e-01 -1.853763781575625824e+00
3.056840951569441245e+00 2.489310864706970161e+00 -2.647486454276649859e+00 -1.910608256016703033e+00 -2.131159625688529236e+00 9.720756207492324830e-01 -1.286851379011617613e+00
-2.359197490444585377e+00 2.821108234494894340e+00 -2.166363037780327794e+00 -1.570505093736589419e+00 -1.652120952048883540e+00 2.486537306268469472e+00 -7.397009201176535376e-01
-1.683239982802185564e+00 3.031920093786862225e+00 -1.743860877615456273e+00 -1.283090413789796047e+00 -1.183461713812028915e+00 -2.942673057829415573e+00 -2.454455112439321296e-01
-1.099056273681954465e+00 -2.758276035234728862e+00 -1.503516123076820366e+00 -9.869462394435364327e-01 -7.159185801254834836e-01 -2.245122976483532540e+00 2.220670129850686458e-01
-5.087596929200532969e-01 -1.994125522393202621e+00 -1.450367868149642803e+00 -7.033164181300241014e-01 -2.790983812624101001e-01 -1.583206616229225538e+00 7.248304319787263195e-01
1.522611150535234104e-01 -1.061570031610390208e+00 -1.260742175171547297e+00 -7.423344941076566172e-01 -6.891116958672954818e-01 -8.981270909901251098e-01 1.275742710544475411e+00
8.768620901893178221e-01 1.601873743510402043e-02 -8.053149397520287245e-01 -1.311109143508072838e+00 -1.938153650001040118e+00 -1.164664034244583812e-01 1.873466496472593779e+00
1.617501331429972877e+00 1.283410575725278946e+00 -1.624420390853895391e-01 -1.311438163664104817e+00 -1.540748225330852206e+00 1.260454736710630463e+00 2.587630266824294978e+00
2.336790607712114998e+00 2.713109045857121870e+00 7.447874693199826313e-01 -9.977911683746460980e-01 -1.088420907502858581e+00 -2.898283481398455486e+00 -2.710352221788307592e+00
3.016949608610761224e+00 -2.378203415557215372e+00 2.532478218181183571e+00 -5.633255378318751116e-01 -6.452543567996724683e-01 -2.008129032214958087e+00 -1.589257412705998629e+00
-2.634348708242352455e+00 -1.404621714524056264e+00 -2.151285317467900970e+00 -3.933888235541727063e-02 -2.266083802185841212e-01 -1.336040401315063741e+00 -7.308997235853468277e-01
-2.073085648148437876e+00 -5.496897965961471400e-01 -1.289452446822077381e+00 5.130652665160233550e-01 1.722094739607041292e-01 -7.603471397454403258e-01 -9.057723740168101279e-02
-1.658836963836462619e+00 1.703284503223310431e-01 -5.849599833382028713e-01 1.043095276963530882e+00 5.945271244986425341e-01 -2.617213402691200286e-01 4.922433353180389881e-01
-1.404158177795246765e+00 7.433417592586566425e-01 5.055444250945750201e-02 1.509172704503555895e+00 1.078726842941411634e+00 1.870014488837871969e-01 1.112821453274335237e+00
-1.103429693584181193e+00 1.315348711574455320e+00 6.262276440704382940e-01 1.916393075444633665e+00 1.616336973401532706e+00 6.099490272500811550e-01 1.772061886950017096e+00
-7.188901418967210688e-01 1.967973902586637180e+00 1.099671509901481325e+00 1.217477703094578478e+00 2.127993791224286113e+00 1.006143522836955073e+00 2.387995018034961614e+00
-4.724864916035946827e-01 2.677618577470858963e+00 1.511463065475493250e+00 5.716755367243138153e-01 2.238568576836586832e+00 1.420797485091736867e+00 2.651094199168031462e+00
-5.134712658840230315e-01 -2.851022188146504099e+00 1.947901922108104200e+00 1.167342456557113994e+00 1.493939031325852929e+00 1.903970092303255646e+00 2.077783968309977691e+00
-3.813030946297205626e-01 -1.875683315013951580e+00 2.413284219726308688e+00 1.837342372123598411e+00 1.776669293796428128e+00 2.424408127332950080e+00 2.225932491520086653e+00
-5.276263281923011805e-02 3.422355041154415689e-01 2.832290314904545525e+00 2.500077231443937453e+00 2.314885416483158487e+00 2.887475465473135383e+00 2.578138557607888792e+00
4.589050904043230350e-01 1.463266433259253096e+00 3.112917006992914182e+00 -3.139709987807817182e+00 2.888294267737912868e+00 -3.087114356748429600e+00 2.894059609769684016e+00
1.266401173538350244e+00 2.245027349007920670e+00 -2.919010840723286204e+00 -2.501016713260781010e+00 -2.836190302162590715e+00 -2.848661321297692783e+00 -3.048893451920342113e+00
2.433513265495129918e+00 2.955746251658248447e+00 -2.557465666151848005e+00 -1.894858996540113916e+00 -2.330183996122159318e+00 -2.505922142944571718e+00 -2.713126090193911377e+00
-2.563057379433352878e+00 -2.731225548283177762e+00 -2.089782090223388789e+00 -1.372326323414576832e+00 -1.893543406108249894e+00 -2.086595541551772293e+00 -2.443423749006701229e+00
-1.481558216181886323e+00 -2.484093437871716326e+00 -1.589790959649210578e+00 -9.795158544728282957e-01 -1.480453059817551820e+00 -1.699032574293632525e+00 -2.100579240270151526e+00
-5.797161468114055971e-01 -2.544645075038154403e+00 -1.074765096648752749e+00 -6.022923473263525063e-01 -1.020085463913970925e+00 -1.383790722208903867e+00 -1.555554969245787955e+00
1.977205740133980705e-01 -2.250422530051433334e+00 -5.455869426727412153e-01 -8.468044774794039609e-02 -5.131612349067670165e-01 -1.084891046269608417e+00 -8.638480847429489407e-01
8.344300466551889395e-01 -1.761168817980986567e+00 -4.190392610234133786e-02 4.460617530369206385e-01 -2.862727149940749033e-02 -7.673819026999085802e-01 -9.590303592834580060e-02
1.251401159581216227e+00 -1.303277788643432578e+00 4.042751038088917004e-01 7.343115973215733616e-01 3.475244492297328569e-01 -4.783418117717087581e-01 7.080073190124350768e-01
1.244767635366438752e+00 -9.576234850096988493e-01 7.369899889088494804e-01 8.377757720326814983e-01 6.343819479788829208e-01 -3.680560355216558888e-01 1.367440036374353074e+00
1.105260248752547803e+00 -6.831990546627847438e-01 1.044483482748268743e+00 1.331785151273781498e+00 1.011931484544434490e+00 -4.323337697635452059e-01 2.285047438654344898e+00
1.308356500694304092e+00 -4.992190455185128717e-01 1.362389188592306288e+00 2.036498793661277062e+00 1.519699466651144526e+00 -2.108116962370034930e-01 -3.129684618323770096e+00
1.570902235193741614e+00 -3.814609288382682095e-01 1.666891584512862456e+00 2.794607182083103769e+00 2.089824321526587703e+00 3.004898892823987255e-01 -2.346167285313722761e+00
1.650168517915559629e+00 -9.234444652813461607e-02 1.985419261145238146e+00 -2.717082611874770404e+00 2.672466123530390814e+00 9.167601843482753310e-01 -1.596344423139486768e+00
1.831927348099688491e+00 3.922233978444564229e-01 2.415306068506186232e+00 -1.911661826418914911e+00 -3.049848606914678850e+00 1.548181045547692536e+00 -8.664413194500268922e-01
2.282041000546838116e+00 8.666826809378118668e-01 2.965563404415359816e+00 -8.033098007036106880e-01 -2.569744860807083864e+00 2.099998121017646824e+00 -1.291210366036060209e-01
2.560611871431592412e+00 1.011797114091228300e+00 -2.768608438157152740e+00 8.853423030039423436e-01 -2.364260155897610627e+00 2.399693708209887255e+00 6.328476545780685747e-01
1.039357145499756330e+00 5.252324333981611693e-01 -2.289082625424972317e+00 1.977113984444967443e+00 -2.628704172876644929e+00 2.360514582413539841e+00 1.403139023830482612e+00
1.556818191441767141e+00 6.430617797953113168e-01 -2.120080197062831129e+00 2.723756709015066946e+00 -2.578124536273020073e+00 2.464365183908250323e+00 2.145606763968175290e+00
2.215734686060841785e+00 1.079282549572482264e+00 -2.468742020682054950e+00 -2.937837041161908580e+00 -2.206265698048750945e+00 2.789005038745270948e+00 2.822562013708751039e+00
2.880195711184410090e+00 1.665089540893424980e+00 -2.520651634491045456e+00 -2.403504609700242156e+00 -1.766755379882081645e+00 -3.089144437722350034e+00 -2.867725801996626966e+00
-2.745373182685679314e+00 2.401762943873766432e+00 -2.094582881869273550e+00 -1.920111841503334915e+00 -1.385904977512129044e+00 -2.661065808104311259e+00 -2.358092073321357951e+00
-2.097851783276275306e+00 -2.241587821965824734e-01 -1.535713311630822586e+00 -1.514569629814902507e+00 -1.275464459437715359e+00 -2.297988592246842821e+00 -1.974142309529773875e+00
-1.470503008493702524e+00 5.948262204523079300e-01 -9.723804543785244947e-01 -1.253975062336339263e+00 -1.528963375030284677e+00 -2.047439811877345583e+00 -1.766384419799946981e+00
-9.231487973384522316e-01 1.314655476516999988e+00 -4.602512737688012057e-01 -1.023422265595001379e+00 -1.439184017103315893e+00 -1.766760331986028998e+00 -1.523380331139758681e+00
-6.377374586223505393e-01 1.851785284884254867e+00 6.907034205674512928e-02 -5.972829094836059616e-01 -1.074912290365440226e+00 -1.346238999626310884e+00 -1.066475909879632145e+00
-7.696312734609519479e-01 2.106028824177631709e+00 9.100787398325181909e-01 4.979576284334988161e-03 -6.435349615594539996e-01 -8.629744846341770304e-01 -4.805375271993034825e-01
-7.648635236984361319e-01 2.457830877323930796e+00 2.233424086907040973e+00 6.890161577351903155e-01 -2.093549227371561405e-01 -4.524670970423507743e-01 1.476872680174086960e-01
-5.975114433472756836e-01 3.106820249789810084e+00 -2.515993913027003703e+00 1.421494956188774417e+00 2.243329124461085899e-01 -3.364673488745184571e-01 7.741863175201412206e-01
-3.503857549465482779e-01 -2.333186882689997965e+00 -1.282068493871161730e+00 2.221745982556083909e+00 6.460090105710564190e-01 -4.855566215509830585e-01 1.380544444752907385e+00
8.750506971561708425e-02 -1.286469367148859622e+00 -2.116129505465146887e-01 -3.022316118088997250e+00 8.375761096845437681e-01 -3.161640375613439247e-01 2.012268846182572180e+00
6.559657727203593858e-01 4.576196091007890820e-01 8.195160329126829346e-01 -1.766404776854340719e+00 -6.697083544734956373e-01 5.245635540535737579e-02 -2.656195356345732783e+00
1.233081794053893621e+00 2.393079947962365672e+00 1.910053547877938795e+00 -8.256683574155527783e-01 -3.854742243114713252e-01 4.594093977695357101e-01 -4.222449274446499756e-01
1.507433333410278520e+00 -2.740708836314235786e+00 3.077783664403953345e+00 -3.837271618059957812e-02 1.559953206189318986e-01 8.505794234749683991e-01 2.973916310028145715e-01
8.602106061290232253e-01 -1.770206243170834748e+00 -2.076958034578464396e+00 7.170135463376759999e-01 7.390251115777968227e-01 1.198182065854946243e+00 9.397513136432678049e-01
1.062910274295162827e+00 -8.055166228729615518e-01 -1.042916860067328422e+00 1.436347298002835116e+00 1.322480312840344396e+00 1.433568969205737620e+00 1.517030486728741856e+00
1.598863765412356752e+00 3.370746755296128994e-01 -4.601762365696875079e-02 2.106185362873233213e+00 1.890091934817250463e+00 1.498825977594797187e+00 2.021295167604885812e+00
2.177172677145280844e+00 1.819560627046657331e+00 1.000568781453214262e+00 2.698056590612364580e+00 2.433312872771338231e+00 1.503847448340241311e+00 2.468289427546340065e+00
2.747117853713420654e+00 3.011893883379845427e+00 2.282408967151399182e+00 -3.135453961815770185e+00 2.946472850012375133e+00 1.621110446364056656e+00 2.873187798451438013e+00
-2.995918380035898387e+00 -2.496080506645113495e+00 -2.670498126364639013e+00 -2.814037811625188290e+00 -2.851894260845872608e+00 1.925230874199360009e+00 -2.995414267465549063e+00
-2.516699987699243302e+00 -1.889456864975967765e+00 -1.694173532929615922e+00 -2.405791759707094357e+00 -2.382473380693031828e+00 2.392097493082147253e+00 -2.476844648665389226e+00
-2.109441927023028907e+00 -1.255262173727404562e+00 -8.884472801325974389e-01 -1.807947943901176302e+00 -1.912786889887371666e+00 2.939336421189279847e+00 -1.837325253666522107e+00
-1.742041430961052129e+00 -5.394308624269846808e-01 -1.134336974795337322e-01 -1.137498802403957177e+00 -1.450675398792788728e+00 -2.822347801590475047e+00 -1.144641431995653047e+00
-1.364066297754512602e+00 2.221604832805435248e-01 6.345538049121269841e-01 -5.155439863811007717e-01 -1.019637855475778343e+00 -2.474478555771461696e+00 -5.019979983000504298e-01
-9.807306030250688700e-01 9.915948271941278369e-01 1.350728117667271633e+00 -2.518055948673028968e-02 -6.219747681209867318e-01 -2.456149498732032477e+00 -6.971041626460118545e-02
-6.517688616188156425e-01 1.696282386722189006e+00 1.984778833221159999e+00 3.787739080393629498e-01 -2.263312412600243517e-01 -2.520328814667720518e+00 1.257415360332002630e-01
-4.297933503615838369e-01 2.319601954456011583e+00 2.526736318004425552e+00 8.757683824445189336e-01 1.863039468992650771e-01 -2.572164879792662617e+00 5.092659099967355996e-01
-4.075745971832895331e-01 3.094946219547733524e+00 3.067793041299788914e+00 1.461172422568751461e+00 5.960965209047566216e-01 -2.481291120393665395e+00 1.058989037715708736e+00
-1.038837548774606878e+00 -2.251586635993329200e+00 -2.608942641059811773e+00 1.998404240105424501e+00 1.005336675241350841e+00 -2.069254527716474890e+00 1.294110873677432494e+00
-1.180696085189261613e+00 -1.327152887049821928e+00 -1.914973655139808661e+00 2.083191693110058473e+00 1.467510270051319177e+00 -1.482372666344157208e+00 8.016779756247551791e-01
-6.978288404875695461e-01 -4.885966273535314319e-01 -1.190489497444801037e+00 1.813472046507681457e+00 2.031929037244224912e+00 -8.541479763638826217e-01 1.311996686355578090e+00
-4.395181941798195768e-02 2.347405085105767897e-01 -4.644132649249326228e-01 2.206937680315582906e+00 2.709813417201333063e+00 -2.830921125655855852e-01 2.112419519444717952e+00
6.722476498666568601e-01 8.302759479705795753e-01 3.385094211179668910e-01 7.477595828482860307e-01 -2.768761888835221008e+00 1.438168177427881222e-01 2.975634528665595191e+00
1.390981523075669690e+00 1.329979422179038417e+00 1.251158185320617511e+00 7.453326115756875314e-01 -1.805625506109572287e+00 3.567939448253085732e-01 -2.439367456550626478e+00
2.057332762842309037e+00 1.871545022013421322e+00 2.219389025295788187e+00 1.438791893459043347e+00 -7.413777853087305525e-01 -1.975205004950968624e+00 -1.608190659592982685e+00
2.525214711279241353e+00 2.512516810555507352e+00 -3.135239853169935920e+00 2.119969541758864207e+00 2.422451388050378407e-01 -1.512551772809363815e+00 -8.653591930829898082e-01
2.029224398592861522e+00 -3.083954012480066620e+00 -2.297239350609248110e+00 2.724811587983520411e+00 1.065502387388770122e+00 -8.855499493872157624e-01 -2.887774088170686482e-01
1.870770067808549042e+00 -2.416019891417428234e+00 -1.545810798866630531e+00 -3.057563221888184302e+00 1.742868572231670798e+00 -2.295759189375033982e-01 8.811053933298658436e-02
2.373105774559433279e+00 -1.853895778487581580e+00 -8.992728820819877456e-01 -2.684305358714085710e+00 2.305234036499843597e+00 4.458577335085583404e-01 5.123790591816989037e-01
2.972447072092864850e+00 -1.472651125101767766e+00 -3.823660605840815130e-01 -2.457919823935511783e+00 2.810304444018233649e+00 1.169424393769546988e+00 1.145762998905795582e+00
-2.721446496101174617e+00 -1.407311969142242658e+00 -5.319891107005545600e-02 -2.272042896602755047e+00 -2.953977537585165347e+00 1.976876937050551675e+00 1.905593896888514660e+00
-2.154435698897066764e+00 -1.445679258575528703e+00 -5.602761858744991635e-02 -1.839154394135387172e+00 -2.390667160073570496e+00 2.859924059293074361e+00 2.701291664236765477e+00
-1.596269278204318631e+00 -1.071633704925005537e+00 1.655823460168242001e-01 -1.174600314222775221e+00 -1.815175527081050566e+00 -2.533134585855498777e+00 -2.823785347758019704e+00
-1.028216868837495968e+00 -5.153192546577074484e-01 7.342011509477524012e-01 -3.434276787058636038e-01 -1.267291894226784565e+00 -1.797942404016970475e+00 -2.237865728009873489e+00
-4.602778007299503926e-01 -4.118941429664905174e-01 1.517355740686958665e+00 7.394246074890610254e-01 -7.352215157119226241e-01 -1.478860319612137042e+00 -2.489345127662183632e+00
6.688373428929100806e-02 -1.376694981594249079e+00 2.506900504698706289e+00 2.180731337110560109e+00 -1.786567155189657530e-01 -1.222233664563179500e+00 -2.705329232760254055e+00
5.220285445639544220e-01 -7.350862923085804690e-01 -2.151922259265955706e+00 -2.853555505275655158e+00 3.248645911560695820e-01 -8.475374682177853058e-01 -2.157435334276977645e+00
8.743851358158062359e-01 4.315467398314284247e-02 -2.672720894077215137e-01 -1.912877232890341617e+00 3.032842245638157630e-01 -7.415381084497757458e-01 -1.465282161273683936e+00
8.767203035158714908e-01 9.213966460741846998e-01 8.373364176876642029e-01 -1.083162375019651735e+00 2.743771882157684805e-02 -6.611839368623427804e-01 -7.487125733923820636e-01
3.837509676077264786e-01 2.191051324352882190e+00 1.750739413579788017e+00 -2.905018804843679248e-01 3.920188927201209705e-01 -2.598986887361280362e-01 -5.869764186533767830e-02
6.624410876960979966e-01 -2.693511352158716399e+00 2.642975423340527819e+00 4.875662904215641857e-01 8.860229543564324128e-01 2.777437639189612173e-01 5.780602031064621116e-01
1.205973685452981448e+00 -1.802053206952999531e+00 -2.732744932313880160e+00 1.255469018276089033e+00 1.388574982457990270e+00 8.388419084104553614e-01 1.168470526251125241e+00
1.748891365738242998e+00 -1.066914167556260340e+00 -1.857550176421921106e+00 2.063707579295697148e+00 1.930791957691960326e+00 1.413573357440835121e+00 1.759116692929663550e+00
2.190814313737585284e+00 -4.140006337193332109e-01 -1.058154560569289471e+00 2.969402453152816701e+00 2.539055324618010090e+00 1.997980437811078369e+00 2.386608042809565067e+00
2.569499201063792704e+00 1.322669660626316634e-01 -3.804171262572852985e-01 -2.344773222476704166e+00 -3.084719198689329200e+00 2.554759524889883782e+00 3.048082367870003306e+00
3.039423157685602561e+00 5.399478063993895516e-01 1.564076928044438597e-01 -1.398985725760488519e+00 -2.402890138835859446e+00 3.027732765869630249e+00 -2.561378790119699378e+00
-2.651127890728008030e+00 8.817168054422453993e-01 6.236890127259259176e-01 -5.487016114350993234e-01 -1.726990012097995963e+00 -2.843923149698236230e+00 -1.884288643326969437e+00
-1.967340079103647055e+00 1.171616332340241096e+00 1.046182091894674260e+00 1.840527248015638995e-01 -1.050091824923194972e+00 -2.344509202095891531e+00 -1.160597942380892089e+00
-1.195027381524097487e+00 1.312005253496512758e+00 1.418372116522618631e+00 8.547496839652802825e-01 -2.399654625296545052e-01 -1.721727852976840722e+00 -3.354471713135903643e-01
-2.165581507933476424e-01 1.457489858913215919e+00 1.766490074547887534e+00 1.552356613790412565e+00 1.899461713589925660e+00 -1.050688706176952536e+00 5.894946261663529530e-01
1.242121485109805690e+00 1.865810596374321007e+00 2.185155065817707243e+00 2.419734238870153931e+00 -2.892929900715091929e+00 -5.392476983830424286e-01 1.551489864726246060e+00
2.957682843786511029e+00 2.439252351894367621e+00 2.681418344583123226e+00 -2.491961691588800321e+00 -2.116898944994327181e+00 -1.947731455078383522e+00 2.437815990037112357e+00
-1.915674669683040898e+00 3.058838445423703867e+00 -3.119458623403757791e+00 -9.735831683182512020e-01 -1.442129259090890514e+00 -1.685036650592403484e+00 -3.098480579141667413e+00
-8.105837766769873332e-01 -2.619124456972429904e+00 -2.714223171955411740e+00 -1.216554272162665012e-01 -7.888282815819105398e-01 -1.337019515201094411e+00 -2.386278849684938752e+00
4.582230557960523948e-02 -2.078428476137295089e+00 -2.761322711329010637e+00 4.820315017069897179e-01 -1.183381464683481293e-01 -1.236238189543487742e+00 -1.629535085923216942e+00
6.137935747637337514e-01 -1.611645600503513132e+00 2.387981592551478016e+00 1.041765327890489257e+00 5.649099940370795325e-01 -9.463003505717498820e-01 -9.031626330736133301e-01
9.034440748950909317e-01 -3.069640352523570925e+00 2.552910496093469206e+00 1.615899752877690387e+00 1.226005670610540443e+00 -3.965965497238603255e-01 -4.159244334866257775e-01
1.244557879146476198e+00 2.627170253534056421e+00 2.965309927949939528e+00 2.126243729630572510e+00 1.801873140099048864e+00 2.499108061857168994e-01 -3.144615670506923921e-01
1.751977193348699391e+00 3.097541664874287726e+00 -2.947719603153518886e+00 2.418944129130253362e+00 2.214371909054024812e+00 9.286689883293167691e-01 2.605777289370400998e-02
2.284167193420302944e+00 -2.732491846167347749e+00 -2.634543068618275807e+00 2.523189421236557095e+00 2.466997748310864935e+00 1.608499340851310189e+00 6.296300620932406833e-01
2.737847018796483400e+00 -2.330476348611105308e+00 -2.348849041761768230e+00 2.795274975202292289e+00 2.745288073044468646e+00 2.269511074043176091e+00 1.288100257319537700e+00
3.103933564879589380e+00 -1.913952626269493917e+00 -1.998498554375782721e+00 -3.043017913103488237e+00 -3.134715691839542906e+00 2.879931213702203951e+00 1.927990036843307609e+00
-2.840329832832675372e+00 -1.532219986787764832e+00 -1.696488942174070536e+00 -2.567665436566838100e+00 -2.648080841783242434e+00 -2.901187668556153731e+00 2.551792450053872230e+00
-2.497933716439971974e+00 -1.776176982737888821e+00 -1.932346845164366611e+00 -2.080868908902819392e+00 -2.115516054609969387e+00 -2.535415548647103723e+00 -3.077547244313720842e+00
-2.179179607804052399e+00 -2.251358759885212280e+00 -2.320187571799395165e+00 -1.547015150674537765e+00 -1.560615665331202662e+00 -2.202049001527839778e+00 -2.356230343735583599e+00
-1.845333048105524565e+00 -1.793594598765942960e+00 -1.960290868267621667e+00 -9.508524471873155415e-01 -1.002851060687075968e+00 -1.784931044853557580e+00 -1.568771767118155358e+00
-1.427527393662870736e+00 -1.189695972998098261e+00 -1.428286906289067737e+00 -3.359992203841448144e-01 -4.701042900877366870e-01 -1.317732380089549293e+00 -7.643461369789300575e-01
-9.211298119637071347e-01 -6.339650044008550145e-01 -8.836160977938359862e-01 1.899872825030661794e-01 -5.879972910184323547e-03 -8.750602242903274819e-01 -1.477489710729963657e-01
-3.875697609407474098e-01 -3.025814652310347408e-01 -4.037068273117901396e-01 4.315903805008493577e-01 3.560261390604645970e-01 -5.145733869468231969e-01 -9.814514300816575831e-01
-1.441402946016047924e-02 -2.722006359556490285e-01 -7.253432445641030957e-02 4.108472221897810917e-01 6.487907126325356266e-01 -2.388756451832402539e-01 -6.252386388104396175e-01
-4.508448420941674195e-01 -1.058366094056728372e-02 1.776580723106097881e-01 6.851075065549226961e-01 9.472849385037989123e-01 4.205556700352839142e-03 1.283953812027008867e-01
-5.997540071373990145e-01 4.939607423324515190e-01 4.666761598099082309e-01 1.128267395939056339e+00 1.238198155604506967e+00 1.050774754200715644e-01 8.703959617066753252e-01
-2.433812933303094450e-01 1.047916030686391275e+00 8.191811529804911007e-01 1.526375673405642619e+00 1.474755088762589761e+00 3.626271872819676612e-02 1.485330364566004979e+00
4.550027936072507245e-02 1.537035631265380342e+00 1.174591186958303224e+00 1.774010709253132756e+00 1.710494188817022199e+00 2.559882184265944161e-01 1.824867885037761761e+00
3.083855721514008885e-01 1.989141130201453445e+00 1.571941021481695344e+00 2.035401362711994455e+00 2.053809587558122818e+00 7.378878553895543702e-01 2.020561156703254646e+00
7.653817581838521233e-01 2.533116229649472029e+00 2.010008275131024202e+00 2.476119809910112046e+00 2.499746818605325771e+00 1.297838931070250279e+00 2.450884840299668355e+00
1.388526554257534684e+00 -3.101689298996832989e+00 2.439271580845684628e+00 3.017890030329304363e+00 2.971510020334918956e+00 1.843404271045247622e+00 2.994866195523276264e+00
2.079709668904502262e+00 -2.430674510902189667e+00 2.885117482773043918e+00 -2.697727189489455224e+00 -2.864131268245952100e+00 2.323149854467834174e+00 -2.819376909318045854e+00
2.784899863787885010e+00 -1.964246494280504685e+00 -2.888583569714770594e+00 -2.128015470490538963e+00 -2.413044908990857884e+00 2.784754887958596381e+00 -2.424510296169607670e+00
-2.802808433923619003e+00 -1.819795145952788351e+00 -2.289390840157667473e+00 -1.523687034285727160e+00 -1.896573785922236910e+00 -2.599865259086187930e+00 -1.889460711047181496e+00
-2.132751815378760352e+00 -1.297977648530733275e+00 -1.685691071875832003e+00 -8.785309562625406299e-01 -1.328612800146917738e+00 2.085545173196958202e-01 -1.195913871231575554e+00
-1.497490206867535090e+00 -3.977581927220404934e-01 -1.124968674296294546e+00 -2.298701188626706138e-01 -7.648917418924920941e-01 1.026747219743283646e+00 -4.519337400986381259e-01
-9.199698991413945981e-01 7.358378326535467417e-01 -6.089439772904398085e-01 3.655910242455099324e-01 -2.304754378868994202e-01 1.735116757689149969e+00 2.168084234745777106e-01
-4.368400134999189666e-01 2.163159551639966427e+00 -1.203613912550101500e-01 8.407889421383498707e-01 3.087323772479551587e-01 2.375314862824330575e+00 5.969052868168701620e-01
-6.012305081934081474e-02 -2.443343044663802921e+00 4.042981300185375937e-01 1.230103084919323075e+00 8.977894509113548693e-01 2.869905722434323181e+00 7.226950095167999910e-01
2.768524235173594472e-01 -1.101253870279083280e+00 9.709923701683510489e-01 1.669838225761821837e+00 1.529919697567211134e+00 3.123448311309164449e+00 1.112151273409963448e+00
6.716249166652072944e-01 -1.164196995292991893e-01 1.593070014850780147e+00 2.203973190642362745e+00 2.167951129463506987e+00 -2.982189846089829288e+00 1.628686773070712190e+00
1.107590910698907249e+00 6.416604081943172444e-01 2.233341623423910072e+00 2.785851384242630679e+00 2.772096100147392495e+00 -2.613314698629608301e+00 2.056149724675313095e+00
1.535640736314275445e+00 1.309825953935578768e+00 2.828723585580275035e+00 -2.903039126832241745e+00 -2.955559564827360486e+00 -2.103974022533457777e+00 2.484483022662494545e+00
1.959775441360556369e+00 1.977646320087232290e+00 -3.077746750149092492e+00 -2.280026688072063656e+00 -2.413199474192552429e+00 -1.501404844182085530e+00 3.112453701517052362e+00
2.433712624725446805e+00 2.636329518027193952e+00 2.301171039902603965e+00 -1.646175724416369723e+00 -1.862142405045533078e+00 -7.786672887777319474e-01 -2.428357088335186820e+00
2.935679467519729968e+00 -3.057910923090666699e+00 2.446520503779651357e+00 -1.130322987722906181e+00 -1.328163211005944255e+00 3.657867768167979428e-01 -1.722161505021383654e+00
9.612455100705048494e-01 -2.568656751002708738e+00 3.030545863000403628e+00 -1.216508422269438450e+00 -8.180541517686189534e-01 2.600616129534001786e+00 -1.065829633310587443e+00
1.313575476416107168e+00 -2.057025971897572525e+00 -2.598689321566704180e+00 -1.244471043463809989e+00 -2.901522743063040810e-01 -2.689977316677388153e+00 -3.405579726673015339e-01
1.895003447346044645e+00 -1.496859136729924433e+00 -1.970074689995938488e+00 -8.004294055410495767e-01 2.597635526880107126e-01 -2.018012113696178389e+00 4.709321235309633646e-01
2.437680336342394227e+00 -1.121237496756089413e+00 -1.381515149391526975e+00 -6.155526203921903861e-01 7.440527338109458322e-01 -1.441278264182216606e+00 1.335560979353386024e+00
2.928403180038881892e+00 -1.775055099470496334e+00 -8.269789541160561530e-01 -5.816915809720828445e-01 9.588266745572761041e-01 -9.116977129136468738e-01 2.269402139572541888e+00
-2.767851081092654209e+00 -1.555225496533185758e+00 -3.177577423391129696e-01 -1.136386171321574212e-01 8.710494647894508891e-01 -4.090166422228024845e-01 -2.523265685394022295e+00
-1.887755699444349844e+00 -9.013254174346441161e-01 -2.545729410723465702e-03 5.485135876633984164e-01 1.092228920947186044e+00 6.006333757411445873e-02 3.006220619635094904e-01
-6.887180243635346866e-01 -2.113275601258597092e-01 -5.034065745039628670e-01 1.208986078270117392e+00 1.545005258242766244e+00 4.653001271152303886e-01 1.250621930262741710e+00
3.939104127787034781e-01 4.286828492773068766e-01 -3.233854845634878128e-01 1.726783046951165357e+00 2.020826101494400451e+00 8.279324532357268396e-01 1.784649460130916188e+00
1.150492790420146072e+00 9.790477824118587469e-01 3.281107965741941745e-01 1.608214655740458188e+00 2.415308588696250869e+00 1.204901519756175210e+00 6.288380221190945640e-01
1.568024036771832108e+00 1.568927418325383183e+00 1.168018586906565792e+00 1.321491432767651464e+00 2.730610650584755827e+00 1.634911438662289829e+00 1.153961233808073805e+00
1.760597584209820932e+00 2.295521675858080979e+00 2.196984878882648928e+00 1.692099604142676572e+00 3.081739221181456934e+00 2.126862557095110073e+00 1.903537374858269571e+00
2.116199071188381353e+00 3.119178095548208240e+00 -2.799362861884855391e+00 2.163167707326933975e+00 -2.829216037429710617e+00 2.680283302501787368e+00 2.661764396208919248e+00
2.620494596827174227e+00 -2.301817781927242734e+00 -1.586848068012019164e+00 2.595403548324986431e+00 -3.009054317253276434e+00 -3.000564382510345851e+00 -2.889976897612334117e+00
3.105619426556609053e+00 -1.472217798537256872e+00 -7.048704598387173226e-01 3.008343291664408170e+00 2.391319654573413445e+00 -2.375637710927113400e+00 -2.155384189052271804e+00
-2.814250913140965871e+00 -7.162022290418373904e-01 -3.667549741104948746e-02 -2.776395601266337998e+00 2.691534783021472421e+00 -1.736331277667677364e+00 -1.227850114062043474e+00
-2.513282153007477149e+00 -2.888466093839114554e-03 5.127216164550776334e-01 -2.213422245208376715e+00 3.088745956727055653e+00 -1.092487340279819419e+00 6.286392248210014022e-02
-2.075771693344066193e+00 8.163771535840056437e-01 8.900506687103607595e-01 -1.696453606852056595e+00 -2.809787393880400330e+00 -4.653979007987171235e-01 1.391786552319193682e+00
-1.513261477989563897e+00 1.911307823563383135e+00 9.654203933822764760e-01 -1.497141214751083638e+00 -2.328015489910314706e+00 1.014133487091911368e-01 2.690685990599976485e+00
-9.192298071758125966e-01 3.123678060262593981e+00 7.953011692481903872e-01 -9.994680991580841001e-01 -1.561348930964246318e+00 5.225746180392122353e-01 -1.853565609321626395e+00
-3.518406629979036748e-01 -2.057508223623645716e+00 1.029441351373846958e+00 1.934140252603274712e-01 4.257672355062251668e-02 7.742354849831812880e-01 -1.173993444319284263e-01
2.544708918783230578e-01 -1.079435565412525166e+00 1.507988681102092610e+00 1.303157293875524037e+00 1.589680496031072199e+00 1.045374999724089315e+00 9.985297527429982667e-01
1.097770992121695377e+00 -2.224722873129121314e-01 2.046337156921711919e+00 2.221775412505035963e+00 2.431964643090636091e+00 1.447133349386574563e+00 1.882117793338651035e+00
2.094405059212096631e+00 4.750887516414121770e-01 2.508849480211896132e+00 3.021432886566977949e+00 3.089044533914407253e+00 1.868125090727928317e+00 2.644762868414002099e+00
3.029562417863410850e+00 1.151808979955299295e+00 2.701041154644671760e+00 -2.570444338649715110e+00 -2.616452892546653253e+00 2.223308028169694417e+00 -2.974979060827763089e+00
-2.432012099668215299e+00 2.126938175868717806e+00 2.806481296703882578e+00 -1.978172258937671346e+00 -2.070765060375566957e+00 2.614263962692545462e+00 -2.382572528085018959e+00
-1.728099704903437894e+00 -2.897467387426582164e+00 -3.104506664334896637e+00 -1.450989033397444672e+00 -1.532971885600834971e+00 -3.114597831330002009e+00 -1.803634746639633413e+00
-1.159039075717820388e+00 -1.725572571546934775e+00 -2.527075767267199513e+00 -9.164780027465861956e-01 -1.000365093123666727e+00 -2.378773647712333350e+00 -1.196013715339105499e+00
-7.699227480878628738e-01 -7.199688498297008854e-01 -1.873890576069610292e+00 -3.415417508143885339e-01 -4.918600297130859000e-01 -1.393845560845254905e+00 -5.741845931181257523e-01
-5.286068197215630926e-01 1.999745517477026502e-01 -1.102494104236076744e+00 2.517221486531637797e-01 -4.675945287500135605e-02 2.649194026537909918e-02 6.210849759199405656e-03
-2.441217832082971662e-01 1.109256604921554423e+00 -6.456367818054091490e-02 8.377192711805242498e-01 3.003227544785926906e-01 1.334275940296476115e+00 4.435039161827317722e-01
1.213974082382041492e-01 2.064069957723541293e+00 1.268401835881666218e+00 1.319640817085467877e+00 5.887174757970252692e-01 2.266051134444617698e+00 5.323059345202940662e-01
4.933583705557778032e-01 -3.112520489931003720e+00 2.485910733548016172e+00 1.334174613444985891e+00 9.390803321004478343e-01 3.036385103463449919e+00 4.531437948973382479e-01
8.183687260862736457e-01 -1.692376063398232100e+00 -2.860976505251866975e+00 1.087649997995616014e+00 1.398964514216099131e+00 -2.579995440735640244e+00 7.331881606177985677e-01
1.161621668246216821e+00 -2.753116374577493919e-01 -2.163691228666235755e+00 1.574137857422413189e+00 1.951643252258224548e+00 -2.137333218694572601e+00 1.224589125650532351e+00
1.563963751648426381e+00 7.620099286701605967e-01 -1.570295248815091416e+00 2.409997939855038851e+00 2.597076090573467777e+00 -2.604722260756082708e+00 1.762163807712939789e+00
1.884118108184775542e+00 1.527447840177093230e+00 -9.285413155221694526e-01 -2.447610927422664950e+00 -2.847371498751636310e+00 3.122045233921557639e+00 1.847581674753348002e+00
1.065480966729867252e+00 2.063660490423550709e+00 -1.787852901242485970e-01 -4.578465725831920574e-01 -1.338989152037551200e+00 3.009431463538361662e+00 3.111366853157784829e-01
9.904243776505056163e-01 2.519211446716978831e+00 6.606540834422761632e-01 6.648607457231727746e-01 1.427980091693312747e-01 -3.108782798890082244e+00 7.993693360094641376e-01
1.548972983890640309e+00 3.136162539749644651e+00 1.517600670037117627e+00 1.548390610088472341e+00 1.017140303208766250e+00 -2.633323517633764599e+00 1.316919898332834071e+00
2.183296797594513894e+00 -2.363382343266299923e+00 2.363374276337503854e+00 2.387074761143808121e+00 1.771925541932256820e+00 -2.075007853126501711e+00 1.793490191061472894e+00
2.787178107810084793e+00 -1.430387488307862220e+00 -3.124055160604884751e+00 -3.017302074647457477e+00 2.545391915657464477e+00 -1.571247919138239357e+00 2.288660671285801307e+00
-2.978421885332816821e+00 -3.536723360707211827e-01 -2.718458433134378183e+00 -2.063251131853308884e+00 -2.895737768265320700e+00 -1.259579588704610398e+00 2.874427653422234386e+00
-2.447111396408751638e+00 7.559082810135677732e-01 2.803711814133295732e+00 -1.071076315382663680e+00 -1.983641956432189213e+00 -1.145541715158632012e+00 -2.666141351388783942e+00
-1.701198173205813902e+00 1.601642060132001166e+00 -3.085078707618788663e+00 -1.383160245317219539e-01 -1.071172235949452212e+00 -8.863540764546466999e-01 8.627856810647207553e-01
-6.099893519135939357e-01 2.023036666548541085e+00 -2.229913626593009734e+00 6.941388724456604153e-01 -2.482579733539282962e-01 -4.066123571366156431e-01 1.751799467726569359e+00
7.746702646229708389e-01 2.406786717800339925e+00 -1.159352443252088305e+00 1.451758639410920315e+00 4.375314152607958640e-01 1.866727856030112320e-01 2.568524789172828005e+00
2.123113233238400177e+00 2.904171847160501585e+00 7.469518391836274529e-02 2.080305146826329388e+00 9.129440203111249819e-01 8.265224302257152544e-01 -2.863915545132196705e+00
-3.012657781358231812e+00 -2.937218071617358817e+00 1.280254997893236046e+00 -3.636377593291902355e-01 7.078439565486548402e-01 1.499974626290853985e+00 -1.993311117407362998e+00
-2.088989604505889108e+00 -2.496564868024044870e+00 2.350902693447416869e+00 5.448510689943776575e-02 8.957239226011011468e-02 2.247826654714211170e+00 -1.219363918659955193e+00
-1.413803071346568574e+00 -1.946132478856739123e+00 -2.968546085770160214e+00 4.112350699576423074e-01 3.497628052168274548e-01 -2.994562529481951785e+00 -6.196226887844684672e-01
-8.766724198711912663e-01 -1.248384780931251603e+00 -2.084154340767767621e+00 7.283850492937754550e-01 7.720722354567685075e-01 -1.299199334880457579e+00 -1.443975656604503943e-01
-3.254996226329378572e-01 -4.386726355976458547e-01 -1.320971232395306449e+00 1.003861023225102622e+00 1.162401825116196052e+00 -1.635383294587007541e-01 1.934562465902550099e-01
2.494179831517031043e-01 4.915023123007403738e-01 -6.876416552364177370e-01 1.132700889572768377e+00 1.321223723783512272e+00 5.487836186363279634e-01 4.345176678142888549e-01
7.987049158531812632e-01 1.935784504431920405e+00 -1.475898698066331616e-01 1.305931533099104147e+00 1.194440867360499148e+00 1.129956302935331447e+00 7.832487909942208448e-01
1.256882285552118894e+00 -2.598342320394390725e+00 3.101333275148114299e-01 1.710392232873759299e+00 1.345212844557727827e+00 1.656159110928243416e+00 1.266098650746694698e+00
1.626451664321093116e+00 -1.862911691079454091e+00 7.063675883682617451e-01 2.274207864832049619e+00 1.758121823298077979e+00 2.118276475910190637e+00 1.793200917770184866e+00
1.992350834112319724e+00 -1.343141653559372983e+00 9.394917737432915139e-01 2.920788091393134334e+00 2.244611088369686591e+00 2.122134429999644745e+00 2.263335395521040905e+00
2.398878570332890092e+00 -6.879839024853416918e-01 1.166679463094340896e+00 -2.679715670169030783e+00 2.725942723509739540e+00 1.367274367870951357e+00 2.563284092606358033e+00
2.798948718048990258e+00 1.381849799737689954e-01 1.580428699906752055e+00 -1.927362780731141534e+00 -3.097721335401296461e+00 1.765329686508423146e+00 2.720154794276848698e+00
3.127747011844642877e+00 1.657083216705288908e+00 2.168091292194236797e+00 -8.526086386959058627e-01 -2.643439948414360696e+00 2.428038189349492004e+00 2.977665991916905952e+00
-2.813792360127474801e+00 -2.129495445522612496e+00 2.917989824811616284e+00 6.472868063995771415e-01 -2.168389607383616635e+00 -3.085043780617942044e+00 -2.934850832172438917e+00
-2.327671245502818564e+00 -1.093477368090261415e+00 -2.027360802751656532e+00 1.350163188253557189e+00 -1.650869189399115644e+00 -2.141019223158706186e+00 -2.602628412754939280e+00
-1.640784668291009663e+00 -2.554820004042191450e-01 9.667526823957267590e-02 1.633392095448221282e+00 -1.025312401549360874e+00 -6.418024034585126936e-01 -2.355192128242280525e+00
-7.654828886515876452e-01 4.893185749035990351e-01 8.550660901304483197e-01 1.710778279920801781e+00 -2.439038825372046859e-01 7.876428785078707362e-01 -2.004574087739625643e+00
1.759142306775798581e-01 1.117955950239175600e+00 1.395469713038083537e+00 1.885025881736405173e+00 5.986277591097693973e-01 1.641401441441795450e+00 -1.339805981630262099e+00
1.032627854695270742e+00 1.724786650734415172e+00 1.962181603630516857e+00 2.274688185754754066e+00 1.391729278727125152e+00 2.343564042572425343e+00 2.458095982279735470e-01
1.804356723005245966e+00 2.407433404091028351e+00 2.605834018035112720e+00 2.779511965086059355e+00 2.099142567398456727e+00 3.028610826004416445e+00 1.610670961955745994e+00
2.546135372336833402e+00 -3.133492223653830511e+00 -2.994699160761510992e+00 -2.986268424811807876e+00 2.721202105333395238e+00 -2.567381259341130928e+00 2.227358387793773709e+00
-3.013585268670363249e+00 -2.394681452172396696e+00 -2.290356577974558938e+00 -2.488422261913734168e+00 -3.005277525201474731e+00 -1.888096280964460805e+00 2.801882923395785152e+00
-2.347629451698786784e+00 -1.793519233981516248e+00 -1.633063769985473312e+00 -2.012909082108354841e+00 -2.477452965915135863e+00 -1.253646133306089538e+00 -2.833696073928288595e+00
-1.796968490907485450e+00 -1.413462927996209872e+00 -1.035249358008389686e+00 -1.508589150969728676e+00 -1.946088627429790607e+00 -6.588680751678911429e-01 -2.132301399289441957e+00
-1.414209823590383719e+00 -1.030226971993574603e+00 -4.351210395736128667e-01 -9.607661285133137774e-01 -1.417313915578181760e+00 -1.003525960320503403e-02 -1.414770576461211959e+00
-1.032761847009382672e+00 -4.295686933704424004e-01 2.069811851375261691e-01 -4.077253760600959565e-01 -9.218033942268335501e-01 7.213333145573033178e-01 -7.023303843288312143e-01
-4.967374239429808713e-01 3.257934108333545020e-01 9.666192141025196083e-01 8.731073028592403751e-02 -4.877229643030060457e-01 1.503476364868081561e+00 6.248913475526241901e-04
8.714827919834028380e-02 1.137133952811533844e+00 1.820335007540212491e+00 3.175312247967048140e-01 -1.219977447380615476e-01 2.283252217681173146e+00 7.028001929018818927e-01
6.023487342147888501e-01 1.975090550405392831e+00 2.853430300597313174e+00 -1.408049154698605143e-01 1.835770421533206853e-01 2.750802158815987219e+00 1.440853385431904554e+00
1.021389776465814414e+00 2.820740006237066666e+00 -2.131050999349078712e+00 -3.764673535617347744e-01 4.068212380712347143e-01 7.710968493228447240e-01 2.331349949387671927e+00
1.572064750452377924e+00 -2.621842667766800083e+00 -1.208505146035889100e+00 -8.672035098215093163e-02 5.619892831248666232e-01 1.484522155228113149e+00 -2.432423054591217770e+00
2.381168165808877024e+00 -1.729180446922566006e+00 -6.965010630892852772e-01 3.524770993621917925e-01 7.534888296298447585e-01 2.132614248477326502e+00 -9.204474446270065613e-01
-2.818466041845872017e+00 -8.497671337479613118e-01 -1.851696168007981314e-01 8.783507282476168410e-01 1.037987548758390055e+00 2.669698188704819231e+00 -1.758768947879741362e-01
-1.606928069180352026e+00 -5.855168109090153061e-02 3.336551934682682186e-01 1.435649643599574254e+00 1.357333435692386070e+00 -3.132626500210979881e+00 8.644338454425411211e-02
-7.145481534514238620e-01 5.809602246509795176e-01 8.367978144678995811e-01 1.982146978942328941e+00 1.651991033089270422e+00 -2.610543712363698976e+00 -4.342509451055608094e-02
-3.075905303604557495e-01 9.081259935051381182e-01 1.229562668528874081e+00 2.376285700796509026e+00 1.907210982840991997e+00 -2.017308898244097204e+00 1.563561701557981964e-01
-1.213339529961404012e-01 1.150710639835413662e+00 1.556634787944479736e+00 1.556950817165499101e+00 2.096661299169299220e+00 -1.434446627684364595e+00 6.087612231769652382e-01
2.218724488895982838e-01 1.630514275304469685e+00 1.903178265416916037e+00 1.234066975797019294e+00 1.963556114618240089e+00 -1.000404165030255532e+00 1.103635167772955450e+00
6.646378696833153965e-01 2.240524587389891575e+00 2.274496244749232510e+00 1.532464513772855419e+00 1.593190490120000025e+00 -8.390405825379169125e-01 1.553631900557506773e+00
1.029342250159379857e+00 2.811727971751786903e+00 2.611592847840083831e+00 1.860936442377661093e+00 1.821036045877471699e+00 -6.365169513270733104e-01 1.928473888645531709e+00
1.272804741196462919e+00 2.960757610080994251e+00 2.850688124026187431e+00 2.256134206075670612e+00 2.324477893055063138e+00 -1.737837433508880036e-01 2.290425359825305041e+00
1.514702234320588703e+00 2.705942016928733818e+00 -3.127316170484678803e+00 2.799688144819440616e+00 2.918839071152645737e+00 3.825836234774318001e-01 2.749655839652583644e+00
1.853892960091775066e+00 3.074920607599489042e+00 -2.690574851239680765e+00 -2.806442304318013559e+00 -2.747728159001827652e+00 8.980726489120706146e-01 -2.909236683285504554e+00
2.224129123318927537e+00 -2.589925470130761465e+00 -2.130302199700744303e+00 -1.946908961577929809e+00 -2.141637722550372214e+00 1.109660376348304833e+00 -1.924606957349442427e+00
2.529860585587094590e+00 -2.014855664434429539e+00 -1.579306543671540997e+00 -8.998406430871462858e-01 -1.561100370986674868e+00 7.999331793227016929e-01 -6.397204439089262396e-01
2.817689380491017914e+00 -1.783361281579221691e+00 -1.305739343648497197e+00 9.155807386107119028e-02 -9.838891378358055606e-01 8.594823060271147286e-01 9.588065359143217725e-02
-3.089256669224814011e+00 -2.002292087480595839e+00 -1.641258847683739086e+00 7.411063289464037140e-01 -3.937474898440310733e-01 1.191376296208740859e+00 5.500481041103741919e-01
-2.690570167538519186e+00 -1.635780150391424659e+00 -1.349120602186030249e+00 9.930886901708256831e-01 1.910732866005144526e-01 1.562923787421107491e+00 9.398584248380131845e-01
1.382079571452898836e+00 -1.023625587295631689e+00 -6.903185174845495320e-01 1.235074145939663470e+00 7.625184778969307242e-01 1.958735713318382032e+00 1.316443006885905209e+00
2.010935761107754960e+00 -9.990304103760728749e-01 3.716878094779222513e-02 1.629371460889763146e+00 1.330046719887019169e+00 2.398164756117596941e+00 1.710242792017979019e+00
2.666934313076997132e+00 -2.551626469447087597e+00 1.001488678404756749e+00 2.188715182587554597e+00 1.929060061840845330e+00 2.879596479378680574e+00 2.202643538110371946e+00
-2.977483217086531297e+00 -1.927279494884590383e+00 3.099624883916363594e+00 2.948061971229210876e+00 2.606834734547875954e+00 -2.871459660877745179e+00 2.843309685946169729e+00
-2.368758168281044796e+00 -1.292602278482665401e+00 -1.677417238660219967e+00 -2.355801119705292823e+00 -2.846083710203015205e+00 -2.296266845266376588e+00 -2.660577428275868517e+00
-1.719737957837158548e+00 -6.370689391522824652e-01 -8.538459176132614514e-01 -1.173872680919812117e+00 -1.761506728830965374e+00 -1.665881215385935699e+00 -1.772916416303538023e+00
-9.937921234371911439e-01 8.435504849568215002e-02 -1.680919856105280441e-01 -1.164174900123250700e-01 -6.569851188415694043e-01 -9.837088417996749934e-01 -8.646506816679930818e-01
-2.244979403965342568e-01 8.307229527012417458e-01 3.788980613993616631e-01 6.720997494557811036e-01 1.364874394064440333e-01 -2.406315561522607838e-01 -4.931091772511730920e-02
5.286614825103522763e-01 1.586868745213562359e+00 8.599865622432925072e-01 1.311833322876527985e+00 7.303408662686800001e-01 6.984743850709425050e-01 6.432088419680810354e-01
1.189695287590419426e+00 2.248171827799470446e+00 1.266784772419227156e+00 1.886569027218276906e+00 1.261536868697397562e+00 2.131140689777579755e+00 1.245906724297147328e+00
1.743174225975860248e+00 2.704353670208963223e+00 1.692466126329731813e+00 2.477964863408737894e+00 1.793305869043816836e+00 -2.707742158272572031e+00 1.782003542706481536e+00
2.256725913261851346e+00 -3.136892901695234492e+00 2.173759758771677486e+00 -3.131880270827555712e+00 2.323553137727544460e+00 -1.720201844897876420e+00 2.195561824624341352e+00
2.829041724351204934e+00 -2.540371099982082104e+00 2.678754512990867642e+00 -2.403838936857805919e+00 2.823034724179092070e+00 -9.424133775211556152e-01 2.353544645758862242e+00
-2.789767630215554739e+00 -1.646787054546336115e+00 -3.090171418075626786e+00 -1.639274619150882462e+00 -2.993606911930102310e+00 -3.152083606861726950e-01 2.493658789335259307e+00
-2.101095959647961919e+00 2.230930723385041170e-01 -2.708962293952384304e+00 -1.148296160050550796e+00 -2.490105105978346778e+00 4.882049791688457263e-02 3.034536623599681793e+00
-1.462252016628830642e+00 1.935326195842999919e+00 -2.449451277786833803e+00 -9.113862051164979272e-01 -1.846314374603512443e+00 -1.918686355137174671e-01 -2.300780459295378666e+00
-9.891821651675054561e-01 2.773036331962214440e+00 -2.278864748764290127e+00 -4.062619521730080896e-01 -1.123120731708313613e+00 -4.999601214812876560e-02 -1.066944480406076590e+00
-6.446434314792122144e-01 -2.893286938686393306e+00 -1.939882960522053557e+00 1.377930953247581691e-01 -4.503579415468861313e-01 4.895305311796773751e-01 2.785782760924004463e-03
-1.988808211918335900e-01 -2.513781885070855093e+00 -1.604622091035607045e+00 6.287015955414154700e-01 1.275966332678375448e-01 1.152956256945351754e+00 7.118770656844833900e-01
1.880483653818833811e-01 -2.210554542951887136e+00 -1.430660747583621939e+00 8.745236580867877807e-01 6.234357037333340124e-01 1.840113240633702407e+00 7.045632489153083045e-01
7.495813402401042824e-02 -1.830364436766736880e+00 -1.367833331091527604e+00 9.290542019819395536e-01 1.077563789675738404e+00 2.504118808623819081e+00 2.973679273258785782e-01
-2.639614170033655061e-01 -1.374686424678894348e+00 -1.134796425672624398e+00 1.092711704014577512e+00 1.497648774457824405e+00 3.049155367155308216e+00 5.955548741951044445e-01
8.080320367877615040e-02 -9.742578961802906834e-01 -6.048582332989503874e-01 1.403180097383032399e+00 1.835121828826067336e+00 2.800548355527434197e+00 1.023412406514588202e+00
5.146575866700262569e-01 -8.004289858944766411e-01 -1.014992200371756248e-01 1.643346331161906759e+00 1.863974128723688839e+00 2.977916741931667222e+00 1.402917223959553983e+00
8.724277186829164643e-01 -7.903259071008387204e-01 8.307203849580924171e-01 1.645288846426619100e+00 1.322472045854999001e+00 -2.192541653566622895e+00 1.675026816868610435e+00
1.053144291058671689e+00 -1.069854841517384525e+00 2.865538988569023893e+00 1.507064880705000443e+00 1.193041063652215295e+00 -1.162035537735672586e+00 1.762828265955122875e+00
1.236226839331757255e+00 -1.586819538945411612e+00 -1.821962225323930706e+00 1.368572603116660957e+00 1.317978183514135759e+00 -3.890502086610662102e-01 1.478073826262656043e+00
1.468021774457386908e+00 -1.364402916954088774e+00 -9.883471747765574245e-01 1.146707395992326850e+00 1.437839991999315670e+00 2.702217048981541692e-01 1.213344842698431680e+00
1.373596652838450227e+00 -8.305352256824318768e-01 -2.922957313178663474e-01 1.135038855494486798e+00 1.564297392015955968e+00 8.990122801613367187e-01 1.411908329338113388e+00
8.539373842801222247e-01 -2.483928745664088500e-01 5.248804873904169832e-02 1.252494557408278419e+00 1.651643166821662234e+00 1.486619159469358520e+00 1.785087652150329385e+00
1.021044828729882559e+00 3.408128360893642461e-01 1.714341565134232526e-01 1.300759902177279770e+00 1.411132972500334093e+00 2.000110240682031471e+00 2.112750024813096594e+00
1.343723700089205053e+00 -1.609622150529278484e-01 -4.585729286079504030e-01 1.303524498289922340e+00 1.089241163971679471e+00 2.308595405346411944e+00 2.099577265490274680e+00
1.552207660024538027e+00 -1.262576396044843730e+00 -2.858009499948006571e-01 1.489259580162304752e+00 1.203078571005117947e+00 2.086967087459155934e+00 1.766354811363864963e+00
1.561933409497276104e+00 -9.146920869661516740e-01 -5.852138249447191853e-02 1.798831413432000259e+00 1.481332887277182486e+00 1.966539589773611318e+00 1.777418450603729161e+00
1.609439594382867211e+00 -5.688745289663746929e-01 2.775235222572383642e-01 2.124226500274181362e+00 1.790083513995936126e+00 2.185432456222999420e+00 1.795991734974412557e+00
1.787871237343767294e+00 -3.999992581633075583e-01 3.194827374273920273e-01 2.445323061506757156e+00 2.092300848815908942e+00 2.257678389846782263e+00 1.687863736391008507e+00
1.994604658548310594e+00 -3.518232884403459382e-01 2.877125695618735768e-01 2.759973181191198499e+00 2.371461560282297931e+00 1.792511906181147863e+00 1.757960849109625689e+00
2.210799645204736041e+00 -5.154314987857501196e-01 2.445389133889937505e-01 3.114591944076305907e+00 2.617660680350876401e+00 1.722892963873157157e+00 1.965662281092509067e+00
2.405328463826884366e+00 -3.719372831829664272e-01 5.599061381728225317e-01 -2.915712093729558418e+00 2.819331526265590693e+00 1.966703843867145363e+00 2.167611785294700777e+00
2.603952841149728581e+00 -1.402182765589173596e-01 8.967283035292493709e-01 -2.881746106593599865e+00 3.006621659414817405e+00 2.343485631367531408e+00 2.369944734832917455e+00
2.710272055055412466e+00 1.301497956180892590e-01 1.236593490900401937e+00 -3.125915084680121137e+00 -3.085129365609993179e+00 2.791336523179209994e+00 2.597025027838750333e+00
2.834146244176610097e+00 2.264819608427787734e-01 1.295273628465399174e+00 -3.044170818960516556e+00 -2.889610980429661691e+00 -2.932315815005560822e+00 2.802624505188059612e+00
2.365233939313019285e+00 4.643302254098068960e-01 1.168818334883143795e+00 3.030310543029836268e+00 -2.737849775895330851e+00 -2.319049005670238195e+00 2.891446342542681069e+00
1.283857941621230347e+00 7.510743077729469253e-01 1.170498158973197089e+00 2.777820360752980999e+00 -2.582853071626638908e+00 -3.566546121897639643e-01 2.967910563862657281e+00
1.396909243007721013e+00 1.165596422421124823e+00 1.383806779914560137e+00 2.474363178109979522e+00 -2.354781586996296472e+00 1.276730877044395474e+00 3.123527622939468618e+00
1.670439212880813651e+00 1.540468898692464617e+00 1.564161764540251909e+00 2.340784605679112396e+00 -1.964690389186208863e+00 1.651188372960500361e+00 1.815937298785513798e+00
