-1.601602407698012653e+00 -1.574516861514871024e+00 -1.586620037961727903e+00 -1.626724035061421381e+00 -1.568703229129695842e+00 -1.616714356320059665e+00 -1.596169224890913618e+00
-1.001136549919919183e+00 -9.529335285262178212e-01 -1.023211952730330943e+00 -8.973521987545358680e-01 -8.534481751818776551e-01 -9.425413238443014485e-01 -8.236315615522488143e-01
-5.834460324320140945e-01 -4.041501365326233275e-01 -4.901263024103362786e-01 -2.481289794731391107e-01 -2.561937937746864846e-01 -3.818586455636436838e-01 -1.182571581945005834e-01
-2.596369812586107328e-01 -4.174697048862396898e-02 -1.501195571566736331e-01 1.366776714503302737e-01 1.260795710555670801e-01 -5.045935679832892762e-02 3.871857125452453641e-01
4.993677942981018109e-02 3.229307633540783873e-01 2.507819820227122354e-01 5.737014630183217001e-01 4.714461653908155192e-01 3.280776690043406552e-01 9.193467083159821973e-01
2.967476160277970898e-01 5.494791986044099685e-01 5.195252135604817578e-01 8.316498789879759324e-01 6.394174829165928386e-01 6.075914386707371717e-01 1.367089202875500398e+00
5.601425332015309566e-01 7.519579561066636053e-01 8.120920692805729812e-01 1.038218226055803939e+00 8.141047434259354176e-01 9.364720986807308911e-01 1.812704332449603273e+00
8.273286054058988093e-01 7.351601612825725551e-01 9.107908567058584648e-01 9.355199521458732459e-01 9.675971995553148686e-01 1.180434503394893309e+00 2.164439464121875822e+00
1.081396938308262445e+00 7.344091329092601317e-01 1.001533173674494126e+00 9.471340702834332159e-01 1.166013016207109620e+00 1.356577843261987271e+00 1.160737046463159450e+00
1.261129947277380925e+00 8.810188556489723100e-01 1.173935434281877743e+00 1.143127640974799242e+00 1.337680681071074407e+00 1.365863955494285964e+00 5.619538720535961485e-01
1.383723566031922037e+00 1.183779600078222805e+00 1.503436828924266333e+00 1.467685683687893761e+00 1.507151358432027966e+00 1.327435778439952863e+00 5.415721290123186593e-01
1.517910386581014848e+00 1.431094161739919768e+00 1.820151770002029101e+00 1.652033137457542322e+00 1.658025074059760628e+00 1.327491363751943432e+00 1.180275383644516368e-01
1.709869292861230239e+00 1.479097005034293755e+00 1.906433529143338523e+00 1.478580144146153685e+00 1.788893555069151597e+00 1.469035701558738305e+00 3.858673206759294372e-01
1.941410308706575938e+00 1.322272086831394189e+00 1.736602359616212343e+00 1.460106583403584235e+00 1.931690245090372571e+00 1.745214182532438540e+00 8.523451735457749923e-01
2.168577261231341868e+00 1.364110568982896954e+00 1.805546340952921325e+00 1.821382695469965229e+00 2.050043546485840640e+00 2.128717184496209835e+00 1.443587369193199743e+00
2.360136937105115518e+00 1.527750210282761145e+00 2.309772783190810141e+00 2.316224478353699379e+00 2.095318188673277682e+00 2.727837407754184706e+00 2.030371639169243014e+00
2.447120170438003228e+00 1.555970030825917672e+00 -3.050134408346750536e+00 2.672779431616171042e+00 1.890510189522687901e+00 -3.041594174043484311e-01 2.439564116547145556e+00
2.395276881820350035e+00 1.249748728869593428e+00 -7.074106459965208149e-01 2.702497315279300594e+00 1.817056121838406035e+00 3.521235972503828360e-01 1.792810469824580588e+00
2.312332741112522072e+00 1.264779582161692062e+00 3.226235186038242109e-01 2.565572134447296815e+00 2.030216596840631382e+00 9.916022863658886521e-01 1.660547876884297613e+00
2.463560901243901480e+00 1.660067985866901852e+00 1.085030591113369081e+00 3.080340119427249501e+00 2.466097003177131874e+00 1.609567802044864937e+00 2.290722328055776913e+00
2.818992448524472838e+00 2.266984047641286359e+00 1.926911358633079052e+00 -2.519911039209932202e+00 3.012684072664505663e+00 2.284906647055618745e+00 3.062330227459858278e+00
-2.947951731743815973e+00 -3.088735569791772217e+00 3.058869506807071481e+00 -1.696144280215456934e+00 -2.494519948713576962e+00 -3.097458190725361771e+00 -2.253045867541983771e+00
-2.302535666191921848e+00 -1.585574829699504251e+00 -1.668847478235727877e+00 -8.983329314394337128e-01 -1.476289187753046184e+00 -1.828490055429774275e+00 -1.162613703534924436e+00
-1.513012410105077254e+00 -5.018394013905081996e-01 -6.361381883082435351e-01 -2.062584488477507416e-01 -3.536867761374693497e-01 -6.610678202259601122e-01 -8.714925636092991923e-02
-6.423255643814749227e-01 1.118024036104600522e-01 3.629503844139801705e-02 4.722073870222433523e-01 5.957859933029355792e-01 1.578640611145877004e-01 9.733711379731633251e-01
2.091612291195320550e-01 5.863025300559890907e-01 5.825112778671496239e-01 1.085030208741890823e+00 1.396497878758317324e+00 8.169101665119133937e-01 2.076522969402903041e+00
1.012312773000761501e+00 1.082740800103336287e+00 1.150982117256226012e+00 1.744823445705972809e+00 2.434995701217385733e+00 1.468093534017664403e+00 -2.958989978719035463e+00
1.771418447473347202e+00 1.593004639502935360e+00 1.720019318237661965e+00 2.599570401663632957e+00 -1.794447463516629426e+00 2.124970442772594836e+00 -1.768380635549787305e+00
2.528707391938299853e+00 2.127722727926037560e+00 2.312956153232744949e+00 -1.286699725397054017e+00 -5.951083732280360028e-01 2.808044409189310642e+00 -8.413678534332607040e-01
-2.878671346377516649e+00 2.686972798596857892e+00 2.988175263078427957e+00 -1.926096908304630595e-01 1.620316747025480897e-01 -2.441912133271771701e+00 -8.836063840813927761e-02
-1.392817085422840329e+00 3.109225091620907655e+00 -2.379124860591890656e+00 4.798222230112726971e-01 8.542082763107363697e-01 3.237004097802347879e-01 5.911394102879797829e-01
2.659985449624158727e-01 1.135618353699428429e+00 6.805712185819207116e-01 1.046960913254866066e+00 1.500616998664727308e+00 1.143194847468047337e+00 1.185940816526665609e+00
1.169940262429786326e+00 1.647239232709113876e+00 1.551594614173862796e+00 1.670872273604912861e+00 2.137482659745788549e+00 1.732603754349876235e+00 1.740084096729656027e+00
1.889058992973905893e+00 2.296274424994193541e+00 2.269516426538533249e+00 2.362759436460351026e+00 2.793122255726720571e+00 2.184024360770284279e+00 2.250506840144791632e+00
2.559510193147672030e+00 2.946582656882906104e+00 2.911543136351351979e+00 3.110094223004988390e+00 -2.818865476263897385e+00 2.523032988100801344e+00 2.535441328467159749e+00
-3.063204280583076589e+00 -2.719360995446673979e+00 -2.836467265175586228e+00 -1.657231636247147533e+00 -2.064632563881066751e+00 2.929026528295448184e+00 2.246629330510690803e+00
-2.413136658966088088e+00 -2.278015421939645346e+00 -2.716598859125233467e+00 5.262759550668008046e-01 -1.264450759757042908e+00 -2.860357083265931077e+00 2.433581124536409401e+00
-1.769651536918227519e+00 -2.134902724856422296e+00 -2.760932585530103900e+00 8.987769201353523751e-01 -4.957280906147042976e-01 -2.208949073246950778e+00 -3.043142268576735976e+00
-1.157297882686452839e+00 -1.997554273527305524e+00 -2.474807358418861458e+00 6.643016695932212334e-01 2.069648610769450059e-01 -1.466348292226914429e+00 -1.991665559243571471e+00
-5.985538917530783820e-01 -1.580926408981740527e+00 -2.050628067180336966e+00 3.681279698749856943e-01 7.508486456324373615e-01 -6.668561629362930177e-01 -8.721244881201387633e-01
-1.149653955821627743e-01 -1.198361334845313930e+00 -1.747624045726688946e+00 -1.525024354776313984e-01 1.066184616543754737e+00 1.587400800158250136e-01 1.058235561752538184e-03
1.842160302943024741e-01 -1.071667522164970965e+00 -1.387213257016329138e+00 -2.834729966165112636e-01 3.687927884166917192e-01 8.314996098150934101e-01 5.368545637167342344e-01
7.457141985209392310e-02 -6.861448572157541337e-01 -8.813331289921744194e-01 1.610825113134673470e-01 6.819076952257255297e-02 2.029052915276495561e+00 9.546166192353472413e-01
-2.631226895189134329e-01 -2.974202475729060824e-01 -7.912395352664459702e-01 5.605303149927601813e-01 3.192354915271697902e-01 -1.539688782639604847e+00 1.287537539371291562e+00
-1.833927451779475137e-01 -1.775391867508724131e+00 -1.565380450297139125e+00 9.051202198904713114e-01 7.080749292970716091e-01 -7.416420086113720833e-01 1.516703971552106900e+00
1.046328349647057537e-01 -1.227876822850991978e+00 -1.138071258671914610e+00 1.180901874931644224e+00 1.117565220536270498e+00 -4.637074875914797001e-02 1.614637382430205381e+00
4.855809491485509888e-01 -5.323649710372700961e-01 -5.360549408183524767e-01 1.492289035488696181e+00 1.548472529068729342e+00 6.461394982281266630e-01 1.733223088793407474e+00
9.027764944425232807e-01 3.618170356677403998e-02 1.677573399509792521e-02 1.756494726028809295e+00 1.976955438917348706e+00 1.285139500622647368e+00 1.908671450891310295e+00
1.351928318169380860e+00 4.660676293153013794e-01 5.855682052686315142e-01 1.922080534959682785e+00 2.395302731212130887e+00 1.909899126693080040e+00 2.227428217449462178e+00
1.837140220618932229e+00 6.792221931108572974e-01 1.152039246389951144e+00 2.171238012796843364e+00 2.849795700761557526e+00 2.565295669560411440e+00 2.805255453778525254e+00
2.375636298575618977e+00 8.311146070363182314e-01 1.698485712357433508e+00 2.536119615568913854e+00 -2.912468251216150161e+00 -2.977536644119240350e+00 -2.751215899789559050e+00
3.021897085037561492e+00 1.012534189339307833e+00 2.094029362601368405e+00 2.955039090669180357e+00 -2.175525216690136876e+00 -1.977803635477958677e+00 -1.948194105386578334e+00
-2.266193107002648865e+00 1.369825791352145217e+00 2.274690001538369977e+00 -3.086894511394836282e+00 -1.119235526609794196e+00 -7.716605218624152940e-01 -1.178794178166714612e+00
-4.726882411300432629e-01 1.845462816643462345e+00 2.588478033556370850e+00 2.835355518480609849e+00 -6.411565454661935504e-02 2.397703193407758893e-01 -5.262157147836644677e-01
5.354826092971558538e-01 2.322725079407796489e+00 3.000036220891832972e+00 1.357522402301618580e+00 7.358721322567477463e-01 1.045962108327757045e+00 -4.962201291698149427e-03
1.133078019873942077e+00 2.680137531859250188e+00 -3.012547241641639229e+00 1.560234725309786796e+00 1.381456309952199923e+00 1.724792383551623898e+00 3.996306264504156935e-01
1.602217006458756421e+00 2.854618109792748104e+00 -3.033260014193913889e+00 1.922808144397331276e+00 1.986457280643836532e+00 2.342161390446735769e+00 7.898157529492889628e-01
2.001875690428596588e+00 -3.041133069468641370e+00 -2.609173352381569888e+00 2.324060546337210376e+00 2.592579860872965547e+00 2.935794781195633085e+00 1.146656959466960668e+00
2.289441000861423881e+00 -2.453288893258962489e+00 -2.016028859297253728e+00 2.686583808270373464e+00 -3.075618562202113715e+00 -2.813663599857200381e+00 1.464227323792110624e+00
2.246944888346358304e+00 -8.383607240960989637e-01 -1.441710040392228498e+00 3.038050107683921475e+00 -2.350664358090719830e+00 -2.345047074933705566e+00 1.669662501833501844e+00
2.016584861324462352e+00 1.384342200757814112e+00 -8.965111582503354493e-01 -2.926374669393284389e+00 1.106024137191493131e-02 -2.439751749723461760e+00 1.732170538055583409e+00
2.203856988208419576e+00 1.940154513016599802e+00 -1.200359503280691714e-01 -2.566549683943652127e+00 1.783323986297452146e+00 3.074523506313306509e+00 1.853290171874808490e+00
2.598721808208649620e+00 2.440421549135892931e+00 9.403713011327753390e-01 -2.171401371390326407e+00 2.625379975407770683e+00 -2.866748291332191112e+00 2.178279883718574617e+00
3.065166092647459095e+00 -3.134157499007786285e+00 1.848379011967661745e+00 -1.670608015718295869e+00 -2.767089057091802751e+00 -2.237882161024812522e+00 2.627883887157829168e+00
-2.726656922212009171e+00 -2.163505055521240283e+00 2.433354418984159828e+00 -1.094541183234744253e+00 -1.779129252925651272e+00 -1.568863474206967812e+00 3.097024617280400349e+00
-2.224417032901760294e+00 9.809200851630640594e-01 2.774986316139191889e+00 -5.660811672255287030e-01 -6.360388039476101429e-01 -8.850225072188950826e-01 -2.652541833156015105e+00
-1.739911018331035564e+00 2.079941758399631802e+00 -3.109918793253655167e+00 -3.418737504260040416e-01 5.336464356146812804e-01 -1.830590741650865994e-01 -2.014888954267782584e+00
-1.288566735669077312e+00 2.969940759842804479e+00 -2.556252105747507386e+00 -3.548735033264091010e-01 1.511328430691330160e+00 4.902349668847583719e-01 -1.268978710912197716e+00
-8.815923557579907754e-01 -2.542485925107951239e+00 -2.110995744905333371e+00 2.482571758490507430e-01 2.345253906802902577e+00 1.132337141895579880e+00 -4.717207293433338111e-01
-5.189651918329436509e-01 -1.835010487594779471e+00 -1.731834123530580083e+00 1.135088708125381984e+00 -3.117527398006380679e+00 1.205297050906954270e+00 2.935807739235362646e-01
-8.490341611049040393e-02 -1.129855530346905335e+00 -1.235477565936677236e+00 2.132122585886697230e+00 -1.893883493150271269e+00 1.146762301677856782e-01 9.686670155891788925e-01
5.023982412969743017e-01 -2.764150670203057714e-01 -6.115392873429762455e-01 2.958477106346929286e+00 1.082050165381930551e+00 6.292119502967726818e-01 1.516910858601151713e+00
1.207838881494667671e+00 1.145660549755214141e+00 4.733838727775656341e-02 -2.745267523649263630e+00 1.952382384612732835e+00 1.363806376047094426e+00 2.061259972690864029e+00
1.960160372652288929e+00 -2.758726396965956340e+00 5.871168332150970004e-01 -2.156795070014243088e+00 2.731692785147707969e+00 2.160005116906814404e+00 2.696532818476314652e+00
2.725620160261440272e+00 -1.497196166213108803e+00 9.452405463054363022e-01 -1.543392023661174672e+00 -2.806156697119845056e+00 2.993206533971251471e+00 -2.897741865298075759e+00
-2.791737802901486987e+00 -4.935096787393526974e-01 1.262458213651906025e+00 -9.172379677055672031e-01 -2.055175721285797508e+00 -2.405175455310067711e+00 -2.142469794274894923e+00
-2.039960641894329019e+00 4.956995247476778110e-01 1.838434787037118268e+00 -2.882126424743722826e-01 -1.301404142103872452e+00 -1.515509932199073484e+00 -1.343968883111667179e+00
-1.307433295586275968e+00 1.592071102461330323e+00 2.816589175702951753e+00 3.231235983989627636e-01 -5.471732131755028261e-01 -6.416253825105466824e-01 -4.968444628434468546e-01
-5.943332937414120831e-01 3.116733861709367837e+00 -1.917286689430164781e+00 9.151878282848455726e-01 1.932635949708827183e-01 1.964637852428470222e-01 4.403967667494625982e-01
1.224129058332366904e-01 -1.987545420261768836e+00 -1.383853867388742831e+00 1.290274351822872756e+00 8.044521826304728007e-01 8.818856581793464988e-01 1.642693739564033972e+00
9.780010688553919529e-01 -1.162720506120646258e+00 -8.612714345586162112e-01 -9.603319149124723772e-03 -6.687734143211286897e-01 7.948833024193679986e-01 -2.543861344573913552e+00
2.492013773819186095e+00 -3.629627143968804925e-01 -1.582937354661265172e-01 2.131174702543678634e-01 -6.459644034813455393e-01 -1.757941211777861584e-02 -1.215867086499799354e+00
-2.262833037630718636e+00 4.736271942901001397e-01 6.238920276069834792e-01 7.816698087869585754e-01 -1.773126200803480379e-01 5.130470289965359809e-01 -3.837852951743278562e-01
-1.412859305545169253e+00 1.337004476049049595e+00 1.411188742530774309e+00 1.335155731248747646e+00 2.156538661368291032e-01 1.075903261242716180e+00 2.162805513248924338e-01
-7.484405077238811543e-01 2.243789929376666326e+00 2.186702497456924910e+00 1.770111712321560171e+00 6.005978412963988156e-01 1.584639063931453373e+00 5.605396250934648883e-01
-3.847714726734184354e-01 -3.091821200205429054e+00 2.891670848322091203e+00 1.885684274461063570e+00 1.030685761715085302e+00 2.018401156308450073e+00 7.052340700726367206e-01
-2.759379458733985491e+00 -2.168262893029144323e+00 3.116429554379540168e+00 1.722338195882104017e+00 1.519548893476849072e+00 2.510464540687982193e+00 9.894548373934038965e-01
-2.259295215666367262e+00 -1.362839169132963768e+00 2.794329481776687274e+00 1.804404631536691728e+00 1.979150890169000698e+00 -3.097076693373636669e+00 1.369522105786258104e+00
-1.796787807325455066e+00 -7.448040764010057657e-01 -2.936889969068838813e+00 1.989228427098365559e+00 2.280239891610746916e+00 -2.366296365870867557e+00 1.704751103282466485e+00
-1.369034084051491185e+00 -1.838708593903411459e-01 -2.173593431408873400e+00 2.210799446819430081e+00 2.485444638362080738e+00 -1.723250194045915951e+00 2.000123268029641466e+00
-9.853453507055672800e-01 5.773526513794026149e-01 2.914857745661253663e+00 2.586031495573815953e+00 2.881390348015294922e+00 -1.919549057804121217e+00 2.399139458696168070e+00
-6.771519261716631988e-01 2.283748397674110642e+00 -2.782852805737616286e+00 -3.119912843495932453e+00 -2.780629558785968403e+00 -2.085632159823006315e+00 2.932616377583150857e+00
-4.547180437504557138e-01 -1.886359593637512821e+00 -1.897595119474261072e+00 -2.396834866662262531e+00 -2.050514119296614091e+00 -1.526177560558057644e+00 -2.758062964324464073e+00
-2.171309559098795194e-01 -9.664122793783687104e-01 -1.028454422307217619e+00 -1.473535905308444693e+00 -1.224280316796666046e+00 -8.620163978591043330e-01 -2.183319226715942474e+00
1.396288709515564330e-01 -1.823521050905689278e-01 -2.112939720512920505e-01 -7.850826736896504565e-02 -2.119567032277131780e-01 -2.052338712089907813e-01 -1.891023285547233979e+00
5.852412060323294307e-01 5.399049192931110186e-01 5.382149154219272313e-01 1.617943233405122916e+00 1.336513374948485211e+00 3.947912680603165581e-01 -2.498092210949932834e+00
1.061586339442102123e+00 1.213111749692259655e+00 1.221294792918661498e+00 2.764307558655632491e+00 2.968351635813967881e+00 9.410963224367149271e-01 -2.295113210162213591e+00
1.521372641774341172e+00 1.826463571043694500e+00 1.827159136375328563e+00 -2.588740366491300904e+00 -2.236063182973879737e+00 1.427295706660834718e+00 -1.705304875085587701e+00
1.909549803119614531e+00 2.382780073748187011e+00 2.375740405702248204e+00 -1.714967735616940381e+00 -1.321685700154474619e+00 1.820154695766254216e+00 -1.052808019370744308e+00
2.117725840261874826e+00 2.929547465771805026e+00 2.942545364421210952e+00 -8.290621005806602106e-01 -4.297852142594414948e-01 1.839550978829348704e+00 -3.971329878990251250e-01
2.111887323468525146e+00 -2.681111274616756468e+00 -2.621226054841832465e+00 8.360009536304144340e-02 4.716532719970182863e-01 1.431374760958717074e+00 2.511473749157834279e-01
2.229956649047537098e+00 -3.758059601932821625e-01 -1.515327611150133480e-01 9.429253437983606823e-01 1.366099522024904367e+00 1.635561899217211179e+00 8.810409076002065909e-01
2.562065208765738511e+00 8.961550101049007289e-01 1.117009015376687175e+00 1.625079712571523283e+00 2.241805938844737334e+00 2.068456429854289347e+00 1.481570088274207553e+00
2.985068571323139519e+00 1.515701751563694133e+00 1.778414616250564739e+00 2.075417806489809447e+00 3.078349986597731291e+00 2.504055065890679721e+00 2.024524612486778619e+00
-2.851150111330198911e+00 2.040618881998666367e+00 2.349893685364040863e+00 2.548371924390390841e+00 -2.430106245312192659e+00 2.889347127969384754e+00 2.493545035497607198e+00
-2.401574979063773707e+00 2.527432601081208041e+00 2.879206574672382057e+00 -3.137622143513363770e+00 -1.698702982748198531e+00 -2.992543170716977396e+00 2.946820817358165812e+00
-1.968523964746126120e+00 3.025487590684255323e+00 -2.898921204375856764e+00 -2.535974241330624768e+00 -9.736303087096599418e-01 -2.519465413627050232e+00 -2.816860012145617542e+00
-1.589226746041987104e+00 -2.683461689013990625e+00 -2.385940450428784221e+00 -1.995626386145202158e+00 -1.954920970950582426e-01 -1.972752356329373624e+00 -2.220470580589291476e+00
-1.319899286450671338e+00 -2.008498655671687949e+00 -1.858331401290346907e+00 -1.576377671282022774e+00 7.499310426003643615e-01 -1.407013827510230186e+00 -1.690697686223489482e+00
-1.158755122759882683e+00 -1.205143903330430533e+00 -1.340811810127529924e+00 -1.226497856274657794e+00 2.130079554835338396e+00 -9.027221699767725704e-01 -1.741178857341154629e+00
-9.782799851728728457e-01 -1.845654416603033088e-01 -9.233674781922585062e-01 -8.296453819266507157e-01 -2.603403086467240168e+00 -6.215839590415567217e-01 -2.012574694216022309e+00
-7.192453096335202911e-01 1.339335833649034635e+00 -7.828937671029285728e-01 -3.550074373735822020e-01 -1.544841354537793254e+00 -6.985324286678491479e-01 -1.532936945727596534e+00
-4.471695298372856398e-01 2.958788513940967757e+00 -8.098557372160931633e-01 1.912505258742907832e-01 -7.013701676096838478e-01 -5.970996507051623547e-01 -8.681544888758062628e-01
-2.572472338665326430e-01 -2.193888146202282119e+00 -5.513933355942424175e-01 7.882207151887310470e-01 6.858623482919984360e-02 -2.825652389748843918e-01 -1.153068063364652701e-01
-2.039871372688810969e-01 -1.245939759898547994e+00 -7.418609599789187381e-02 1.458946888514079054e+00 8.182795234157580477e-01 -1.341318959136506839e-01 9.455468531337807292e-01
-1.679023033324499870e-01 -3.383947344076605468e-01 4.697296135639862369e-01 2.310022886865554348e+00 1.592137385839627939e+00 -9.060777636963452952e-01 -3.043790840320882207e+00
1.771386794989015731e-02 8.043946090057759735e-01 9.732497204212759989e-01 -2.439277412227100150e+00 2.772108212982673070e+00 -8.814143676314442066e-01 -1.877956085016635246e+00
3.245052433867590680e-01 -1.985676274251182427e+00 1.032280576845748810e+00 -9.279310935264449833e-01 -7.857304566034165605e-01 -4.040703005653293878e-01 -1.081922005590235658e+00
6.833385702283115704e-01 -1.061805589602033306e+00 3.122556935414343982e-01 -5.633907611385995801e-02 6.198978493798722872e-02 1.806010638705273785e-01 -3.547913842156860120e-01
1.067013425896747414e+00 -2.043444568305164133e-01 6.477398724996238366e-01 6.515366315937776154e-01 7.107585256709796351e-01 7.935533816423978593e-01 3.259157709763967903e-01
1.485861210957740486e+00 6.184115043379039278e-01 1.230490509256311649e+00 1.287528794091185258e+00 1.238835503994356602e+00 1.403845052126942106e+00 9.070260453409234591e-01
1.951900147815718967e+00 1.376848640365210041e+00 1.811417598866775336e+00 1.792397738862434142e+00 1.535705199588854208e+00 1.985256014231198352e+00 1.191929252533237005e+00
2.457903932322610174e+00 1.979511690136855684e+00 2.220072770783367400e+00 1.907087956023361563e+00 1.457325312642323567e+00 2.520669329986252372e+00 1.206742851089207758e+00
2.978486468430349809e+00 2.060434028679304586e+00 2.185125363252174324e+00 1.686846679620658485e+00 1.440363958523765975e+00 3.014831871217219295e+00 1.589373850448498438e+00
-2.814726896030335102e+00 1.909652230303790832e+00 2.231729460459200176e+00 1.980842915868281651e+00 1.723499358160334172e+00 -2.784738884604009534e+00 2.245453461173858134e+00
-2.449162819967188209e+00 2.391772049919731913e+00 2.705313755798287811e+00 2.536950378945426632e+00 2.126920894987800015e+00 -2.249567824578910802e+00 3.021637343952832122e+00
-2.457068053579891664e+00 3.071303530571763751e+00 -2.942468581614440470e+00 -3.118289343208545006e+00 2.548455803611136439e+00 -1.584645071148748308e+00 -2.350740920978554804e+00
-2.757018981044364381e+00 -2.500804506040230635e+00 -2.248162009449028886e+00 -2.486788032828619155e+00 2.937075672961892536e+00 -5.894837303128526163e-01 -2.717914351380713578e-01
-2.615609845794951926e+00 -1.850704852388826316e+00 -1.549940291615144128e+00 -1.905640778037685834e+00 -2.999235448127763437e+00 1.020191866598614050e+00 1.680438536924268922e+00
-2.215500469391737504e+00 -1.397294155013659944e+00 -9.602665177074622971e-01 -1.406142635723247603e+00 -2.620828273908420325e+00 2.256024058335403204e+00 2.599746668690170459e+00
-1.703591848610894299e+00 -1.247741717636845271e+00 -1.635591170927312321e+00 -9.570521194300192214e-01 -2.176609519514078883e+00 3.088139028275769249e+00 -2.879996468470538584e+00
-1.118335949008310459e+00 -9.882681927218339712e-01 -1.892643059936699235e+00 -4.757885541936092699e-01 -1.758260960593803768e+00 -2.550598950953110400e+00 -2.181524773710457055e+00
-4.913186207990267729e-01 -4.779626991328297936e-01 -1.397123571493699146e+00 5.476405740233124264e-02 -1.559578265949618459e+00 -2.111657281264104125e+00 -1.718764723253628501e+00
8.627499432258466106e-02 7.693195552707345064e-02 -1.039533490608063104e+00 5.617169175538296866e-01 -1.426536776539067963e+00 -1.813787208748623980e+00 -1.539464316499939311e+00
4.433927447869805138e-02 5.320756836795151878e-01 -7.581447462780277480e-01 9.615407385690971642e-01 -9.757258858656154832e-01 -1.409442236756990319e+00 -1.198024329740770222e+00
-4.346607361001023073e-01 8.893050937584379145e-01 -1.813723438801343457e-01 1.262670724789882293e+00 -3.265609112240727696e-01 -8.482616882585788387e-01 -6.245131394357309462e-01
1.622633883582484948e-01 1.348049492438903929e+00 6.466883136780373631e-01 1.637735825537813605e+00 3.911005782304749490e-01 -2.067715242579467871e-01 3.237736046103823623e-02
9.447383829686371026e-01 1.956609463897373447e+00 1.585087143288605116e+00 2.151163520498303061e+00 1.113420512968038567e+00 4.654999712726642924e-01 7.122240985034810068e-01
1.745362744059716809e+00 2.627191346714957465e+00 2.518215700594154782e+00 2.746148651833848486e+00 1.821646295106972735e+00 1.162457574647883130e+00 1.421630727632256175e+00
2.513857792857590923e+00 -3.014216105728678485e+00 -2.944177565256669293e+00 -2.906450615686407168e+00 2.533705410768800625e+00 1.900763131104006076e+00 2.210915034800049028e+00
-3.044371610522982330e+00 -2.474852785880317985e+00 -2.302849517291683412e+00 -2.255489653560723617e+00 -3.007452758817541483e+00 2.690624473090628577e+00 -3.099700697850157560e+00
-2.358708079865690976e+00 -2.016296674876942863e+00 -1.769485359660387003e+00 -1.577471757733851065e+00 -2.229813018456107798e+00 -2.767055766154741914e+00 -1.747308740399770910e+00
-1.706120154574377601e+00 -1.511117436690618154e+00 -1.184298059955146032e+00 -8.578720331324823922e-01 -1.426929719305504607e+00 -1.931365698222566207e+00 -2.713078726607187074e-01
-1.082290815528514472e+00 -9.376694417707847062e-01 -5.408918082421531048e-01 -5.548304073154684823e-02 -6.071203730433001322e-01 -1.100486262400809157e+00 8.459659451728359647e-01
-4.862132898004524195e-01 -4.168850969348092406e-01 3.495840405345029822e-02 1.085960298656181822e+00 2.360491343996761748e-01 -2.736131967013937794e-01 1.779248151789284416e+00
7.257558461292752672e-02 -1.404156765150844088e-01 3.502979273502102031e-01 -3.030509034051215522e+00 1.145483098628027774e+00 6.245837685001537354e-01 2.650458243824694193e+00
5.372546696336358840e-01 6.201209121143696351e-02 5.732688686692817281e-01 -1.901468678330063389e+00 2.243061902023844034e+00 -2.781821028770204762e+00 -2.785570578707582179e+00
3.926762389883188265e-01 6.242994814297408990e-01 1.127445349734081059e+00 -1.156948918098331003e+00 -2.660742291851880381e+00 -1.691598021155358955e+00 -1.939186585381133421e+00
-7.413887355347357211e-01 1.487474652162261046e+00 1.907217101282698390e+00 -5.067273711329262076e-01 -1.394256822999556444e+00 -1.075594820370923355e+00 -1.055366604054538193e+00
-4.799204520139202512e-01 2.602371767120744472e+00 2.823519652551528480e+00 1.361868952282084544e-01 -3.940649645332865436e-01 -4.619320041934846799e-01 -1.204591023722536985e-01
-3.475038681866371437e-02 -2.538234886124666634e+00 -2.150550976616284693e+00 8.302254735658972651e-01 4.804342320292889768e-01 2.215538579555732523e-01 8.176003488956915533e-01
4.894666130193494613e-01 -1.823673564918656842e+00 3.982074441901044537e-01 1.656144064006776384e+00 1.305762630212901731e+00 9.672025666415611234e-01 1.710310341102063925e+00
1.084773573101979416e+00 -1.417320647180904558e+00 1.286750221099554503e+00 3.140093371295150426e+00 2.124113356884927750e+00 1.744089172714546443e+00 2.542048210489299187e+00
1.775802665624143684e+00 -9.415411825813294611e-01 1.668616383861731611e+00 -1.044728144904932376e+00 2.986715821644941204e+00 2.532742272982100751e+00 -2.970640937734952747e+00
2.696745461050711778e+00 -4.397726631112420792e-01 2.120705854677943147e+00 -1.249285913252317082e-01 -2.341146655772532892e+00 -2.946751262112396130e+00 -2.263611365610205262e+00
-2.054823496708376052e+00 -5.215292557281669267e-02 2.842291478830129225e+00 5.664492717084710360e-01 -1.330021078412886748e+00 -2.103543484518163087e+00 -1.632479842053482066e+00
-7.103302539292315476e-01 2.613676485387561033e-01 -2.432400569728061956e+00 1.156962185385544517e+00 -3.636514603542933544e-01 -1.172852064503849157e+00 -1.047986137301274656e+00
1.331454587363051778e-01 7.196753069177231898e-01 -9.941839770389751529e-02 1.692793785184031119e+00 5.136443865931586972e-01 -1.075373642260807339e-01 -4.704292191404028656e-01
8.149073187499291659e-01 1.331282943453758527e+00 1.425266680169535949e+00 2.216045162601470331e+00 1.301241181078646170e+00 1.069192542301583559e+00 1.265969151055102229e-02
1.415581091289917604e+00 2.022143780655269563e+00 2.302591288689369353e+00 2.751340650712368330e+00 1.995231083459783727e+00 2.193614915025429823e+00 2.831235995404945971e-01
1.944438051979187732e+00 2.740334227254786370e+00 3.040900278535561885e+00 -2.993161889590521429e+00 2.570961016087353279e+00 3.132490050924768177e+00 4.712293116965456941e-01
2.400320427082508701e+00 -2.846508811266205807e+00 -2.629235269642990147e+00 -2.510653285739461005e+00 3.015809713520650970e+00 -2.422629160482277833e+00 8.048986667189212962e-01
2.798088825511851230e+00 -2.284112618540313111e+00 -2.221101193051221667e+00 -2.160712255548089544e+00 -2.877853119138094495e+00 -1.922569685574213372e+00 1.237397319814321106e+00
-3.115253711165329786e+00 -2.620664236003186431e+00 -2.130941178004346348e+00 -1.930658579406166364e+00 -2.449451943366003359e+00 -1.628552951602142196e+00 1.710602268567176232e+00
-2.750181200294933515e+00 -3.023257715433053328e+00 -2.044506644653241167e+00 -1.593312669556961714e+00 -1.975053321407875151e+00 -1.312679205995437082e+00 2.197914612389655353e+00
-2.387305602353272604e+00 -2.696129680670383166e+00 -1.745532550319617071e+00 -1.082383756811066133e+00 -1.527314363187990187e+00 -8.761106438346022429e-01 2.689269410675684036e+00
-2.032733915797090951e+00 -2.451052487458375229e+00 -1.388006909669522226e+00 -5.069989154578284918e-01 -1.244281460176787535e+00 -4.757918371865877960e-01 -3.097018110434971216e+00
-1.688072996368508161e+00 -2.208312651160377449e+00 -1.066579640551226005e+00 -1.569076170758851030e-01 -1.231329808127294090e+00 -6.214861433179257322e-01 -2.593220225068073148e+00
-1.319932814612384764e+00 -1.733295191165463933e+00 -7.283688630379837603e-01 -1.040382734635059592e+00 -1.049411755843865812e+00 -9.906540782861031902e-01 -2.074014951973054188e+00
-8.838192578184286274e-01 -1.110449833376413675e+00 -2.698548303437455775e-01 -4.757460407137473202e-01 -5.288775702736059348e-01 -5.840245850984985276e-01 -1.572353520210748368e+00
-3.777658656756240907e-01 -4.425038734463541124e-01 3.042701179045043114e-01 8.194072837443305835e-01 1.705315405116299698e-01 1.386246265489774962e-02 -1.821736956378511074e+00
1.725476370364845413e-01 2.114464183386505214e-01 9.688419036245203841e-01 2.487755065335747418e+00 9.852556711338548157e-01 6.636328501033549321e-01 -3.059071242001885071e+00
7.445272796590909348e-01 7.794386457393550627e-01 1.747267867494312288e+00 -2.690453112294603155e+00 1.892469330855578225e+00 1.324527435878276593e+00 -2.542356183210166432e+00
1.329197368143102187e+00 9.488936441681237177e-01 -2.660802777973530819e+00 -1.859176332299548928e+00 2.868281668393571682e+00 1.991464038806703307e+00 -1.971426782389476884e+00
1.897542159090344294e+00 -4.982699579772160159e-01 -7.193655499393323272e-01 -1.123324116773293024e+00 -2.436757280996926678e+00 2.676386710467580698e+00 -1.409882577386059932e+00
-2.123424944747677734e-01 -1.539302635057053781e-01 3.518073110465004538e-02 -4.197341497807337007e-01 -1.542869627625148787e+00 -2.251788055965181279e+00 -8.524282880567417564e-01
1.604157784763253769e-01 3.948022936101924785e-01 6.770160788601481405e-01 2.909117989028809914e-01 -7.533789731373289333e-01 6.433923847514687600e-01 -2.804374385251325319e-01
7.477594755562118056e-01 9.900215411215590455e-01 1.310791129819264045e+00 1.080014986265975363e+00 -3.284230760748815814e-02 1.264860180933704337e+00 3.068222907756578133e-01
1.319207457492651336e+00 1.564207517202849562e+00 1.925261014850925712e+00 2.040113214876152714e+00 6.622503624342251927e-01 1.819664055352047782e+00 2.731725718235480382e-01
1.851314722084124176e+00 2.041717937044678521e+00 2.101824151241765914e+00 -2.499593395090788928e+00 1.373396411931827821e+00 2.329943263521995434e+00 -1.443223323315433460e+00
2.327513364985707600e+00 2.306487919281145160e+00 9.328912560594778691e-01 -3.502661669227757346e-01 2.104360288406514012e+00 2.810778503900851710e+00 -8.515332473359461529e-01
2.730985421975447469e+00 2.370351340386024575e+00 1.524369897182424216e+00 8.079690395168322992e-01 2.862121019236175012e+00 -3.013425523923423111e+00 -2.586423530329466924e-01
3.036191374341613791e+00 2.583748328763251223e+00 2.272851871058276352e+00 1.749323998357923848e+00 -2.568619066782272586e+00 -2.560652193383896602e+00 2.942375626203709293e-01
-3.100309639492819347e+00 3.010754478335735840e+00 3.037173443648805815e+00 2.585593668501282583e+00 -1.073164705907072136e+00 -2.268965260801598660e+00 7.769572467375310820e-01
-3.089046166350116085e+00 -2.737615036581096728e+00 -2.504445461645616433e+00 -2.927820371063772686e+00 1.396975568880116647e+00 2.503257074781110703e+00 1.080915837689978121e+00
-2.970094716375045518e+00 -2.188887396713855793e+00 -1.851090741402132922e+00 -2.220382742088931938e+00 2.370293788920730726e+00 2.580297285146951225e+00 1.029840947022663711e+00
-2.671503519633000590e+00 -1.686576264100373646e+00 -1.356182638918019379e+00 -1.562944370411486039e+00 -3.088652409526802867e+00 3.050301678771278002e+00 1.016544165040051739e+00
-2.296642631554520531e+00 -1.257351628382799236e+00 -1.029593067677914808e+00 -9.633308657099078909e-01 -2.309955810689825473e+00 -2.712217890566452017e+00 1.382123207149827282e+00
-1.925923550075826274e+00 -8.383801688379317607e-01 -7.028335952547447585e-01 -3.945269862241561620e-01 -1.531917928092709769e+00 -2.159822966143960521e+00 1.857398476975689716e+00
-1.611122329345362925e+00 -3.084671679072916173e-01 -2.494499631134483864e-01 2.464503195633537258e-01 -7.152564521752773352e-01 -1.607327736690010944e+00 2.195283806457307474e+00
-1.381482169335060295e+00 4.684609404693154122e-01 2.913743577773055260e-01 1.103089587097350055e+00 2.948593388357907963e-01 -1.104589935637031894e+00 2.489809013714970209e+00
-1.243606082973834459e+00 1.952067871157977752e+00 9.229177388687435091e-01 2.815847707121891030e+00 2.493745940597239752e+00 -7.977009619950562458e-01 -3.090628578861743136e+00
-1.169022691525811508e+00 -3.026884480690972268e+00 1.663755377908381572e+00 -1.856718496673078533e+00 -2.414909202752730355e+00 -9.464252428612471846e-01 -2.129365226480472995e+00
-1.079029115805231864e+00 -2.317601789427488068e+00 2.694748979471005779e+00 -9.760226348295824028e-01 -1.639293406635330408e+00 -9.250619418307359787e-01 -1.195319286130484882e+00
-9.102475131827029164e-01 -1.746139220025450189e+00 -2.111134173822547311e+00 -2.897960464631995636e-01 -9.978755833864850766e-01 -5.352496825358955546e-01 -3.780572797928391515e-01
-6.694918018677689098e-01 -1.192758261342432125e+00 -1.080398700394120670e+00 2.922649028632978707e-01 -4.044472890704634560e-01 -5.494912749622678227e-02 3.298115097883823621e-01
-3.854973558912325182e-01 -6.318182168820811739e-01 -3.656036913442211045e-01 8.047555523993271676e-01 1.967103294341989717e-01 3.738928006047543273e-01 9.589641871637648585e-01
-4.941095548158781769e-02 -9.213139807340418874e-02 2.891466491403721362e-01 1.343898786595664196e+00 1.192155302153945717e+00 7.704617226420915621e-01 1.556978320632536716e+00
3.509631054668182482e-01 2.320217878139472500e-01 8.781198167740746907e-01 1.937905590191177030e+00 2.047450365644663428e+00 1.176979776613349848e+00 2.132307454939602387e+00
8.260370915520475199e-01 -8.462769854101686029e-01 1.311216385083544766e+00 2.547699183642609277e+00 2.555978789451053501e+00 1.570020176055076266e+00 2.649597708146336217e+00
1.409888585810553430e+00 -1.001791101350072433e+00 5.607721932803869658e-01 3.075270365519249260e+00 3.097317678721092982e+00 1.802815825758873780e+00 3.061776007210060158e+00
2.450383689081268024e+00 -6.638825451715034687e-01 5.421081713894162352e-02 1.314922008370893458e+00 -2.627225424944340304e+00 1.943127282566455394e+00 -2.902866767809073156e+00
-1.723600543892414905e+00 -2.559168398860935389e-01 2.563534299427721597e-01 1.408996264139858345e+00 -2.041411144867211647e+00 2.424589761467715654e+00 -2.532969280133567480e+00
-8.480072578332882305e-01 2.124376023737461483e-01 5.352135361450589546e-01 1.691615848103438458e+00 -1.438168433960479664e+00 -2.660390896171971331e+00 -2.049332386806258732e+00
-2.126357087403599744e-01 7.053789137898340833e-01 7.940708201857937798e-01 1.797079124809128015e+00 -8.001257407263178134e-01 -4.249850544033113575e-01 -1.463788401330457845e+00
3.978405898933328744e-01 1.196087798028162119e+00 1.076793647005538146e+00 1.944794073870584228e+00 -1.049241862939786496e-01 5.900192419158816204e-01 -7.572087040207383657e-01
1.023799011489126665e+00 1.665963135366407277e+00 1.436330213621570318e+00 2.313013055807476626e+00 6.591218959465382499e-01 1.385363503908956906e+00 3.962920028494791302e-01
1.676061170775936304e+00 2.133609839308158840e+00 1.889056741921459004e+00 2.807171502673202479e+00 1.524101121987122331e+00 2.127883504121643732e+00 2.728659999495748334e+00
2.346506315599202974e+00 2.621675399762365188e+00 2.378473350002544340e+00 -2.911522543378139538e+00 2.492905605076420450e+00 2.838230367717227143e+00 -2.501866419771963557e+00
3.021498178868425644e+00 3.093514537072921566e+00 2.813702174113660526e+00 -2.335191301717127743e+00 -2.788620874337794486e+00 -2.779093023851127331e+00 -1.703023422148044252e+00
-2.589743385711852586e+00 -2.900956448735922955e+00 3.098702342118210051e+00 -1.776796716487722305e+00 -1.855066644976336665e+00 -2.168886121252275423e+00 -9.630159718785918921e-01
-1.934752542390285601e+00 2.974214697542789221e+00 -3.072869206275632870e+00 -1.328361513100243529e+00 -1.043097124593934666e+00 -1.703898920725712474e+00 -2.626158803778887996e-01
-1.469023511021015915e+00 2.965888465201132806e+00 -2.850924529426030141e+00 -1.244644084403330186e+00 -3.039088469487910560e-01 -1.598235520558277889e+00 3.862590424797242017e-01
2.586623235191053194e+00 -2.853374700649700113e+00 -2.459332988478224014e+00 -1.621907520185321472e+00 5.247342355596062990e-01 -1.822356183093960524e+00 1.029284618709165322e+00
-3.066500601462200937e+00 -2.296492950179397141e+00 -1.994027026313510254e+00 -1.580504839489284663e+00 1.676853395366276533e+00 -1.701175149736558367e+00 1.753655445139137958e+00
-2.441688645077965791e+00 -1.776747534958484476e+00 -1.549546444576589410e+00 -1.324923558193980222e+00 3.068376932648006594e+00 -1.358503432098505437e+00 2.592493620004805877e+00
-1.832538287328349114e+00 -1.336520312173797853e+00 -1.159713641497839287e+00 -1.076414862612793844e+00 -2.262589859931065650e+00 -9.133143584570364570e-01 -2.877117424677899216e+00
-1.248679239164727450e+00 -9.390426037339342225e-01 -7.820520834547024513e-01 -8.845591934904005749e-01 -1.733885259018583369e+00 -3.670830217907518622e-01 -2.284867859197794449e+00
-6.915182516280581337e-01 -5.062304403177924073e-01 -3.398189914412261814e-01 -8.024328469946448994e-01 -1.509088986097735008e+00 2.574355296207335719e-01 -2.020762850413905021e+00
-1.699287850830627500e-01 -1.214556709645662341e-02 2.206965944716257622e-01 -6.440231022250426651e-01 -1.274842828239657999e+00 9.533118285805525227e-01 -1.847844771811887554e+00
2.548046966708550354e-01 4.851387947608774565e-01 8.312190445631748581e-01 -2.876492879995180552e-01 -8.553466004502324749e-01 1.665955924088178497e+00 -1.426624456320013667e+00
5.194298939524172321e-01 9.686651949339482037e-01 1.424017919047684488e+00 2.382986987924889666e-01 -3.259154005216930994e-01 2.293475004227908620e+00 -8.718874721365569291e-01
7.665623747518138797e-01 1.438941748547218014e+00 1.917542650807205540e+00 8.253004873563443144e-01 2.360230562230747897e-01 1.481212409719460998e+00 -3.001444901936524690e-01
1.187390226818993311e+00 1.925600798681586623e+00 2.337476334041975079e+00 1.442053820077509485e+00 8.152371646518998816e-01 1.222247263660708017e+00 2.485341534036351885e-01
1.711693727997910974e+00 2.420408761425577815e+00 2.766760429677034505e+00 2.051219989221040763e+00 1.393705724783422362e+00 1.820733312530657066e+00 7.569547151032146592e-01
2.248841592954386570e+00 2.883997186951727798e+00 -3.128648909056245930e+00 2.628779527710848551e+00 1.972620948783830430e+00 2.452308970077548889e+00 1.286518638526080505e+00
2.755485607114823043e+00 -2.985272551846628986e+00 -2.847452321552666366e+00 -3.119912057046433596e+00 2.549181301896281227e+00 3.069934165516478242e+00 1.902727885508191275e+00
-3.068185973926885524e+00 -2.656254505738441019e+00 -2.762493419841378639e+00 -2.705593083520612119e+00 3.103140759741947363e+00 -2.649448663921522673e+00 2.755746114825264659e+00
-2.657466597953289433e+00 -2.391133735400551075e+00 -2.629330867095362567e+00 -2.432441698362018734e+00 -2.668462998439430134e+00 -2.144278212158613695e+00 -1.887901257632375485e+00
-2.302403658812156806e+00 -2.157982191817548134e+00 -2.331623069532026360e+00 -2.260420490163178808e+00 -2.308273924418714707e+00 -1.759343925191687585e+00 -5.174324685756589437e-01
-1.995494373147539857e+00 -1.907601555534658377e+00 -1.939346763311760258e+00 -1.976954731349778616e+00 -2.126031748471536531e+00 -1.565448525865216656e+00 2.438560635925658693e-01
-1.707045351352940221e+00 -1.617959727072841858e+00 -1.551708821392219440e+00 -1.545687225516725105e+00 -1.797309698219173413e+00 -1.509496097188956387e+00 8.075705774890983291e-01
-1.393388184850860245e+00 -1.257836868246208883e+00 -1.195573657520302646e+00 -9.874077961458728181e-01 -1.091536517760259395e+00 -1.312826002578230344e+00 1.202144552845029635e+00
-1.040109119273983973e+00 -8.477890580077914739e-01 -8.736089503249269139e-01 -3.197774765546881892e-01 -6.453600347447900620e-02 -9.632076303368846126e-01 1.509281903352751142e+00
-6.676363281795528737e-01 -4.733771097425706342e-01 -6.421686494333191941e-01 4.411744505622901547e-01 1.049256771351434470e+00 -6.356918609293904510e-01 1.814158112492260777e+00
-3.027568926152822693e-01 -2.524441196064252657e-01 -6.754936492712584339e-01 1.597204236349574202e+00 2.031847881280502310e+00 -5.033447738092481361e-01 2.184637976231067036e+00
1.876005700227382708e-02 -5.870391515161159646e-01 -1.768961897728480004e+00 -2.946019080337606955e+00 2.894302244841806537e+00 -1.217519546265296793e+00 2.709529372504626998e+00
1.786503458838685776e-01 -1.063457357248944302e+00 -1.811776331076529800e+00 -1.984874930300762896e+00 -2.560672197356066437e+00 -1.667458243711842369e+00 -2.853106227287304453e+00
-4.711606155033693510e-01 -8.476850086166000109e-01 -1.361677209879432082e+00 -1.239049703102868438e+00 -1.673755475860228215e+00 -1.390918638158620935e+00 -1.862215732837511961e+00
-7.708583371097673664e-01 -3.646891015738480402e-01 -7.760752726222761577e-01 -4.836083588404803124e-01 -7.451466957485011200e-01 -8.939743796739041404e-01 -6.460686437592518816e-01
-4.188257976245088887e-01 2.031083543463493568e-01 -1.454938239772665121e-01 2.873942182821427327e-01 1.473384781720676329e-01 -3.228756084562044992e-01 4.692830318662601363e-01
8.031732294760621227e-02 8.123717428467764901e-01 5.062052459371202406e-01 1.073529898481875300e+00 9.530822227218616050e-01 2.945608840193476574e-01 1.343409285823328192e+00
6.225904986732737623e-01 1.430899637877384611e+00 1.153863989472747376e+00 1.818017544405551966e+00 1.646063196380883387e+00 9.219856356812851095e-01 2.007814491705837590e+00
1.183412090647897097e+00 2.065269767551679791e+00 1.841967647333306646e+00 2.497083275600269658e+00 2.252179497644157813e+00 1.615219024284340277e+00 2.478977648292753244e+00
1.758860081494745264e+00 2.730102231860755957e+00 2.646903725372049987e+00 3.132317418527914121e+00 2.806513512090286433e+00 2.461618439273699721e+00 2.801714439105641663e+00
2.370263186161245539e+00 -2.868196522756977895e+00 -2.721459752905622143e+00 -2.557915321604701919e+00 -2.960367801121691844e+00 -2.797068861617256985e+00 3.072213493875711077e+00
3.079080207570877192e+00 -2.154024103883561914e+00 -1.826430567141855033e+00 -1.955817022251081561e+00 -2.464218334724631809e+00 -1.784392910946564825e+00 -2.878804112847678454e+00
-2.254024665057385413e+00 -1.438972475106742310e+00 -1.112451268539292659e+00 -1.355605935083795233e+00 -2.020403337683135625e+00 -9.804560912982319687e-01 -2.486981198559908623e+00
-9.741549991099311967e-01 -7.372061336429678313e-01 -6.111921652894041213e-01 -7.404628316637827945e-01 -1.690400324716063274e+00 -3.254896228995700080e-01 -2.062453485293047173e+00
7.627498981347469176e-02 -1.094213385520371173e-01 -3.726742541310294476e-01 -2.348503074457032255e-02 -1.823677697056931279e+00 2.929635992999484739e-01 -1.782977533976701112e+00
8.021808712495406279e-01 -3.851709445039037116e-01 -4.506370267414599451e-01 9.732630939414994575e-01 -2.556047680510986186e+00 8.996938191111362171e-01 -2.341484372760365140e+00
1.375263966181341724e+00 -8.721643131519661862e-01 -3.310531455096842879e-01 2.876277124863511503e+00 -2.496226881498259775e+00 1.578256254184938090e+00 -2.580112661922767003e+00
1.823764541044846643e+00 -3.714504458104088691e-01 -3.534258938263617339e-02 -2.087352941538901163e+00 -2.141510259756131074e+00 2.380074797701474232e+00 -2.165985706302668401e+00
2.028434454363396089e+00 2.557174030120406005e-01 3.548391063690166103e-01 -1.126138864873486911e+00 -1.723675152477417427e+00 -2.785840701737098968e+00 -1.643592704922164582e+00
1.778409999465546676e+00 8.662662480546376997e-01 7.482476223249759917e-01 -1.384423440384121573e-01 -1.299518925272411973e+00 -8.688150667026676155e-01 -1.120453872756826508e+00
1.711696483116570633e+00 1.464432322469755299e+00 1.174664634613538317e+00 1.071974310772410233e+00 -9.364493929079623635e-01 4.158396974995214324e-01 -6.773084085022685885e-01
2.007635218438578395e+00 2.033362511395725658e+00 1.624712387284999338e+00 2.321288357984011341e+00 -8.802405913588553510e-01 1.266747998200873360e+00 -5.221154869886288630e-01
2.404870326855357732e+00 2.567792135627458894e+00 2.145710476757385798e+00 -3.019963359882937404e+00 -1.646084604266275120e+00 2.013171620219197155e+00 -8.895627604734395177e-01
2.797632045668437151e+00 3.071847392191292769e+00 2.833194041994926859e+00 -2.320014794732506935e+00 -1.857529300806576966e+00 2.712050420431743714e+00 -1.196948859870430315e+00
3.132239261293932930e+00 -2.793326069740339257e+00 -2.444942333737504470e+00 -1.856433546263694279e+00 -1.720087303432237036e+00 -2.924947508125677054e+00 -1.388397949075811377e+00
-2.882781300769947208e+00 -2.516373942075610604e+00 -9.121501440767354474e-01 -1.464388733060997927e+00 -1.536456782923418363e+00 -2.014842981552171786e+00 -1.602375211708303437e+00
-2.658436753292008792e+00 -2.454303801470493873e+00 2.101407932523267630e-01 -1.071924380945699973e+00 -1.334098966386814578e+00 4.166369008226215587e-01 -1.573182588942421578e+00
-2.425863649773905895e+00 -2.315749099884012452e+00 9.444778068764820844e-01 -7.265818946369628772e-01 -1.113550485677006652e+00 1.370474839763071273e+00 -1.320554706132806011e+00
-2.170019347305796487e+00 -1.975311791252242877e+00 1.561974589639299138e+00 -4.121196759987493241e-01 -8.602035272909713814e-01 2.034937387135397291e+00 -9.247662707462556142e-01
-1.912608868822478270e+00 -1.537075715686368582e+00 2.095167486609335050e+00 -1.755138649314216925e+00 -6.074825738447091616e-01 2.646651891642568533e+00 -4.720311269203947280e-01
-1.698708660805541282e+00 -1.142541063263319057e+00 2.547721590513287282e+00 -1.966709555499562612e+00 -3.845588018541903907e-01 -3.101494927674481428e+00 -1.230573059281397756e-02
-1.544491073284282923e+00 -9.253947011603300687e-01 2.975215197471688278e+00 -1.559001107440735279e+00 -3.447786161998711574e-01 -2.616089435299431276e+00 3.628818812274790528e-01
-1.409897863719639322e+00 -8.176173053220631148e-01 -2.973447620875909969e+00 -1.066182540255099953e+00 -3.613076767602346751e-01 -2.214432704429711407e+00 6.248916156368563568e-01
-1.237165682999795902e+00 -6.026935297862041629e-01 -2.763201996995772181e+00 -5.849849140988627738e-01 -2.458185426559408304e-01 -1.840930445758949263e+00 7.420830027810029206e-01
-1.018693303102632619e+00 -1.960596725509293203e-01 -3.029305638461829098e+00 2.262222955019050463e+00 5.447171988273782212e-02 -1.521017389282639298e+00 9.032016752604142829e-01
-8.057929026832753028e-01 2.690295203175590566e-01 -3.088065757865225525e+00 -2.771229324779856729e+00 2.476268597331056365e-01 -1.334123641034496766e+00 1.206730488472672391e+00
-6.677329814626080662e-01 1.016628200162826179e+00 -2.862768570978618143e+00 -2.300151138905507597e+00 -5.445787525416885266e-01 -1.476857161395701112e+00 1.667037483041313051e+00
-6.678453092392153678e-01 -3.127598258744278770e+00 -2.489257034878916475e+00 -1.812843693254361899e+00 -1.366455448705691689e+00 -1.745328634594659700e+00 2.232046905855376462e+00
-7.028281937084603914e-01 -2.174298029345664851e+00 -2.195679893477809674e+00 -1.377236736874652534e+00 -1.141124249689931647e+00 -1.651552160503118483e+00 2.854781626002209194e+00
-6.468712507373115539e-01 -1.665745045061750584e+00 -1.909114097967621548e+00 -9.716465003311659521e-01 -8.321824135651495480e-01 -1.351828441110689338e+00 -2.686555817507249255e+00
-4.838993950070200056e-01 -1.276846608369213820e+00 -1.584963404570091994e+00 -5.425375807243865145e-01 -4.472849435669473128e-01 -9.664796160868295294e-01 -1.922426413199645134e+00
-2.602645026311508625e-01 -9.379057195580817741e-01 -1.155947016416333684e+00 -1.775289284390216826e-01 -8.754868231038097359e-02 -5.875575072250298625e-01 -1.135501562598819625e+00
1.752464692239797880e-02 -5.851869027160383485e-01 -6.280339723262523544e-01 2.152127674452055106e-01 2.983630436174014577e-01 -1.756428987888659921e-01 -3.574472707105330604e-01
2.681572492805346375e-01 -4.136009350099406068e-01 -2.287345193980841740e-01 3.910891352469578197e-01 3.630652937716468687e-01 7.127088463284002307e-02 -2.167381934249003328e-01
3.539356024741569517e-01 -2.571110481990657171e-01 2.546927667731461731e-01 5.880404583117295747e-01 -2.223383100983289951e-01 1.553237911347973843e-01 -1.586774586474258619e+00
1.656509790860401579e-02 -4.500065812493062034e-01 -1.996061271597218578e+00 6.733369452681920997e-01 -3.786442550591587741e-01 -4.828220959756197583e-01 -1.053570549946889257e+00
-1.154432535986006925e-01 -3.818848407699031999e-01 -2.239605426352095918e+00 1.229938049832159264e+00 1.047030726654548244e-01 -3.765582474682132030e-01 -1.926309501311376515e-01
5.772469351301528356e-02 -1.055217422354680412e+00 -2.189758991931314736e+00 2.186684560911743791e+00 5.699879237764324813e-01 -5.635313897691115459e-01 6.970696328052139457e-01
3.721013439968144931e-01 -2.051968480230980774e+00 -2.259255922918390169e+00 -3.139754091872707598e+00 1.447671056678643264e+00 -1.119811739585303334e+00 2.373422860142615498e+00
6.420339635822472912e-01 -1.829184869475911190e+00 -1.820766220557271886e+00 -2.012815122475393181e+00 -2.202678462288061301e+00 -1.553012612818419624e+00 -2.429696410783274807e+00
1.007194290635235800e+00 -1.559316507487146675e+00 -1.333850514182575608e+00 -1.331289275111661397e+00 -1.695960213471130018e+00 -1.241078591071873349e+00 -1.848469486023652797e+00
