1.449919870832226731e+00 -1.422145285803235737e-01 -1.486964678181914357e+00 -1.456646836221527241e+00 -1.438166612656851528e+00 -1.141167048654714078e+00 -1.528031644805283085e+00
2.074799979518606285e+00 2.698745095808582128e+00 -1.623873601529963295e+00 -2.628575190833912778e+00 -2.221720237651756413e+00 -5.919455194026932432e-01 -1.380234280265174585e+00
2.488017073095959653e+00 -2.738501363000788835e+00 -1.547228853617566235e+00 -2.125530550762211313e+00 -2.074605166185201632e+00 -3.405437505523614128e-01 -1.194078389410250907e+00
2.835083501634227954e+00 -2.325288787762033405e+00 -1.453029799562163049e+00 -1.554494705983191727e+00 -1.625916974418659455e+00 -8.502052370313378793e-01 -1.003309516648574595e+00
-2.994127767853501876e+00 -1.826689472348552279e+00 -1.463028621188352085e+00 -8.203336133411419651e-01 -1.002039068916358078e+00 -8.002539725483609478e-01 -6.459343172831111257e-01
-2.482943562082001954e+00 -1.511864141098352876e+00 -1.309848477717487913e+00 1.606056276394385307e-01 -1.790042655316139986e-01 -2.961820206956147783e-01 -2.236961204679401571e-01
-1.811501558034600556e+00 -2.376306192164068243e+00 -9.383115688065140070e-01 1.207131589245659109e+00 8.055802609117500568e-01 2.218756299244941665e-01 3.386206157867271971e-01
-6.427835652689658508e-01 -3.117426795349422353e+00 -4.489489976516559122e-01 2.172900077009917386e+00 1.696298816877309434e+00 6.503500589192183767e-01 8.639825842898782859e-01
1.369425053261897673e+00 -2.678447364434599631e+00 3.160840559181175846e-02 3.002948289193999809e+00 2.349709859337538731e+00 7.750996501467569688e-01 1.347671662319202879e+00
2.244714804711980705e+00 -2.258628248621591172e+00 4.270092583094896588e-01 -2.564952831446005277e+00 2.840213970703811874e+00 4.671812011007447918e-01 1.508350118743052137e+00
2.808307337713332075e+00 -1.726976457287936695e+00 1.403349091062243148e-01 -1.752193131323503517e+00 -3.020456272495875005e+00 3.689598984383353764e-01 1.328082080808352439e+00
-3.082239390129277279e+00 -1.165716064615832215e+00 -9.935259379844508798e-01 -4.216152629739306490e-01 -2.576342344699180664e+00 5.575265911826545739e-01 1.462353730328865176e+00
-2.846441653229868418e+00 -5.661984038398197860e-01 -8.980326683791522990e-01 1.020453678242536411e+00 -2.004423037901818194e+00 8.135920900597095606e-01 1.843731025532184820e+00
-2.759387050857810664e+00 1.887652755798910342e-01 -5.948290787379232336e-01 1.647384549230562767e+00 -1.197549342932054506e+00 1.085081669624112344e+00 2.238128381301684122e+00
-2.638843651434257698e+00 9.666642368037243749e-01 -2.497067180824363020e-01 2.014460116709919202e+00 -8.340501599685070863e-03 1.389883339309649468e+00 2.482053243282817956e+00
-2.474872665562002361e+00 1.738679781128512181e+00 1.141685857044491270e-01 2.366279316951343414e+00 1.313436577919366854e+00 1.751585619948101691e+00 2.668628085365198910e+00
-2.337243365749230861e+00 2.417259989050785762e+00 4.408102865340232657e-01 2.757758165327811817e+00 2.274386423327733553e+00 2.146271529198783501e+00 2.904757528448727477e+00
-2.231796925006047427e+00 2.936365269557447366e+00 7.154417961812309379e-01 3.110343267770938613e+00 2.967061230006783568e+00 2.528079210717122827e+00 -3.038519271239892738e+00
-2.077250363445947379e+00 -3.004650878370301648e+00 9.096773655168428618e-01 -2.893135195780700109e+00 -2.811851813021192026e+00 2.865550940514298262e+00 -2.724330493934384645e+00
-1.914795234159876847e+00 -2.943106543263485975e+00 1.067804965813802465e+00 -2.720831086248583830e+00 -2.477365020146911956e+00 -3.125562591398980405e+00 -2.441253442557250519e+00
-1.815481543826536592e+00 -2.844346236741042588e+00 1.245080669141225505e+00 -2.547390841275793516e+00 -2.247916215772426174e+00 -2.848709091479833866e+00 -2.197480776439602490e+00
-1.786604541698288529e+00 -2.626684554072399536e+00 1.505411476400535076e+00 -2.315582624444238125e+00 -2.005624256259780136e+00 -2.579983897336019627e+00 -1.916941468631864653e+00
-1.743245909254654169e+00 -2.301698218998824874e+00 1.800772557500552873e+00 -2.029008931913748093e+00 -1.707114251814761730e+00 -2.351341105653530938e+00 -1.634031413367615260e+00
-1.632807090415322682e+00 -1.956078053003479811e+00 7.027669328497802015e-01 -1.745053873964226065e+00 -1.388445076852482751e+00 -2.206090434069877926e+00 -1.429530266071809885e+00
-1.439528679937229105e+00 -1.588616845236768826e+00 -4.886054799647224223e-02 -1.480598524249155057e+00 -1.094653562167317240e+00 -2.120000080609006243e+00 -1.354529238627516952e+00
-1.178495903966093827e+00 -1.221249696831413933e+00 3.087212735095674621e-01 -1.205913087909823433e+00 -8.254772564879440111e-01 -2.045114040091699170e+00 -1.269688791149741647e+00
-8.865457010460621179e-01 -8.612199831809436157e-01 6.467919800874902814e-01 -8.716164719579498898e-01 -5.084365147977666366e-01 -1.991029761363909412e+00 -1.015679553330703477e+00
-5.831976431868487465e-01 -4.722543902248471648e-01 9.245079778613702892e-01 -4.444233591624490165e-01 -7.323691013019534291e-02 -1.955435528218665953e+00 -6.281667835940086819e-01
-2.768299747925503373e-01 -7.889664247331168445e-02 1.127823563399363405e+00 7.833669041005605904e-02 5.031925430052569537e-01 -1.904830538829459075e+00 -1.315704026059623943e-01
4.637826758649932907e-02 4.545845992725428553e-01 1.321346178501178414e+00 8.208865925135656605e-01 1.256295988186917567e+00 -1.849292005744851419e+00 4.333184890642934883e-01
3.612544524857667638e-01 1.306709483460803289e+00 1.566099276013423136e+00 2.107433320598659954e+00 2.231037201042442852e+00 -1.769947315967617119e+00 1.163664597171973902e+00
6.140109928921970717e-01 2.629300612308656415e+00 1.870889220080986126e+00 -2.868843414841026895e+00 -3.004279922371182909e+00 -1.633659345214095282e+00 2.830079808272734532e+00
5.195771184617669070e-01 -2.766569450296645361e+00 2.209091272624107205e+00 -2.068349802947748728e+00 -2.085082192307277538e+00 -1.450877099646461055e+00 -1.495518808442885206e+00
-2.393371290801250828e-01 -2.157082489723335161e+00 2.539141586464597200e+00 -1.468822105359049113e+00 -1.263454442591751326e+00 -1.243975917548288512e+00 -6.705486101353015371e-01
-3.528407197227749204e-01 -1.551674341495964615e+00 2.786266765636794762e+00 -9.630768626926088372e-01 -4.504504770395200142e-01 -1.031344411332905109e+00 3.386786090124545984e-02
-8.864251211482200576e-02 -9.299691446229292335e-01 2.407894376790763680e+00 -5.228511909750543918e-01 4.694093592749521426e-01 -8.438364719653810297e-01 6.770027814355489282e-01
2.674573005426866268e-01 -2.882598784575478579e-01 1.719014602554585380e+00 -2.159642263693810627e-01 1.744216216243456685e+00 -7.359760303314570873e-01 1.350437818794512523e+00
6.723659305157755339e-01 4.635810022022369692e-01 1.956510054827010237e+00 -4.646437047041125923e-01 -3.068673188635702598e+00 -7.202791443806350058e-01 2.138381398807818634e+00
1.080725859572440051e+00 1.424254060454466009e+00 2.396476078971014445e+00 -1.198434210537846711e+00 -2.010387626978755282e+00 -6.754885149039863146e-01 -3.037110202671141845e+00
1.461431792928165052e+00 2.817754849065959188e+00 2.851595705843608552e+00 -8.833458703972458803e-01 -1.120439515927460050e+00 -4.809047256237920509e-01 -1.505544812760677198e+00
1.667737053232930977e+00 -2.214277670883848970e+00 3.125244775320278556e+00 -3.601604957014957753e-01 -2.037417933402267400e-01 -1.885363125852597965e-01 -3.377957954239960703e-01
1.208246915236691033e+00 -1.320609187790400263e+00 1.233340602213987669e+00 2.876936025758123350e-01 7.661424170734143502e-01 1.190122683188974684e-01 5.275847334032475189e-01
8.941827551732882684e-01 -4.888027953981665674e-01 1.438954025134107750e+00 1.061431298475320251e+00 1.637458111281677509e+00 3.173453000751799147e-01 1.308709316690619850e+00
1.192770808346642397e+00 4.176264826143000208e-01 1.820024015708975762e+00 2.025054424770337036e+00 2.323561101196577106e+00 -6.002107000618009947e-01 2.040383141807816436e+00
1.640480261592755618e+00 1.330287767836338952e+00 2.230324629608146036e+00 2.941303686258167183e+00 2.896800795256432082e+00 -1.816442728211044466e+00 2.734097096881020761e+00
2.133469863188067972e+00 2.209430669041601014e+00 2.654288087609594449e+00 -2.623895243860943083e+00 -2.862567575994313884e+00 -1.852460892754256960e+00 -2.880504308335750885e+00
2.639583846238606313e+00 3.029596122194155416e+00 3.089922487195331691e+00 -1.970584245123791156e+00 -2.413950552825742779e+00 -1.831119997728897664e+00 -2.249580549472665947e+00
3.060484799697575919e+00 -2.505237423882870296e+00 -2.777308185195115353e+00 -1.305063585164655926e+00 -2.397999465922124873e+00 -1.864220034324952868e+00 -1.631848814855868746e+00
2.914304957188061262e+00 -1.789425217591168016e+00 -2.449293191337664322e+00 -4.264199932911972302e-01 2.737952605695741060e+00 -2.057424012068366004e+00 -1.017883115584192977e+00
2.125884142137852262e+00 -1.101798121957871190e+00 -2.417390430363548059e+00 1.383876296480109236e+00 2.975217340281472111e+00 -2.188013905582933294e+00 -5.106733618061678470e-01
2.473891953348409167e+00 -3.823164763513314246e-01 -2.662545670208982695e+00 2.753487150933884742e+00 -2.823282708450014056e+00 -2.081829040551289367e+00 -2.892397569221363707e+00
2.960354673759368893e+00 1.561716795769723332e+00 -2.592509640579345298e+00 -2.758909276239847053e+00 -2.294469349728645025e+00 -1.845314219027982316e+00 -2.241095145030196356e+00
-2.836685262012302644e+00 -2.845728529755866543e+00 -2.258234196362975510e+00 -2.138534509988624599e+00 -1.782452064821822280e+00 -1.558171111457526958e+00 -1.597119867775935731e+00
-2.438181318512609330e+00 -2.154153659013971822e+00 -1.824138410151379563e+00 -1.661061263881979944e+00 -1.353563861356059661e+00 -1.272250464110579626e+00 -9.578154809560001093e-01
-2.147317602111676660e+00 -1.543197822956022147e+00 -1.359847163005588166e+00 -1.414880187419612856e+00 -1.143708891922810444e+00 -1.005576983054384144e+00 -3.170893608915975603e-01
-1.888241777849577252e+00 -9.964476627116907181e-01 -9.317923025150209870e-01 -1.629278606014807451e+00 -1.362341098993120170e+00 -7.232747201062836861e-01 3.402788124908350809e-01
-1.456598331054230089e+00 -5.430686719280627406e-01 -6.551495923677514988e-01 -2.004640564689267546e+00 -1.602423907941736836e+00 -4.027938504640035111e-01 1.105351152943757853e+00
-8.413387725490787394e-01 -2.145258888176607981e-01 -6.898824196544355303e-01 -2.003281910370223073e+00 -1.516228050291227536e+00 -7.352414062527155847e-02 2.102143063649362986e+00
-4.029900350222919564e-02 -1.235412388721766730e+00 -8.333116532688782385e-01 -1.712466245318007729e+00 -1.248989649012108849e+00 2.258147488779341794e-01 -2.887487052158787648e+00
-2.769700697339016138e+00 -1.725635466934933193e+00 -7.129993737742796878e-01 -1.271877332051031706e+00 -8.644968540886370789e-01 4.990174852281468731e-01 -1.661100310915824885e+00
-1.961057888253232129e+00 -1.320296384674499057e+00 -4.348137561349416647e-01 -7.658548696329527949e-01 -4.012466232199830563e-01 7.655985790229877797e-01 -6.922864315298551396e-01
-1.217437458094459357e+00 -7.767092373103702263e-01 -6.622841562952454242e-02 -2.276428863136025771e-01 1.068886226723765459e-01 1.031103309433691884e+00 1.223753475536448893e-01
-4.895860976098964645e-01 -1.794850340452498749e-01 3.458000057235038338e-01 3.160840030615835738e-01 6.386644531026487437e-01 1.295900826763676239e+00 8.515563452357368668e-01
2.270264882969119380e-01 4.654496275015990170e-01 7.935858550151723145e-01 8.645854664130316891e-01 1.190477455219734360e+00 1.577109426387972135e+00 1.487187081673603917e+00
9.073634547133916373e-01 1.108740726418981248e+00 1.265466766202147264e+00 1.410244890854462474e+00 1.788000155420808257e+00 1.892635066545329758e+00 2.059833598079462647e+00
1.536710552839820165e+00 1.743896771548234303e+00 1.782395479452440146e+00 2.036510584136791202e+00 2.664675980786690879e+00 2.245340602824820397e+00 2.671939927838443918e+00
2.087418502639851070e+00 2.357327528462145327e+00 2.380169782568884784e+00 2.999987342964145043e+00 -7.940221999027223809e-01 2.626527223975203995e+00 -2.875167423908186137e+00
2.540859568826894677e+00 2.949675276746050123e+00 3.076877399108464139e+00 -1.961402382238557118e+00 -6.090832305824928766e-02 3.018265796306969673e+00 -1.960938191196695435e+00
2.898499847826394582e+00 -2.713844656713099379e+00 -2.424187124133936333e+00 -9.814885175296025333e-01 4.388171280657784390e-01 -2.901576085235758384e+00 -9.135194722035993031e-01
3.128139604788459316e+00 -2.161841777797302022e+00 -1.658868287219146032e+00 -2.356319376824217438e-01 8.484565269058684800e-01 -2.923417891839839911e+00 1.399934407712773166e-01
-3.098274148257287308e+00 -1.691852937161476778e+00 -1.056385630489566907e+00 4.483012758226513350e-01 1.242247397589431257e+00 1.964696539784677842e+00 1.102173994979415372e+00
3.009845006368156994e+00 -1.277525102085703024e+00 -7.230325696037490646e-01 1.174121084931745163e+00 1.675483022017065560e+00 2.215704383693448243e+00 1.957993669029034045e+00
2.896609049264782687e+00 -8.288331943489284370e-01 -3.833169544422209696e-01 1.915129376282565854e+00 2.143638277906643630e+00 2.673197532084730543e+00 2.741450507469173292e+00
3.044252879066544626e+00 -2.965096031847050950e-01 2.174861437856895063e-01 2.561159117393996265e+00 2.607115160542146981e+00 3.139973190895135602e+00 -2.811696931421395096e+00
-2.932338971994078669e+00 2.899633408801458034e-01 1.019939514384962331e+00 2.895290744995114629e+00 3.019668781314785555e+00 -2.739816943666757876e+00 -2.195359038163350540e+00
-2.576886269292765430e+00 9.450928213021694280e-01 2.134426314794705348e+00 2.985983630985904469e+00 -2.963404560804044241e+00 -2.506120212893982568e+00 -1.975354632628721463e+00
-2.203457294255436238e+00 1.653712631754672868e+00 -3.030211072160576613e+00 -2.937197795681514290e+00 -2.995810191068180028e+00 -2.493557988217876442e+00 -2.691467865495859257e+00
-1.846208890653084689e+00 2.441722459652674537e+00 -2.255250078136045389e+00 -2.521182006664573372e+00 2.696761059976873653e+00 -2.357021774525089874e+00 -2.515567016461895289e+00
-1.567396465936077510e+00 -2.884364869592030534e+00 -1.658952028618364993e+00 -2.208199826148248057e+00 2.698113867794809995e+00 -1.816592178913281508e+00 -2.148471109331884676e+00
-1.490810727372864797e+00 -1.584573463830897699e+00 -1.173561203614506665e+00 -1.986656471631643051e+00 3.091902202666072963e+00 -4.302082604970228208e-01 -1.875607160572446030e+00
-1.608166656308056552e+00 -1.286308458706820756e-01 -7.359045201694247584e-01 -1.649043668711466903e+00 -2.635144856212682907e+00 1.540416333654900161e+00 -1.675668478418761875e+00
-1.525335640858353381e+00 8.651041605805721568e-01 -2.621301001046215662e-01 -1.158470300768180472e+00 -1.964789590303753331e+00 2.525775588482394696e+00 -1.357692683776661857e+00
-1.167632778263436144e+00 1.034614194179538593e+00 2.605272932298132171e-01 -5.788712874120056640e-01 -1.205155422099429607e+00 -2.928996799640169790e+00 -8.971272728928663120e-01
-6.636495837975266987e-01 7.298345432865391835e-01 7.909586682319630357e-01 3.954758002301855119e-02 -3.909494760508409605e-01 -2.153696734553504744e+00 -3.581076308254385054e-01
-9.597335036370259476e-02 1.251136699447181089e+00 1.265271325190895579e+00 6.538814282691762791e-01 4.306329049951366228e-01 -1.431365434426171923e+00 2.220626477353203065e-01
4.948309572636956366e-01 1.951034966105514634e+00 1.643952013498571452e+00 1.235568253707036490e+00 1.209385428769911952e+00 -7.809571342135092076e-01 8.085856870766244819e-01
1.075572408619981601e+00 2.668348485646695245e+00 1.945673590545252907e+00 1.747115466282226581e+00 1.904468240091597542e+00 -2.258560409060871021e-01 1.385106946234364811e+00
1.609331643634228870e+00 -2.962339190526102062e+00 2.223246477998426673e+00 2.143678339038173952e+00 2.490772436508446930e+00 2.142427263883929789e-01 1.932680356991403059e+00
2.029551188498166514e+00 -3.036970879343948049e+00 2.494549841643158850e+00 2.407005392897945129e+00 2.981592498799872093e+00 5.519686640357930330e-01 2.443504611658380732e+00
2.271412583973403176e+00 2.014274617692344727e+00 2.766768125733825467e+00 2.634856366466996391e+00 -2.828987023196803730e+00 8.807591039808158051e-01 2.919368356026855071e+00
2.445400021536285440e+00 2.607834617678255640e+00 3.084480401291853191e+00 2.942903131415201656e+00 -2.308423128507121280e+00 1.263017410726881895e+00 -2.957852078808143492e+00
2.725196106775643390e+00 -3.033384363541344886e+00 -2.821496580170673507e+00 -3.047906398777818104e+00 -1.755706340650723618e+00 1.679238242196094522e+00 -2.709005480656232479e+00
3.074679169232356735e+00 -2.377688581921593602e+00 -2.415005323328268005e+00 -3.037745570804592177e+00 -1.269172581356566409e+00 2.074482399899235219e+00 -2.738814282718957216e+00
-2.925427975989499441e+00 -1.709021708320449306e+00 -2.079811206698688242e+00 2.989628525986598895e+00 -1.745584884027497452e+00 2.388109917847092589e+00 -2.716046454843680458e+00
-2.783949494849084605e+00 1.755318848099955753e+00 -2.160343883338915028e+00 -3.094241803943011071e+00 -2.468919053820386011e+00 2.584399580591524082e+00 -2.444563432906575073e+00
-2.656751848701945473e+00 2.488324457432763648e+00 -2.821079349340208875e+00 -2.627357478999322371e+00 -1.975579222110746436e+00 2.721644403468999496e+00 -2.017385738237864157e+00
-2.379486471356221156e+00 3.099181371146495056e+00 -2.660391573186316805e+00 -2.033412519308579913e+00 -1.355564542919527105e+00 2.932000572611423994e+00 -1.496767967055044224e+00
-1.994606188839974648e+00 -2.601866487127954208e+00 -2.217863047585659775e+00 -1.315294319311157034e+00 -6.800656439126117059e-01 -3.057187505312880305e+00 -8.582722649498476519e-01
-1.580275510647458193e+00 -2.040186208007379154e+00 -1.732978340525393568e+00 1.035611122458592881e-01 8.955581090710920678e-02 -2.771356021631665723e+00 2.245131877159621259e-01
-1.218160910873874458e+00 -1.589800296087175990e+00 -1.363419163481769614e+00 2.180446135448534495e+00 1.298994298179003692e+00 -2.617008893402497538e+00 2.631850255025632634e+00
-9.929916821785801373e-01 -2.069473291793860525e+00 -1.580927894451540805e+00 2.960921042253104041e+00 -2.922390518762234546e+00 -2.608229506116235275e+00 -2.702164981907841046e+00
-9.075050037919759616e-01 -2.896504933488405431e+00 -2.044119718950110798e+00 -2.730857548969808590e+00 -1.900246799392980357e+00 -2.649084471997918300e+00 -1.974408555383063035e+00
-8.258452358343059130e-01 -2.521781947239811306e+00 -1.764110645633845342e+00 -2.208139509408360457e+00 -1.157976019537870549e+00 -2.820906867519301198e+00 -1.282345382563118363e+00
-6.852966074757482762e-01 -2.061662052176638671e+00 -1.307662435724721073e+00 -1.765055300404130056e+00 -4.874523628878688064e-01 -3.080568267922985992e+00 -5.753356585045737992e-01
-5.609589100339434919e-01 -1.613705047006081861e+00 -8.477448450578445316e-01 -1.448067213799164143e+00 1.375725747621947270e-01 -3.128812362129209212e+00 2.060426188530483926e-01
-4.766459791773450250e-01 -1.237198953205927099e+00 -4.717712667223512013e-01 -1.426863882748524048e+00 6.912149055056677760e-01 -3.025843839808438851e+00 1.117670953865621319e+00
-3.985617223532193498e-01 -1.007361745987549018e+00 -4.145468860701859160e-01 -2.282503066669627323e+00 1.132519271497208546e+00 -2.866171217580230746e+00 2.108834551668969048e+00
-3.707488511399371078e-01 -1.393930626358245162e+00 -1.295837536356288844e+00 -2.928050991576954143e+00 1.565782062040742773e+00 -2.666772088173994248e+00 2.931604968811901912e+00
-9.018075989212845922e-01 -2.268565794446435913e+00 -1.341250554478146784e+00 -2.766072687665151353e+00 2.204232395608332506e+00 -2.399666741111653678e+00 -2.694959187521514643e+00
-1.304934248172367806e+00 -2.030444471808573237e+00 -9.038061138128380412e-01 -2.343893293065844929e+00 3.025776993398596293e+00 -2.042545468167947575e+00 -2.066890733315732032e+00
-1.000577368055508343e+00 -1.544777051252763433e+00 -3.178760229848098251e-01 -1.785147174650570268e+00 -2.360315518639212851e+00 -1.603269325436821546e+00 -1.422549093125758946e+00
-4.837139105658236904e-01 -9.735460867482484959e-01 3.300798002412281829e-01 -1.142025816017672391e+00 -1.436323424193419962e+00 -1.113668061966461620e+00 -7.501401031607767278e-01
1.041060095261640561e-01 -3.686802308130200934e-01 9.815801139795437003e-01 -4.429094091483469220e-01 -4.948827091427712155e-01 -6.142524521513317293e-01 -5.041716766068396471e-02
7.083782580523446670e-01 2.362044628663164947e-01 1.587504820356132385e+00 2.973517802431167034e-01 4.699506198696778436e-01 -1.494218178517070783e-01 6.675913086057194690e-01
1.287209811313370755e+00 7.997519616918513652e-01 2.104853498477211371e+00 1.080953807987158788e+00 1.474329489627570933e+00 2.325801550425470043e-01 1.408480566268429213e+00
1.803685423241692343e+00 1.306389659786180379e+00 2.511436521384124543e+00 1.974056231071206868e+00 2.527627744603984095e+00 4.904786524356844479e-01 2.189899565178544893e+00
2.214317769470259822e+00 1.759622378704970291e+00 2.826129335886991001e+00 -3.126066385360393163e+00 -2.688160720649536373e+00 6.146885687560753597e-01 3.063195815397762978e+00
2.494014758127608644e+00 2.077626173136121857e+00 3.094141964154809799e+00 -1.753465233933882095e+00 -1.672132917257385554e+00 6.568648165565891262e-01 -2.146071505981290706e+00
2.715715820109509959e+00 -3.730278796490166249e-01 -2.946895601736702730e+00 -7.146498531478087113e-01 -7.381635406101865193e-01 6.973014263460207696e-01 -8.641482291224951151e-01
2.959358128662160414e+00 1.654687409254793906e-01 -2.775525498895570209e+00 8.425166794728389252e-02 1.206181457964789344e-01 7.746626394751585654e-01 2.880831921667105777e-01
3.072248986050596375e+00 7.416946466006538730e-01 -2.684978814884383169e+00 7.636385353613047711e-01 9.146366876464363527e-01 8.986373487106573688e-01 1.193248654872905767e+00
2.028273540238084038e+00 1.348017052651139247e+00 -2.574766970883038741e+00 1.350135212228560588e+00 1.629870533886778272e+00 1.087271120677320013e+00 1.848635837013246741e+00
2.048523196260166657e+00 1.972062312952693297e+00 -2.380428977237091903e+00 1.639959890057346437e+00 2.120143743628797761e+00 1.340072848876289857e+00 1.216423522233461618e+00
2.551508354398260625e+00 2.612729277339668865e+00 -2.137115781103515300e+00 4.017323271120282202e-01 7.623332883567781604e-01 1.628951118299561074e+00 8.737631004949849567e-01
3.136602837371741614e+00 -3.010576753853538623e+00 -1.884404160042357779e+00 6.023514086757348895e-01 9.739591572749435322e-01 1.897526045017775109e+00 1.359467721287252351e+00
-2.578291308063414444e+00 -2.466788930564857818e+00 -1.678947858405204219e+00 1.172453869840887508e+00 1.564791366030743758e+00 2.045043121148853338e+00 1.859610645466815093e+00
-2.100013383720816584e+00 1.637354652771866759e+00 -1.583622359995762618e+00 1.833266977723801761e+00 2.220931674337712103e+00 1.994111286393479343e+00 2.347999492168676650e+00
-2.036249869402797508e+00 2.310160863189936631e+00 -1.566270590143471253e+00 2.547093236024063234e+00 2.900885220861319613e+00 1.975668880934110971e+00 2.872693072158585270e+00
-2.900779874570408090e+00 3.036023204754920712e+00 -1.491939358901944734e+00 -2.990659913214127386e+00 -2.708947113321134470e+00 2.166487630074245718e+00 -2.854554569289228461e+00
-2.810742557223169236e+00 -2.505223768332355494e+00 -1.329790353196766972e+00 -2.246856278354452119e+00 -2.073033762853443651e+00 2.457840314222932143e+00 -2.288632144462241502e+00
-2.450750258772931733e+00 -1.747007946313154259e+00 -1.110441494002334384e+00 -1.521884155039607833e+00 -1.496026014439194585e+00 2.734604531959889506e+00 -1.751139357841781097e+00
-2.099465444179641871e+00 -1.004769509376602477e+00 -8.550797564961994945e-01 -8.305770297680034053e-01 -9.646947631972561110e-01 2.906072517567753088e+00 -1.251007311923296950e+00
-1.715295654465212705e+00 -3.211467411545866346e-01 -6.075849273636712011e-01 -1.649261633420840145e-01 -4.179742198868649505e-01 2.928768921264658154e+00 -7.756020038322969379e-01
-1.165997341068088611e+00 2.665699630469707815e-01 -4.054566821616560346e-01 5.198728936016391300e-01 2.186344217240623056e-01 2.870450807921610448e+00 -2.307310520131748977e-01
-3.620878140281278967e-01 7.133091368389237186e-01 -2.286625189439378814e-01 1.236692486249874934e+00 9.892907006032065631e-01 2.830667423663247639e+00 1.072098109826483014e+00
6.827264623328322957e-01 1.070541104235072538e+00 -4.542010508390200568e-03 2.000053043427159061e+00 1.887843035318532925e+00 2.784874708355816963e+00 2.755019170024993969e+00
1.712443394379043360e+00 1.430922092527223910e+00 2.747205023242484390e-01 2.810248908284173286e+00 2.856248718793240382e+00 2.764587982080737305e+00 -2.679632091956257067e+00
2.571494207857725200e+00 1.855933658848967660e+00 5.938577255417222256e-01 -2.633900249550654493e+00 -2.464374281245919285e+00 2.897528972289846294e+00 -1.944275875776248164e+00
-3.014243049069359692e+00 2.353764379927199446e+00 9.131343987916737959e-01 -1.780932736094949176e+00 -1.556813280673682520e+00 -3.125779571501336118e+00 -1.256122020221375424e+00
-2.497150572305088190e+00 2.917542182049998711e+00 1.119778136075542774e+00 -9.625503764208033219e-01 -7.237493244979805729e-01 -2.840487657085326578e+00 -6.475167036126463493e-01
-2.089848345307755650e+00 -2.745763844494337746e+00 9.333265397204848490e-01 -2.317977036450612205e-01 3.007878129706103437e-02 -2.590339110625623942e+00 -1.817592314534625109e-01
-1.657105950732314037e+00 -2.133022900245856057e+00 7.907499275399298977e-01 3.696946484753708684e-01 7.054318422854317649e-01 -2.415546376133262729e+00 1.408896334537200479e-01
-6.449105048824281816e-01 -1.638440570752066616e+00 1.082688173198675496e+00 8.083583371521224636e-01 1.302407054501136807e+00 -2.382260189966569630e+00 5.360096169906518604e-01
2.214624735131604627e+00 -1.681541705550817056e+00 1.511501500344468507e+00 1.219913031531046466e+00 1.819631558613519440e+00 -2.445869312745740043e+00 1.056364336133353676e+00
2.525899258544906711e+00 -1.882521573437869300e+00 1.912182604156982046e+00 1.700740147983100581e+00 2.255956738058825906e+00 -2.375259285166499534e+00 1.609847808266837488e+00
2.727216777963523686e+00 -1.359893049283973809e+00 2.224388312028427350e+00 2.173117345663603484e+00 2.590413706995212451e+00 -2.210911021306469770e+00 1.986405242794893500e+00
2.964552778188114246e+00 -5.116169938294001795e-01 2.514653659072296321e+00 2.364638356506909123e+00 2.765885218333263840e+00 -2.148725376475669524e+00 1.723716953239345262e+00
3.088419025755889002e+00 5.466547132348597016e-01 2.868986655660078711e+00 2.068162910642838082e+00 2.838625199027625001e+00 -2.212303370372635136e+00 1.706515801212247219e+00
3.054645555273073132e+00 1.563385246807905249e+00 -2.985326659122201853e+00 2.276881392793734360e+00 3.058445392699721044e+00 -2.160042458517828834e+00 2.180585177739292835e+00
3.126294859309323826e+00 2.412479295973693816e+00 -2.512939401330883005e+00 2.795670719723808428e+00 -2.816262240946659556e+00 -2.040982544615649985e+00 2.771857028385257049e+00
-2.898088090771398395e+00 3.123191559907755543e+00 -1.953794749241559048e+00 -2.899053816348822199e+00 -2.313981396363554488e+00 -2.070585451443835101e+00 -2.915661281529021043e+00
-2.638022655394051341e+00 -2.751307848175358117e+00 -1.169804169962397999e+00 -2.345236792615504662e+00 -1.793643414744083620e+00 -2.224331345694812168e+00 -2.351001678782425497e+00
-2.474777343398151697e+00 2.085350863943779665e+00 -3.123240868820399349e-02 -1.900668311386070286e+00 -1.310625586751104965e+00 -2.174729958001406338e+00 -1.846745970679885884e+00
-2.308068565946463035e+00 2.363808143882565549e+00 1.088911835762869096e+00 -1.699145393849049723e+00 -9.203370458244041208e-01 -1.943006322611129155e+00 -1.421645827314884869e+00
-1.957322978008068537e+00 2.916997482583206569e+00 1.970776610099282955e+00 -1.807861873788347173e+00 -7.443983472338584484e-01 -1.646544760055442591e+00 -1.132170598489116164e+00
-1.462177278347075227e+00 -2.818195860889757487e+00 2.754134465415556399e+00 -1.870494929358983649e+00 -1.180438294630914875e+00 -1.344750135110567069e+00 -1.054083303268735339e+00
-9.130003402906331500e-01 -2.294546356982386737e+00 -2.765594047716720016e+00 -1.716388621180099605e+00 -1.518667900253780401e+00 -1.078840957139194812e+00 -1.005222894888487151e+00
-3.862322800210584717e-01 -1.798974973419809720e+00 -2.022287241697978466e+00 -1.437745515155757881e+00 -1.259423581605257914e+00 -8.952277121618639200e-01 -7.806190574705618168e-01
1.347383005486940503e-02 -1.305789131112951917e+00 -1.326274382210192337e+00 -1.087836588966924589e+00 -8.296819782950801692e-01 -7.708949993597955519e-01 -4.682402022812310882e-01
5.155849747580348863e-02 -8.133598624676035005e-01 -7.191098000728159967e-01 -6.871573386467334510e-01 -3.583909969292057851e-01 -5.841819194659224612e-01 -1.801261633794882522e-01
-2.981994153936978198e-01 -3.458759251752626107e-01 -2.065982814525579025e-01 -2.342898401694674670e-01 1.316167117828342115e-01 -3.195808560670389542e-01 1.467543231293596817e-01
-1.567106899251740626e-01 9.014924674954258310e-02 2.760900749180540958e-01 3.021386873022348096e-01 6.671079640021192469e-01 -6.402545094690878513e-02 5.987208629774369850e-01
2.897455443939686015e-01 4.920027780142204876e-01 7.612264543116986637e-01 9.188380764497274811e-01 1.283919107723168196e+00 1.276005707347428186e-01 1.171802111906237620e+00
8.526806709215564162e-01 9.189147223517487584e-01 1.235436679714716934e+00 1.602294135922503138e+00 1.998922475739303373e+00 3.283158304373143266e-01 1.803716294239434914e+00
1.449616850326412631e+00 1.355651678796505388e+00 1.622486800430539944e+00 2.309394744379257958e+00 2.801143888327845222e+00 6.067391890021788248e-01 2.455873341354157358e+00
2.035354834020845605e+00 1.769451671007042481e+00 1.829258873139388841e+00 2.996747363998852443e+00 -2.643773235265450161e+00 8.511836380698921678e-01 3.125939970413587510e+00
2.584301195151599728e+00 2.232809151170214168e+00 1.977833255827240899e+00 -2.630706200927753091e+00 -1.846967951067293834e+00 1.545355146173485739e-01 -2.458044051698218713e+00
3.097235945588161510e+00 2.837729714329850328e+00 2.332860556933639806e+00 -2.016186431627048581e+00 -1.147856989348200019e+00 -3.367692780624338966e-01 -1.706802896801216551e+00
-2.662513016213888584e+00 -2.736033310655448414e+00 2.873471558192718600e+00 -1.451986394849468898e+00 -5.764351817090225261e-01 1.552588578236194922e-02 -9.452257591396939773e-01
-2.067828776406155367e+00 -2.017621190791890395e+00 -2.779978658782653600e+00 -9.655574740768554376e-01 -1.358756177569545032e-01 4.497411521001254409e-01 -2.377028247691036211e-01
-1.294911209839510802e+00 -1.326345007642144358e+00 -2.107650039168351697e+00 -5.623723853641205972e-01 2.534198213077833439e-01 8.501148699813290133e-01 4.067482275484416432e-01
3.005848925752950887e-02 -6.923814609188038149e-01 -1.427029693008292854e+00 -1.803771983584547267e-01 6.928291683683875934e-01 1.215766960734590452e+00 9.895346061646478342e-01
1.604932333721282189e+00 -1.305255289247061745e-01 -7.573807069611859788e-01 2.518444293329729633e-01 1.194062680671052812e+00 1.643677720218634342e+00 1.527215035902342644e+00
2.242633376053274397e+00 3.920380655791658731e-01 -1.030240258896941707e-01 7.844098795247602673e-01 1.746654870659111403e+00 -1.411898001446161954e+00 2.018937399049652193e+00
2.116665850085790890e+00 9.092202265784568027e-01 4.986997222343586000e-01 1.414327677120958748e+00 2.398369022525539407e+00 -7.626885791140836091e-01 2.518745084988538885e+00
2.172662848063138252e+00 1.456301630347827336e+00 1.095022162117116116e+00 2.139060859758686650e+00 -3.032273724964225092e+00 -2.670082042406898282e-01 3.103123120484526432e+00
2.603777644346854547e+00 2.028652782782045083e+00 1.766633905762692081e+00 2.954701825726673281e+00 -1.979093796554820983e+00 1.569456940092420760e-01 -2.508766591701411031e+00
3.098522286065485520e+00 2.609601557748204570e+00 2.448890624901652213e+00 -2.441659761069958190e+00 -9.647996589780103438e-01 4.856497638197664335e-01 -1.756595007066437786e+00
-2.725177671863458606e+00 -3.069552789721428088e+00 3.125597964468727952e+00 -1.513459230759123475e+00 -9.658729811624348904e-02 7.061525045076669782e-01 -9.416996588061657958e-01
-2.334022193129640321e+00 -2.402738335557184524e+00 -2.497502493169160509e+00 -6.006584113574605643e-01 6.793400467051056157e-01 7.447279371138048054e-01 -7.093107163445457053e-02
-1.979996956844213063e+00 -1.607065434697099171e+00 -1.850275532073054618e+00 2.425480807820357687e-01 1.413035391733092450e+00 3.377132219706837635e-01 8.534438369925628765e-01
-1.616025131620779431e+00 -7.640648958164487636e-01 -1.219917942728563576e+00 1.001850298109873805e+00 2.135003962989078907e+00 9.209172356951229876e-02 1.777762635723059592e+00
-1.231614800081255678e+00 2.883190044434856547e-02 -6.018655956200978929e-01 1.678999145721676634e+00 2.865105766825390976e+00 3.348510972050863788e-01 2.639539415123095090e+00
-8.764365876884120388e-01 7.756334126862733935e-01 2.048061158129031722e-02 2.330769699612619927e+00 -2.666843841358820466e+00 7.671896436652505535e-01 -2.879783270742640955e+00
-7.205482246804972846e-01 1.490745440413904221e+00 6.882967836313698129e-01 3.050255280274167813e+00 -1.889680852788556686e+00 1.267411190582265812e+00 -2.202882309265075556e+00
-1.138521841338058227e+00 2.210344677274005409e+00 1.612934896306292387e+00 -2.390891735510132676e+00 -1.098574207283614879e+00 1.772980463323251099e+00 -1.513798912669058527e+00
-1.345741449804699119e+00 2.975671545968168630e+00 3.015217077458707706e+00 -1.372664230526150497e+00 -3.253191705915495779e-01 2.223984288354362793e+00 -7.787142457768481130e-01
-1.094655113257719803e+00 -2.433064515771930836e+00 -2.165202090055769801e+00 -2.538039388550211717e-01 4.012846642298623090e-01 2.547511962034295863e+00 -3.581023991751364904e-02
-7.334951759515609959e-01 -1.291584132751904423e+00 -1.386123343036430589e+00 7.544032864620681123e-01 1.073528734021831355e+00 2.676678655895885051e+00 6.805702869841849800e-01
-3.706221517061149551e-01 -1.833076982721144541e-02 -8.504877663825509693e-01 1.621039283437606837e+00 1.698469805229608998e+00 2.643710115696592311e+00 1.337859839753448687e+00
-8.615940472835982578e-02 9.002601191545466230e-01 -1.380125205023361668e+00 2.396740477822072002e+00 2.292816018776693276e+00 2.624442328594247531e+00 1.948628093527768002e+00
6.044376777893834159e-03 1.485904858972333153e+00 -1.598153234853746385e+00 3.104103264511480997e+00 2.880967302021637089e+00 2.697669500221227867e+00 2.540467470496604374e+00
-1.722383108547068109e-01 1.832606590155672954e+00 -1.121646720803828101e+00 -2.531013146459466512e+00 -2.793013197376665868e+00 2.792788553948467367e+00 3.137183103637853243e+00
-3.575942356088147589e-01 2.157449302798758239e+00 -7.957237709799999115e-01 -1.940398979796600143e+00 -2.105809470661202276e+00 2.858174827313415545e+00 -2.528258119342429833e+00
-5.031979925848013568e-01 2.598168313788646433e+00 -1.630323775785242457e+00 -1.349697826628452724e+00 -1.059583598433935459e+00 2.984212558692444617e+00 -1.909794258800047162e+00
-5.713820796783277700e-01 3.035074828881273223e+00 -1.468542120723638433e+00 -7.179801932889239291e-01 4.562512986478218235e-01 -3.065423095206332160e+00 -1.306304820399002198e+00
-4.297159858293729817e-01 2.747646039057792589e+00 -9.369818764984406689e-01 -4.074534968372181543e-02 1.317976246548050456e+00 -2.775530268780495913e+00 -7.449390371604835970e-01
-1.202290202070613323e-01 1.750757977570682078e+00 -4.317572157756361939e-01 6.916701802479845451e-01 1.940825561430360224e+00 -2.468406060048688566e+00 -3.389829970149333405e-01
2.523928217827886011e-01 2.113814552299211336e+00 -1.164030319127626195e-01 1.472092989558760445e+00 2.537211443792538379e+00 -2.138301852731448793e+00 -7.036551657044457508e-01
6.009127005881146344e-01 2.555030537759119369e+00 -2.934591640674586444e-01 2.299652504487008198e+00 -3.138768440573085350e+00 -1.881329241585888878e+00 -1.065910550705600368e+00
6.462999907774583663e-01 2.984756557094496721e+00 -7.168996196606288729e-01 -3.106628816758577383e+00 -2.526668304101893803e+00 3.007795441233129363e+00 -6.767490458609433102e-01
-4.829387839632579005e-01 -2.893801268495253431e+00 -5.583323300841503967e-01 -2.165682273328683127e+00 -1.954651528416858408e+00 2.830016381598356112e+00 -1.960443251363296058e-01
-4.905010636154372716e-01 -2.499160738063123333e+00 -1.512581736182500025e-01 -1.107029510416072782e+00 2.014831055477086963e+00 3.106393951845402235e+00 2.999302375289695788e-01
-1.119241490840399145e-01 -2.116652476097573565e+00 3.467985636127069449e-01 7.400238864597302561e-03 2.517268780401312078e+00 -2.923820477747146818e+00 8.274490248223997924e-01
3.649590417430943479e-01 -1.737542644658974789e+00 8.779054767202606469e-01 9.369888698017999618e-01 3.066715593840391829e+00 -2.518895722485917865e+00 1.427760236881504996e+00
8.891695440794700200e-01 -1.374535883997742847e+00 1.413207157519371648e+00 1.680776011762710409e+00 -2.704449766638193697e+00 -1.893143644759550881e+00 2.064174582832109639e+00
1.417799635734117603e+00 -1.084403228026339150e+00 1.933340902195376465e+00 2.340866229110441399e+00 -2.259559204401684340e+00 -1.045756900708272763e+00 2.689213152124525497e+00
1.902731305544613116e+00 -1.043743975779154898e+00 2.439758653259769261e+00 2.963737173418764304e+00 -1.898576029729003967e+00 3.647534653961125861e-01 -2.950252683932010012e+00
2.290525291989670809e+00 -1.417682257276356772e+00 2.961197156193056568e+00 -2.716531455790881733e+00 -1.609938587071323202e+00 2.089720070913805294e+00 -2.296366035483175860e+00
2.544375705506678909e+00 -1.463616441049066630e+00 -2.749686155073490568e+00 -2.132828003594864352e+00 -1.352837313587619938e+00 2.998263458414965221e+00 -1.640830900668225123e+00
2.680881335677812949e+00 -1.165209042035754372e+00 -2.077397982757342998e+00 -1.553197618695107085e+00 -1.071752795013077186e+00 -2.638315599218100882e+00 -1.000561409719193717e+00
2.713139544350752885e+00 -7.680625593339071022e-01 -1.160890957222590725e+00 -9.776201000327268131e-01 -7.370004902681634995e-01 -2.098495167805509265e+00 -3.783298039716347927e-01
2.639430712753883412e+00 -3.988450461615577480e-01 3.764367644357931031e-01 -4.230006059000990803e-01 -3.822141314389361777e-01 -1.946341975463098173e+00 2.182458204333101170e-01
2.562849469659775004e+00 -1.476740125443071483e-01 1.520019131261301615e+00 9.344061659534982911e-02 -1.041242273224432940e-01 2.657811165731246206e+00 7.655144896425314371e-01
2.579254256534194045e+00 -8.365902493562814290e-02 1.809871983019456509e+00 5.567077305687132549e-01 -3.932236213005756154e-02 3.089312187125024423e+00 1.275646685046183615e+00
2.621758499370701934e+00 -9.200273974845085689e-02 1.322589015901034504e+00 1.258313320922772149e+00 -1.287940518808987356e-01 -2.658914905169345921e+00 1.783911198218180338e+00
2.639266199955110359e+00 -2.796132614485933796e-02 1.337779960128355317e+00 -3.040808929283230544e+00 -1.950646930951079883e-01 -2.118217513379719197e+00 2.319067342712930468e+00
2.620919934904123227e+00 1.540580841621200514e-01 1.584314470218890936e+00 -2.250950499562660578e+00 -7.442501156000352891e-01 -1.615383193860927546e+00 2.872262755284108682e+00
2.624217715410874341e+00 4.552922162568253661e-01 1.876740447741911622e+00 -1.695480918924884506e+00 -1.252859955802912317e+00 -1.701107525327542280e+00 -2.868600712540134268e+00
2.776772531436727753e+00 8.813089527461827055e-01 2.253071582206628065e+00 -1.160509857558090552e+00 -1.023892563671557676e+00 3.095619867908030898e+00 -2.291003362187520320e+00
3.130525540536748696e+00 1.383067804327694272e+00 2.741046154763443710e+00 -6.172625673962702786e-01 -5.717222227459836104e-01 -2.686883635759696354e+00 -1.562232153846697447e+00
-2.672270270303889195e+00 1.881195838955168842e+00 -2.981087834558671990e+00 -5.879643109584214988e-02 -3.525893196716522321e-02 -2.100095064667889311e+00 -5.898814599509027978e-01
-2.155850074357370083e+00 2.245341364804224416e+00 -2.383770998527393381e+00 4.970272180294569297e-01 5.292983293814180756e-01 -1.513492142267456320e+00 5.123854694094009954e-01
-1.748162433686262229e+00 2.338291204464522099e+00 1.257044187964535542e+00 1.034549958528912628e+00 1.084195906831358247e+00 -9.578582207468488985e-01 1.510899620214736006e+00
-2.020186288672016772e+00 2.374990145269374242e+00 1.880484806117691976e+00 1.542461654552323536e+00 1.597448319266266958e+00 -4.383698825893685425e-01 2.392313496636106152e+00
-2.504774140171394770e+00 2.513168342174418424e+00 2.440986818346687404e+00 2.033713533135457219e+00 2.023193375411902473e+00 5.505947328991553369e-02 -3.014164736868847783e+00
-2.167054952255910827e+00 2.593506369136070688e+00 2.991826033086620207e+00 2.510813861806429070e+00 2.156974907611864278e+00 5.040332253553315711e-01 -2.024602805785376436e+00
-1.666532929428043097e+00 2.560783295737577792e+00 -2.770019912672858187e+00 2.831126746422756302e+00 1.228858787266531083e+00 8.144918933729965449e-01 -9.204488125129612897e-01
-1.131133171074579780e+00 2.565485135946249606e+00 -2.311442867263767020e+00 1.701997908056652964e+00 1.164618454514849022e+00 8.434329629442484100e-01 9.076396472567713203e-02
-5.812914883622271045e-01 2.010158539601480054e+00 -2.139647489983437012e+00 1.631247542554101759e+00 1.543478385298125533e+00 7.793082533981576798e-01 9.338616310812335453e-01
4.459871911744712515e-03 1.628267679155459113e+00 2.547331350725770882e+00 2.074410310814304381e+00 2.005779433387818944e+00 8.790433632785148443e-01 1.665385422061383958e+00
7.153417271035342750e-01 2.024372731894643174e+00 2.712607564646036362e+00 2.554179560515900782e+00 2.476494813371971304e+00 1.065177995719767345e+00 2.321278867808506785e+00
1.756381031907484846e+00 2.609665507684840957e+00 -3.111405572777194095e+00 3.032324600934205971e+00 2.900024247929793741e+00 1.303766521708740855e+00 2.915553277418502454e+00
2.998938135861186183e+00 -3.032908124620075085e+00 -2.572840016406054975e+00 -2.792322387907574921e+00 -3.126126476517097963e+00 1.568772793140273292e+00 -2.844056666598501870e+00
-2.478451527117949915e+00 -2.361994925214025542e+00 -1.992307758400157613e+00 -2.392840384539993703e+00 2.952653719704279922e+00 1.770436799054034616e+00 -2.493711478593733766e+00
-1.992864655858979317e+00 -1.666751618861448403e+00 -1.402551392629171279e+00 -2.382372413111280007e+00 2.729575561444738341e+00 1.795865693029750076e+00 -2.646367321875882972e+00
-1.671830725721726640e+00 -8.814923560420395710e-01 -8.325089943115704383e-01 2.839712562641960147e+00 2.988759253415658623e+00 1.680176772164927668e+00 -2.944975619806493139e+00
-1.404007545887705932e+00 2.223374684937950152e-01 -3.308693428994325947e-01 2.921956119037348643e+00 -2.847164686832654557e+00 1.649684638742638487e+00 -2.669848554997769075e+00
-1.086992549679549613e+00 1.761265160314131162e+00 -1.251746257755952829e+00 -2.937486054064290197e+00 -2.309259730282996248e+00 1.791014055045369036e+00 -2.191579953107059442e+00
-6.978975204277274580e-01 2.907045561239495424e+00 -1.984565561211110607e+00 -2.448530123669547809e+00 -1.643151875503913173e+00 2.041357707989901904e+00 -1.648260421720096902e+00
-2.818986283280000560e-01 -2.516533107076024844e+00 -1.478901917982845093e+00 -1.966241789593404565e+00 -5.961681956339590638e-01 2.280215532247944488e+00 -1.090297073783327964e+00
9.726794371645994253e-02 -1.736173688363245926e+00 -9.194134345912680084e-01 -1.568537672565510466e+00 1.107871587723051610e+00 2.324412001926710047e+00 -5.390822183737775664e-01
3.380169667087158936e-01 -9.552996920425922411e-01 -3.547837140285071689e-01 -1.266863827887553251e+00 2.176891956593941302e+00 2.084840573221052207e+00 4.742966849090983657e-03
4.341016881280457818e-01 -1.638680293057792614e-01 2.182850543720279424e-01 -9.957759881553208681e-01 2.892221709605474977e+00 1.965122489146334583e+00 5.364918260866207156e-01
5.923962573126432263e-01 6.093779196898735373e-01 8.459445545891411955e-01 -1.981301341824665663e+00 -2.777588809661128977e+00 2.039770350231763452e+00 9.668086541707040515e-01
9.307146179304550682e-01 1.362941365819531958e+00 1.720823704328513726e+00 -2.720458211378791624e+00 -2.197562154816293578e+00 2.158338911571842100e+00 -1.165311175710317615e+00
1.402033045609895501e+00 2.102771859605444327e+00 -3.093097552017208152e+00 -2.239116527980382187e+00 -1.627961953712561138e+00 2.290454238131623299e+00 -6.502017791570082750e-01
2.242161435994857399e+00 2.857019869145157820e+00 -1.967112129490578898e+00 -1.693465927070904931e+00 -1.064918574096303860e+00 2.447107861667351170e+00 -6.700572829535625385e-02
-1.873265640266877252e+00 -2.620550590769470389e+00 -1.243828104956163694e+00 -1.111549399252456771e+00 -5.013353999496462654e-01 2.599441437386740716e+00 4.972387267456436777e-01
-1.070366104798079476e+00 -1.743204932826284193e+00 -6.355332022643460643e-01 -4.802172361096603281e-01 8.127590286833687172e-02 2.700939837200670990e+00 1.008576792650099474e+00
-4.723125683012610043e-01 -7.689157501536924011e-01 -8.220927234857570987e-02 2.155024288882904648e-01 7.006690986661764375e-01 2.773434948473654238e+00 1.477119027061324585e+00
1.532052033803859570e-01 2.463974028366676949e-01 4.373069881621856059e-01 9.980610044359409239e-01 1.358847654959941309e+00 2.890451623121829350e+00 1.939961694771350054e+00
8.108012397987278685e-01 1.165776324209147452e+00 9.515977476925014944e-01 1.832437088661252211e+00 2.033112737903433942e+00 3.065488591459843981e+00 2.448210305125626096e+00
1.491030625364901274e+00 1.957058342397184569e+00 1.553445271603053346e+00 2.657838139533307498e+00 2.682175808076136647e+00 -3.025936272955990880e+00 3.043123115575026461e+00
2.174573018555252535e+00 2.652918719624860255e+00 2.541326614662722694e+00 -2.853837778229497246e+00 -3.021875201123331856e+00 -2.844579116343739500e+00 -2.549023568209826784e+00
2.840096056401910651e+00 -2.996220561669670879e+00 -2.017047824906597508e+00 -2.157361757095021648e+00 -2.553083203710812654e+00 -2.673473937575479908e+00 -1.683144699334802041e+00
-2.817659945196781202e+00 -2.393814075265298769e+00 -9.911753630956351424e-01 -1.530442139177372152e+00 -2.253162477390093787e+00 -2.506293380573072049e+00 -3.385329991390818583e-01
-2.263421946004681384e+00 -1.831741925285628181e+00 -3.360788021305428086e-01 -9.990925339213342360e-01 -2.340066230018689630e+00 -2.376935409320582338e+00 1.311876232246853791e+00
-1.794249510721600549e+00 -1.346998971120208610e+00 1.733618213482798209e-01 -7.515425556669299567e-01 -2.706841521119759619e+00 -2.370878718893127957e+00 2.314974037127513373e+00
-1.440477900061565508e+00 -1.126835291806560058e+00 5.964954528622418151e-01 -1.704950195372848087e+00 -2.527823269371666459e+00 -2.448543256768116017e+00 3.079672801685957140e+00
-1.214776559473191853e+00 -1.612389373415792804e+00 9.645003000224867673e-01 -1.695852099949317182e+00 -2.063868047150641427e+00 -2.346175509251527291e+00 -2.485235359830194835e+00
-1.011938247108336686e+00 -1.581509118686160065e+00 1.292225348962923182e+00 -1.211707994363546925e+00 -1.501010188148063751e+00 -2.030687333071918843e+00 -1.748080505496503845e+00
-7.034932726997297214e-01 -1.085043353447778580e+00 1.583075175647984167e+00 -6.433672428497764217e-01 -9.056335569049069889e-01 -1.602348435470217991e+00 -9.994806373919017384e-01
-2.922331786010619048e-01 -4.524609774556744846e-01 1.851625322682715957e+00 -6.534099525963367461e-02 -3.118495534863839902e-01 -1.138302341048269772e+00 -2.567504656103655192e-01
1.630275804263041084e-01 2.278568337862220683e-01 2.116787575435656876e+00 4.840073585520423549e-01 2.601797817984864980e-01 -6.950710919643067198e-01 4.723157910954504657e-01
6.233296553072932289e-01 9.273216664560514078e-01 2.405412586132261055e+00 9.901847441831365115e-01 7.977674060184194449e-01 -3.202353024411456750e-01 1.184806869496554116e+00
1.059104674163241055e+00 1.614979925996714138e+00 2.753580823941513600e+00 1.439746751934531943e+00 1.285174347680482887e+00 -5.700303038282072271e-02 1.902625670707847050e+00
1.447849323881498007e+00 2.279375804918537973e+00 -3.102624175813303964e+00 1.815168435434457717e+00 1.690982524635574746e+00 7.409574435835193651e-02 2.685334673875006128e+00
1.753427129980841714e+00 2.935825656880379775e+00 -2.594010420711771570e+00 2.081839603862708277e+00 1.982217538845060911e+00 1.357748126717553128e-01 -2.367514966993832459e+00
1.922683955135032985e+00 -2.677999943349961942e+00 -2.023130776863544256e+00 2.220951843543130355e+00 2.199603852933933901e+00 2.363710731577625401e-01 -1.674067600293682734e-01
1.889087163428939231e+00 -1.967691837060699278e+00 -1.406945812472092161e+00 2.307139988454649515e+00 2.452912883583646675e+00 3.933544948500908855e-01 7.565801915711706238e-01
1.647656940958700522e+00 -1.222072071830562878e+00 -7.391935968694615111e-01 2.420264155589175736e+00 2.776023731159221963e+00 5.790376160043019249e-01 1.441263670525952056e+00
1.519886394667680829e+00 -4.270422033988620081e-01 5.578844327971521633e-02 2.614315497556826351e+00 -3.130089811581382442e+00 7.804792673402395353e-01 2.131811010290506569e+00
1.681644862477953861e+00 4.888607436722025579e-01 1.206481002717705975e+00 2.954135183163519862e+00 -2.688874011573402889e+00 9.907513643234709955e-01 2.956155242758764068e+00
2.018721090418228226e+00 1.658343568144239333e+00 2.553911259571991277e+00 -2.749579668402553967e+00 -2.154809403036062054e+00 1.195831120524178504e+00 -2.208229786075204704e+00
2.449074360534041706e+00 3.007308581307906348e+00 -2.757275344781287441e+00 -1.838923306319606432e+00 -1.505613330719689058e+00 1.395250683083011367e+00 -8.840023006403590067e-01
-3.125061102517521672e+00 -2.207924029051818060e+00 -1.991575441579463535e+00 -6.362665286383919483e-01 -7.451126211678730238e-01 1.604862329884114702e+00 1.359860360718140593e-01
-5.140705868445949456e-02 -1.414193417965813993e+00 -1.313408811445606394e+00 3.549808911819250512e-01 7.868126186932176969e-02 1.813255140034454538e+00 8.667886353327162174e-01
4.477260304279208070e-01 -7.704745868150562060e-01 -6.843571222155915290e-01 1.072939965575752552e+00 8.888666052085339997e-01 1.977723157269136944e+00 1.414497150074274234e+00
8.736652820977616196e-01 -2.192815430252657016e-01 -7.731711558496476289e-02 1.651560788627942422e+00 1.636821111837165610e+00 2.088451408670339404e+00 1.832005009385529570e+00
1.246400503291417605e+00 2.530350492543576024e-01 5.186526067940402385e-01 2.142946029159750854e+00 2.325552828525740079e+00 2.178788523632960050e+00 2.222373539448224022e+00
1.543223760741735173e+00 6.977837213628429458e-01 1.107421381144267025e+00 2.570346769608923498e+00 2.981501541883890383e+00 2.254094026260089034e+00 2.677301678491968318e+00
1.730329498182205272e+00 1.171236556538545859e+00 1.705978427714923473e+00 2.954760844888196125e+00 -2.657191587538466848e+00 2.318162637208399879e+00 -3.080412641681200103e+00
1.810591001738149908e+00 1.931308865728856849e+00 2.383981089861952452e+00 -2.994804970410899880e+00 -2.020183661717605883e+00 2.396473073153047029e+00 -2.503097803299873192e+00
1.860904750180951694e+00 -2.915179114969028262e+00 -3.043201700215975247e+00 -2.705992471857366688e+00 -1.407590695939152869e+00 2.498642065732694650e+00 -1.904312614582523544e+00
1.948788312659848421e+00 -1.887982704881967955e+00 -1.953817638710922289e+00 -2.420737438436660227e+00 -8.542238292033892400e-01 2.632582865089398982e+00 -1.293611343488221044e+00
2.075862791314562195e+00 -1.211678519407594745e+00 -8.502687892342111198e-01 -2.003655266852958139e+00 -3.923338587684583323e-01 2.814550771686472164e+00 -6.476518240776965030e-01
2.220916331616657580e+00 -6.455057886999330252e-01 -1.503285933764462318e-02 1.084085449103071142e+00 3.554033294071775456e-02 3.028900215895535375e+00 9.723504638718628856e-02
2.368460303907181430e+00 -1.587386962286931047e-01 5.761237302097831359e-01 1.748713351985601516e+00 7.037283994023040279e-01 -3.071389063333654246e+00 9.627630213199105391e-01
2.508404158548832807e+00 2.614671976913419682e-01 1.003235690844779260e+00 2.191545838511612665e+00 1.822397782768390373e+00 -3.003681853633007659e+00 1.777592981505625280e+00
2.660232877904387561e+00 6.218868262758826537e-01 1.344819585361491932e+00 2.570824168650315933e+00 2.693547076801747320e+00 -3.033587023526680859e+00 2.411145552244561951e+00
2.843134543078330800e+00 9.888663429247682712e-01 1.682477448608373338e+00 2.913947541542116326e+00 -3.013773730299688758e+00 -3.007427147400178136e+00 2.920561280660813441e+00
3.041756807384890404e+00 1.420856390985510753e+00 2.010452179534651940e+00 -3.005751987945378900e+00 -2.512955447273067300e+00 -2.837724503273758359e+00 -2.863915718617251915e+00
-3.065679511633658816e+00 1.971773502739014861e+00 2.262302738544591740e+00 -2.604915889459172185e+00 -2.018284339148390671e+00 -2.522319391994125581e+00 -2.335383405843733051e+00
-2.912282287439440953e+00 -1.098713394828198409e+00 2.415385066829521588e+00 -2.168128721212158272e+00 -1.508624007055895166e+00 -2.085587901076124684e+00 -1.808362098226658388e+00
-2.737998002803376796e+00 -5.590767569153951705e-02 2.595201154461500348e+00 -1.703154527168111221e+00 -9.657786391791429725e-01 -1.565075440619727143e+00 -1.276053652970780661e+00
-2.497984446733983788e+00 6.456200951206900740e-01 2.935465353105084940e+00 -1.218164620575763468e+00 -3.823225269846860508e-01 -1.003802878790690967e+00 -6.992023355446796984e-01
-2.185284021170793789e+00 1.317239294027452434e+00 -2.882838911582375374e+00 -7.269937360532853221e-01 2.273641595043957020e-01 -4.546999967738772908e-01 -5.830324688963996888e-02
-1.831851262983036133e+00 1.926625947599707178e+00 -2.388019943092832609e+00 -2.304612946895887859e-01 8.352697930042443097e-01 -1.432918241735803982e-02 6.389519273503431185e-01
-1.508413405793871842e+00 2.443346861362766909e+00 -2.001793391304402370e+00 3.053321934503830382e-01 1.414202094404699794e+00 -1.427262068270252482e-01 1.371966018917559982e+00
-1.335793950134599450e+00 2.870685864001652376e+00 -1.979451659079098258e+00 9.389439837682427292e-01 1.952239073344884668e+00 -1.336250752733993963e+00 2.131866441972764648e+00
-1.435379709369549950e+00 -3.033764179497992597e+00 -2.163558188491700118e+00 1.867447107286577035e+00 2.461094217855423594e+00 -1.322444368397200032e+00 2.915563045358771088e+00
-1.533571065015840063e+00 -2.644656068542734051e+00 -1.994737297277592747e+00 -2.750420423514754020e+00 2.965836848402997550e+00 -1.085139294019752620e+00 -2.564991353603261803e+00
-1.388469314242348096e+00 -2.227812084140214477e+00 -1.710515847258611499e+00 -1.612311843509253828e+00 -2.797107005554831716e+00 -7.616927022079978959e-01 -1.743458843804390757e+00
-1.126662552106970194e+00 -1.772101631005539968e+00 -1.530485681148581634e+00 -9.416737943190485183e-01 -2.248049481491591894e+00 -4.022408622123103683e-01 -9.084913839049139073e-01
-8.540802847032815670e-01 -1.280392286337726837e+00 -1.575883998315328549e+00 -4.181060721577217754e-01 -1.564134788953588151e+00 -5.116211338217437760e-02 -6.600433900930904874e-02
-6.344027066789702518e-01 -6.940434322183427485e-01 -1.676721894828299142e+00 2.746167926678615492e-02 1.643709825203932828e+00 2.441334632520055781e-01 7.863023582297022918e-01
-5.132434665171146104e-01 9.206229814358661834e-01 -1.584887516614202907e+00 4.275596179105726202e-01 2.186703552667431438e+00 4.406376992300460871e-01 1.639782356008674613e+00
-5.015702965539351466e-01 2.349043907912239160e+00 -1.350942277277270565e+00 7.719906913495687695e-01 2.556499672867986739e+00 5.528115808041449419e-01 2.523569170701451814e+00
-5.106505362510678214e-01 2.856115135154847273e+00 -1.075194878211008120e+00 1.016168323229811765e+00 2.831393917581793485e+00 6.948685031786656641e-01 -1.280101886136222555e+00
-4.293703486704991135e-01 -3.078639443317459534e+00 -8.253656424678871284e-01 1.122706502765930425e+00 2.975747561984977363e+00 9.383892436508749491e-01 6.436041355341212133e-01
-2.445483196259599368e-01 3.104146776073044567e+00 -6.284843927717708167e-01 1.265153321738027969e+00 2.851815492485115122e+00 1.261680611394262463e+00 1.433536322401282481e+00
-1.904795684290436913e-02 2.800231378974412877e+00 -4.783950138311944822e-01 1.574685435080854123e+00 2.668173272328832279e+00 1.625406826608970290e+00 2.167624199047516687e+00
1.781184417810814102e-01 2.968438754119674616e+00 -3.574023147371626630e-01 1.986461416644400568e+00 2.767455565689497909e+00 2.006725373779558730e+00 2.885971212785714446e+00
2.921503711247500079e-01 -2.960086243636867120e+00 -2.709762576435284509e-01 2.420536000721444037e+00 3.011498920612189600e+00 2.382428210658170453e+00 -2.698730981808896257e+00
3.192639714689835539e-01 -2.629859018186406328e+00 -2.266404391669412099e-01 2.806991601451704010e+00 -3.056566962979230695e+00 2.713341492759711926e+00 -2.014784161211204072e+00
3.119294475780694520e-01 -2.399071424856798807e+00 -1.917653009409330533e-01 3.057966691671670567e+00 -3.074932285528567899e+00 2.971055107847063059e+00 -1.328633876526635893e+00
3.378678347775442847e-01 -2.335330401374317244e+00 -8.651444359079164814e-02 2.942466340775715228e+00 3.045452074708763668e+00 -3.123863606614271760e+00 -5.575603067586318851e-01
4.159152229430458370e-01 -2.246544450218620259e+00 7.936918602007070334e-02 2.748173397256604034e+00 -3.070047228121465466e+00 -2.971926138898832725e+00 4.608121777480393422e-01
5.547959540037815662e-01 -1.944032819490761677e+00 2.510617094736427579e-01 2.988586722851638733e+00 -2.640879540870987086e+00 -2.766613887647530134e+00 1.735232902255841703e+00
7.606626738996833392e-01 -1.447265874704276367e+00 4.388650455293390817e-01 -2.785500093104274821e+00 -2.065496057431711829e+00 -2.409784202143833376e+00 2.868647989122250053e+00
1.025762912920019643e+00 -8.238051952490422769e-01 7.137106300477270571e-01 -2.158930746236213949e+00 -1.385590995893708932e+00 -1.903438388654301816e+00 -2.472288128129370932e+00
1.314759352545880944e+00 -1.255471452000957167e-01 1.066120708026505381e+00 -1.471105728506497012e+00 -6.254270968775065276e-01 -1.299537061731312226e+00 -1.604384209422957452e+00
1.559265725578130368e+00 6.084529643275649047e-01 1.414963771944498516e+00 -7.576568855795000612e-01 1.995601991494891925e-01 -6.498838449934557504e-01 -7.577616387009419308e-01
1.645373509323012184e+00 1.318315728817358368e+00 1.673215439410142613e+00 -4.106366054014366079e-02 1.110197054792999127e+00 2.538055087418294824e-03 8.305723467727083031e-02
1.630407266628637997e+00 1.878529087699256417e+00 1.833040744013608281e+00 6.652269856245270896e-01 2.301890552857849492e+00 6.231004998700115927e-01 9.245890098918055910e-01
1.810293344130966320e+00 1.857711711424351320e+00 1.979979259757703725e+00 1.345146800191475922e+00 -2.350860120069914849e+00 1.189505145690990418e+00 1.795627504527818941e+00
2.160882939677398973e+00 1.744009314208949890e+00 2.152727933861384724e+00 1.992867568951346202e+00 -1.439123785305002956e+00 1.715445015702941278e+00 2.781795533330807313e+00
2.535911741073582082e+00 2.232715818658370210e+00 2.345392413490865469e+00 2.635727830762472301e+00 -9.715585030303421910e-01 2.328558875899459313e+00 -2.241080443203950612e+00
2.795765462442619143e+00 2.877147934256260697e+00 2.562217368165802256e+00 -2.505708612504832900e+00 -5.657333094180947430e-01 -2.563199973125260378e+00 -1.011407859560528699e+00
2.766570898406578660e+00 -2.704298294193617114e+00 2.812595017885908266e+00 1.231379386186738784e-01 -9.146235232941367366e-02 -9.910022921343122349e-01 -1.754254395288297741e-01
2.533965923389653430e+00 -1.986039167573874442e+00 3.091338554615176815e+00 7.828605673750848037e-01 4.515968410655082921e-01 -2.366724296561262542e-01 4.648839342869842683e-01
2.561657348939184065e+00 -1.262015919486863647e+00 -2.896119907612639821e+00 1.332219298957072695e+00 1.038127563805458342e+00 3.757325486510374457e-01 1.037052784254851145e+00
2.812502371594841399e+00 -5.606866631642623000e-01 -2.598197374251913327e+00 1.818453125561675376e+00 1.634823072385595655e+00 9.305065961258488505e-01 1.549636978084935723e+00
-3.110620180722781125e+00 1.041119767492158787e-01 -2.301214157072507316e+00 2.235204985132140720e+00 -8.335267757104033448e-01 1.425980422665469316e+00 2.028311668362864140e+00
-2.704248921484646129e+00 1.702948595300714629e+00 -2.007618274863452790e+00 2.583843284420653585e+00 -2.160611411315845887e-01 1.845224269802666184e+00 2.507514725265633793e+00
-2.303018510618712877e+00 -2.328446374762354498e+00 -1.721898609372253475e+00 2.833505745902764161e+00 4.007185903462083809e-01 2.168106568151289437e+00 3.256015533099479997e-01
-2.011244312104948584e+00 -1.631980375151365514e+00 -1.476887505216301966e+00 2.866914084546607011e+00 1.004164804455397686e+00 2.387342172655956940e+00 7.847643876653332962e-01
-2.011107546280046510e+00 -9.827630414823270710e-01 -1.329104495166353317e+00 2.858018179425596106e+00 1.591493206847711006e+00 2.545219600036836560e+00 1.442463478014968548e+00
-2.087485207928883479e+00 -3.224969627425355867e-01 -1.225213408153840833e+00 3.049150510254615032e+00 2.150670334098438552e+00 2.736483394191680407e+00 2.126246716970870754e+00
-1.781034737103213805e+00 3.466420175965276296e-01 -1.004394062813858346e+00 -2.908685312796595035e+00 2.510324286628458523e+00 3.005850005811079306e+00 -6.542120379387488249e-01
-1.211222435924251828e+00 1.035261749157527777e+00 -6.648985128603106531e-01 3.121481089716473978e+00 4.611788927638565405e-01 -2.984422549688219295e+00 1.843424453517370776e-01
-4.369252972528386292e-01 1.691016274696560018e+00 -2.899247939310678479e-01 1.227135635747902187e+00 9.394958314082949569e-01 -2.761859918373574807e+00 8.249150005906480398e-01
5.075904634064679621e-01 1.667115950898532484e+00 7.265402873617531065e-02 1.704016416607395890e+00 1.509049895328361979e+00 -2.656062347948355828e+00 1.439430811849986558e+00
1.372347873579665034e+00 1.226657719780058359e-01 3.397878647999712509e-01 2.248663046930078124e+00 2.109985175188758610e+00 -2.565043768764029952e+00 2.045929394370054499e+00
2.102269351787730223e+00 6.421704804168977265e-01 2.942517608766486159e-01 2.814360746676413338e+00 2.746651193100631438e+00 -2.394924116917866108e+00 2.650104709812598713e+00
2.778553573063589965e+00 1.083588942795301380e+00 1.004267612098545953e-01 -2.897846425132259540e+00 -2.835663344012676834e+00 -2.165685511656909146e+00 -3.040986991936408312e+00
-2.851644109137430938e+00 1.384220076878919459e+00 3.323926489507698090e-01 -2.356278665704542252e+00 -1.919046756930859798e+00 -1.930877846739791570e+00 -2.465846928892112988e+00
-2.222575091340296627e+00 1.544182127798119142e+00 7.576479980576611428e-01 -1.838133367032811716e+00 -3.200708728606040804e-02 -1.749576748738276066e+00 -1.922851568864146543e+00
-1.862628290160370348e+00 1.712528762751008404e+00 1.245316745810140180e+00 1.750153293234387730e+00 1.250574629815542238e+00 -1.625438079412835135e+00 -1.325511049136672614e+00
2.484434555422994517e+00 1.980511138501541701e+00 1.755438745469527051e+00 2.282060784563628708e+00 1.911024501704048806e+00 -1.445051366878538301e+00 -2.790886884573803156e-02
2.983990703440350778e+00 2.305757793270392320e+00 2.242333593569783901e+00 2.779828893811253199e+00 2.379256097631274436e+00 -1.186045876114117936e+00 1.783220452273053924e+00
-2.722271286975669558e+00 2.630298920046556965e+00 2.549006755468580909e+00 -3.054027377318797143e+00 2.707576380478532219e+00 -1.023488288656507539e+00 2.490302138587608294e+00
-2.125824015022879987e+00 2.849003604279578550e+00 2.460136763177813712e+00 -2.907306174756596029e+00 2.950869052854401708e+00 -1.253887171009643753e+00 3.008944670800737242e+00
-1.527732137706468318e+00 2.945795492776937863e+00 2.579858475477302626e+00 3.019511070587524770e+00 -3.086586705014447762e+00 -1.450980903123591848e+00 -2.870171364707601036e+00
-1.017467494049290488e+00 3.086027140804076474e+00 3.026696901490609104e+00 3.068378580631543340e+00 -2.816112164787081262e+00 -1.261959145479461419e+00 -2.466128011870159398e+00
-8.983413092605136985e-01 -2.831759711329212781e+00 -2.691990444470452104e+00 -2.816962679693285843e+00 -2.594235227337240435e+00 -9.134025360175320740e-01 -2.020186632804392701e+00
-1.245285575200019590e+00 -2.316881313798804687e+00 -2.085409476100748005e+00 -2.376629960293175081e+00 -2.551315033494764517e+00 -5.030827818468956991e-01 -1.700224648874874456e+00
-1.029448055452871547e+00 -1.707249428147792791e+00 -1.446420237613022408e+00 -2.026689689819339169e+00 -2.610047022853068110e+00 -9.865191121600867807e-02 2.689912291618401952e+00
-5.523739211700297025e-01 -1.040924661378157534e+00 -7.777352746667104411e-01 -1.909618979204530831e+00 -2.450076610450115933e+00 1.939532488874685656e-01 -3.100931284314750513e+00
-3.622351937193784427e-02 -3.186468679145770255e-01 -6.248188539535858704e-02 -1.860561458886172526e+00 -2.098821817788172339e+00 2.493231580417877291e-01 -2.597922661529184829e+00
4.631839334137830555e-01 5.212551094599008339e-01 7.926302539956223692e-01 -1.619644737327142314e+00 -1.666671918699704324e+00 3.285598984076655849e-01 -2.139076391101986108e+00
9.155205490959211767e-01 1.561603543984681153e+00 2.011839338917548847e+00 -1.254375984374258568e+00 -1.206290363123508680e+00 6.825197033243964873e-01 -1.676829149785695749e+00
1.327012409608856691e+00 2.785313965735977337e+00 -2.838647118511815837e+00 -8.686498729779610350e-01 -7.453499213722248884e-01 1.210094440136395777e+00 -1.151308538374416823e+00
1.692534962324294678e+00 -2.444326382337207892e+00 -1.790184202743627218e+00 -5.468592444375800499e-01 -3.091906098056650398e-01 1.862953874142579958e+00 -5.923650166771403658e-01
2.023129929950561401e+00 -1.688805292131894120e+00 -9.786872346381769727e-01 -3.445792990814825485e-01 8.219581796363795156e-02 2.829613893935345459e+00 -6.361742628147777634e-02
2.338006066749121370e+00 -1.141788226813164275e+00 -2.965400533333842903e-01 -2.208167118973943244e-01 4.272987354128037207e-01 -1.660671385774165731e+00 4.350493891317144812e-01
2.513211911279273458e+00 -7.485624476078087675e-01 2.504721684909675949e-01 3.941980820858678042e-02 7.341968590924170535e-01 -5.352397347104359548e-01 9.187876790133928662e-01
1.959664863814032820e+00 -4.434360397357464123e-01 5.317701947361930248e-01 4.356744676459945453e-01 1.008008836855907253e+00 1.588822529989951660e-01 1.439240820766555240e+00
1.539700035417885804e+00 -1.058594614514713900e-01 4.397512310864538643e-01 9.082840302756900464e-01 1.266152635524165682e+00 7.017498920005093010e-01 1.993997421845946416e+00
1.745609580311022313e+00 2.644839131653422548e-01 4.066075712566880607e-01 1.391020454689691821e+00 1.544503456022665810e+00 1.031381558151730715e+00 2.567197851165908151e+00
2.058042787052333455e+00 7.030238201797291975e-01 6.877148016352601090e-01 1.849854729906948325e+00 1.869615541595416763e+00 8.071907093922892074e-01 -3.085876467487637775e+00
2.374887652058845777e+00 1.160180234765989304e+00 1.068938473439370762e+00 2.259576932770735791e+00 2.261694942634807415e+00 4.149346381905786862e-01 7.674239621909247910e-01
2.634203126253726879e+00 1.601613399529438597e+00 1.445559263574518472e+00 2.621400109092051789e+00 2.740464263185748095e+00 5.510710431916706620e-01 1.443481104606099352e+00
2.825725038972350056e+00 1.931918847473698353e+00 1.764532397804629671e+00 3.005704099112822547e+00 -2.980670545656622483e+00 8.235035337304498215e-01 2.160636227470276172e+00
2.987353885628978301e+00 2.072909965568872970e+00 2.085787456468007672e+00 -2.836484838674420583e+00 -2.367543650457977655e+00 1.054535904921727107e+00 2.935078121581752519e+00
-3.050641183662559097e+00 2.216862286229792200e+00 2.502666562048642351e+00 -2.301381460731298123e+00 -1.753612627712198613e+00 1.156721722289495213e+00 -2.540926636072865730e+00
-2.698948934292333846e+00 2.523361071959918434e+00 2.987586612579307577e+00 -1.718894926223297981e+00 -1.173247469912546581e+00 1.263560025786428342e+00 -1.691935083159243902e+00
-2.242706721763026767e+00 2.983791470611053764e+00 -2.804788444929821711e+00 -1.120639514693143157e+00 -6.293089868851395874e-01 1.518040609374181615e+00 -8.909971050585457908e-01
-1.731326026903714288e+00 -2.799386624670361812e+00 -2.421676133227554928e+00 -5.333535909300335387e-01 -1.071279560675036102e-01 1.866692876005752622e+00 -1.889309001394425536e-01
-1.206322335675684476e+00 -2.278896267979376056e+00 -2.168673417124213465e+00 7.756289926765922230e-03 4.082221428807212837e-01 2.232773873614644966e+00 4.674226139314873185e-01
-7.048629198725974154e-01 -1.795306878236389680e+00 -1.907690765972513303e+00 4.728163284039708092e-01 9.213702242775821949e-01 2.577245661442301383e+00 1.042978909097785900e+00
-2.719489634623584728e-01 -1.333919929277434857e+00 -1.518241153595513371e+00 7.343533579638300557e-01 1.433484961684443615e+00 2.888508427869952655e+00 1.546541330714750861e+00
3.075413215773513745e-02 -8.932610893500337879e-01 -1.072574370017037593e+00 6.825266415052329005e-01 1.946034019163257245e+00 3.127923287289497090e+00 1.808288801263259638e+00
-1.229276923753678868e-03 -4.872272104247937219e-01 -6.474042770091431587e-01 6.191670973799912048e-01 2.449681054968851690e+00 -3.062914468914612609e+00 1.600902040906221346e+00
-1.629999021985491237e-01 -8.260982214929762923e-02 -2.294417291918411372e-01 8.290379823368723144e-01 2.809482697671373153e+00 -3.098444460692566071e+00 1.694457478050455990e+00
-1.389115322684523340e-02 3.048846643323461225e-01 2.111775265487288722e-01 1.162883488689445244e+00 9.509467745952272510e-01 -2.996777499828936264e+00 2.157405520280961220e+00
3.578289336951880339e-01 7.122770470993442515e-01 7.447842718493008496e-01 1.571904535504049960e+00 1.327767318614122116e+00 -2.727635350000356507e+00 2.783924999957120505e+00
7.990439778597643317e-01 1.121633799108075813e+00 1.394598361309581591e+00 2.058683817353403001e+00 1.934966535613254823e+00 -2.435391610171545818e+00 -2.881294474522340110e+00
1.293716502308186911e+00 1.571707042138706933e+00 2.228578676189913566e+00 2.657555877099110564e+00 2.644223221950825931e+00 -2.334348273737449464e+00 -2.113307293407486132e+00
1.843110536126899346e+00 2.102595568437652940e+00 -3.062605697039836095e+00 -2.801537913597954343e+00 -2.764065467469137616e+00 -2.448235631894845721e+00 -1.358937362460274523e+00
2.549989304105893861e+00 2.825079926595293944e+00 -2.137917963415936207e+00 -1.650998377417914442e+00 -1.574793514114789073e+00 -2.358871479768335444e+00 -6.211220950147492426e-01
-2.338072472521749212e+00 -1.892174491495350663e+00 -1.329921674630273110e+00 -5.630757313601872927e-01 -2.036021474521971242e-01 -2.069865807049709794e+00 1.468864992218048837e-01
-1.084829576592613032e+00 -4.548238204515612781e-01 -6.166759766658499453e-01 1.376865641188491085e-01 9.861217957259964528e-01 -1.739157812711993989e+00 9.400197535162206908e-01
-5.035742223082778635e-01 2.496914573385971281e-01 4.743653270893752327e-03 5.392510913428928410e-01 2.253542170948940271e+00 -1.413728566611727633e+00 2.046643258060537374e+00
-6.828373089459242873e-02 8.064887303286285558e-01 5.540248989602278851e-01 7.774575917333501618e-01 -2.420267331508197728e+00 -1.065009095108994552e+00 -2.028742425464874710e+00
3.183878991476607467e-01 1.286878438867009145e+00 1.029265371337346080e+00 9.622558709066594274e-01 -1.248253952274581025e+00 -6.589202306950938670e-01 -9.731013881987289338e-01
7.042592234506229731e-01 1.749561146572479631e+00 1.467058397299143113e+00 1.190676767499422084e+00 -4.622818556994550132e-01 -2.086666380473838900e-01 -3.640010584932980575e-01
1.061294927007019773e+00 2.223936652313195150e+00 1.881743942633411271e+00 1.415819434164065083e+00 1.676152852368525126e-01 2.184630095710698994e-01 1.119884286456419298e-01
1.375571311404050201e+00 2.708893731989907572e+00 2.270409751522204367e+00 1.619398439657376620e+00 7.077768557999664090e-01 5.420962582767256954e-01 4.899084839537968250e-01
1.610851675510603487e+00 -3.079860540123039669e+00 2.612221235330809410e+00 1.812140710554061007e+00 1.177715616516423314e+00 6.314031436392594232e-01 8.639825807495373766e-01
1.762140639738150050e+00 -2.809951045241986911e+00 2.823399292509381375e+00 2.031701074681743879e+00 1.587601027900842121e+00 5.244019504293080391e-01 1.260918038885949111e+00
1.906334844195425759e+00 2.681997052031028339e+00 2.998490476916065628e+00 2.356977372258331371e+00 1.951813431989875669e+00 5.366816265478089321e-01 1.705304502935588218e+00
2.136241983779131992e+00 2.689800032763457693e+00 -2.945230340911140665e+00 2.831670655954437787e+00 2.275440712524649189e+00 8.352504677580857573e-01 2.158429349104146855e+00
2.469566996030562844e+00 -2.897547586137562803e+00 -2.345134139108496107e+00 -2.380385110123635073e+00 2.458622041546623116e+00 1.357593427986562906e+00 2.484066948329186619e+00
2.773819453997117268e+00 -1.873344110963045539e+00 -1.569260525127859518e+00 -1.547720963700938146e-01 8.468984489027356899e-01 2.444811596104022655e+00 1.235497487171586473e+00
7.975917710949232964e-01 -4.450146840320610142e-01 -6.133924600427748119e-01 6.056244436680063847e-01 7.676750506304390598e-01 -1.291104134208407750e+00 9.428191704935635631e-01
9.106135654160070203e-01 6.867443536110464652e-01 5.471104701064947173e-01 1.194291488851360938e+00 1.157133813949197121e+00 -4.218611978636065962e-01 1.363760319971009327e+00
1.352333994244855120e+00 1.483432931627872930e+00 1.727995861269459033e+00 1.737934330320060061e+00 1.609149017210318222e+00 3.063797044218946608e-01 1.873342732217626816e+00
1.834066564025421009e+00 2.215385247236336230e+00 2.773445976651921274e+00 2.272893622903415345e+00 2.071171341651731002e+00 1.026801396585927062e+00 2.399320930062691648e+00
2.330485931570813296e+00 3.092627850080015506e+00 -2.550746241926699298e+00 2.854173346938037703e+00 2.513673850923320519e+00 1.753733632248767105e+00 2.882236812793440794e+00
2.841244060829437590e+00 -1.655419272693324562e+00 -1.646637326918703792e+00 -2.525354010610101341e+00 2.884618755192768447e+00 2.692155950937817455e+00 -2.952527744103486729e+00
-2.454308469911396617e+00 -2.094892103511384329e-01 -7.739481924877420482e-01 7.764682583209273070e-02 2.911902731125631139e+00 -1.271685487746032628e+00 -2.601388108278161138e+00
1.774247355970362261e-01 5.372353245605809846e-01 4.375937991480875061e-02 8.038202046316750282e-01 1.686266290696867065e+00 -3.211513955590618030e-01 -2.043433890511985318e+00
7.240151229385211051e-01 1.060731227260245824e+00 7.341448881759334855e-01 1.303108978711087884e+00 1.611637059103957048e+00 2.267695156697822623e-01 1.024488699021051330e+00
1.172162490698229087e+00 1.521782653472625535e+00 1.306362089958492678e+00 1.719344448236438838e+00 1.855470589678250404e+00 6.940663637595491098e-01 1.387408632247828066e+00
1.559074408832745950e+00 1.903712714034417441e+00 1.741293892334517146e+00 2.056434132499806111e+00 2.151659351578086632e+00 1.109250535043666774e+00 1.766619854510220300e+00
1.890785244844477742e+00 2.175087437467250417e+00 2.049040439157170823e+00 2.321298393959302597e+00 2.445857688741343239e+00 1.516726696882910730e+00 2.147909045114666071e+00
2.166124019553762547e+00 2.367161819593457395e+00 2.297846708016242800e+00 2.558170404513709695e+00 2.685293656344953650e+00 1.910538813887148635e+00 2.423162976925927303e+00
2.372416837885211738e+00 2.502233045996822280e+00 2.562070354996786925e+00 2.746956320581380062e+00 2.819740168362259602e+00 2.256695028555456339e+00 2.500826300454113138e+00
2.540067691215544432e+00 2.721944346486726118e+00 2.902635215885655207e+00 2.901419841480983308e+00 2.817581807071234845e+00 2.584259279628090322e+00 2.293909380681828925e+00
2.643798948858331777e+00 2.946114914958505526e+00 -3.068593200871245319e+00 2.963058429310973185e+00 2.732625371637751321e+00 2.930712436949345356e+00 2.314238214725240272e+00
2.733605846844437526e+00 -3.047976003543503065e+00 -2.766038947469268816e+00 3.041944179290045902e+00 2.687397643047344964e+00 -3.053334923885726582e+00 2.453810734188620390e+00
2.787505156052007660e+00 -2.797922561413407561e+00 -2.493266209320556648e+00 -3.110805904610286277e+00 2.802981348319927513e+00 1.926621583723309605e+00 2.697258369035131942e+00
2.933205290352844941e+00 -2.430276955038745079e+00 -2.171245643624063248e+00 -2.829476573172403864e+00 3.063328549136129286e+00 2.137757575390442089e+00 2.940955981674004516e+00
3.115063610992919063e+00 -2.049031033943277791e+00 -1.890218444067019776e+00 -2.510192858779162872e+00 -2.865125757120133621e+00 2.718225069712097319e+00 -2.980459407231629054e+00
-2.880012190887498935e+00 -1.556264009613205657e+00 -1.684586850920222423e+00 -2.144556403499107589e+00 -2.483654163960189454e+00 -2.907748549386907744e+00 -2.619686233761785221e+00
-2.700741999376827795e+00 -9.501103776169048665e-01 -1.667015970888152232e+00 -1.914074297867465191e+00 -2.075838763374499685e+00 -2.353657864785121401e+00 -2.126881507748739075e+00
-2.439592992585359443e+00 -2.344026516112352354e+00 -1.757884471976372653e+00 -1.785196416268395980e+00 -1.618843499884745851e+00 -1.810213222712564907e+00 -1.599030742174981645e+00
