1.528463764201061892e+00 1.660003583296550289e+00 1.560785310697306638e+00 1.430240019213042668e+00 1.539356940993088507e+00 1.516422979238467361e+00 1.464344489293138540e+00
2.041609028606807819e+00 1.950561543407965948e+00 1.442360413827722398e+00 1.930508565367659246e+00 2.131414100976975146e+00 2.079404588027151224e+00 2.227367996152856744e+00
2.461438129960511034e+00 2.145814154777963889e+00 1.406263006255506376e+00 2.349197757141742837e+00 2.614546347253488889e+00 2.539242523158995901e+00 2.721628052126870756e+00
2.679426591467433560e+00 2.091652232339372919e+00 1.487116656644706714e+00 2.270097315912931180e+00 2.817567255569580542e+00 2.813296013141265206e+00 2.941673221298023222e+00
2.910916398157194163e+00 2.013295207510414020e+00 1.735754973518746969e+00 2.588426618635635723e+00 2.901716775128816206e+00 3.130643498886374498e+00 2.904374370109756409e+00
3.002135581949152865e+00 2.162561494841882759e+00 2.115925075222960139e+00 -2.996698499359637058e+00 2.902529511153706387e+00 -2.876985053614857790e+00 2.849756277911728475e+00
3.081753382940974451e+00 2.479355149627421984e+00 2.561271184051878702e+00 -2.110823336909431802e+00 -3.117439493012895024e+00 -2.522550415836957161e+00 3.098945823790331122e+00
3.011785508635631992e+00 2.807928550848463267e+00 3.022121668335015165e+00 -1.241136629104284905e+00 -2.773391703905690786e+00 -2.370382423649882497e+00 -2.827734135139865046e+00
3.040350633143206860e+00 3.078411935227948870e+00 -2.832046159808391472e+00 -4.270555926464660867e-01 -2.444127291622906206e+00 -3.111948517561927030e+00 -2.502403183802651476e+00
-3.113637785285949811e+00 -3.067756503494264653e+00 -2.458222837011403872e+00 3.297887151072555478e-01 -2.550299981732709220e+00 2.707024258901651326e+00 -2.495845021745017878e+00
-2.834888565373174796e+00 -2.990744450017190470e+00 -2.149210670225639053e+00 1.010502698671007282e+00 -2.960450192348270892e+00 2.845846526149511391e+00 -2.877660585508928115e+00
-2.509105188231402828e+00 -2.904978442336121347e+00 -1.828617120414811392e+00 1.638201764958877371e+00 -2.876771236566375567e+00 2.901707833459703068e+00 -2.823716679613361702e+00
-2.088803792074882093e+00 -2.859623599404451433e+00 -1.388992500411001307e+00 2.224689449483558956e+00 -2.530492439108734448e+00 3.101120093187840876e+00 -2.467843517482890547e+00
-1.577430864194095284e+00 -2.839769508398302111e+00 -8.069600642559425774e-01 2.768923806180257685e+00 -2.119368509909480114e+00 -2.798612757151655028e+00 -2.027158523755046460e+00
-9.424896517516018202e-01 -2.632219113085807027e+00 -8.641644479361297593e-02 -3.058020380554859141e+00 -1.678685057853414042e+00 -2.298535450117984880e+00 -1.563339318466013150e+00
1.392151655440971858e-01 -2.264479502905632380e+00 9.204803763067805900e-01 -3.033268770148357163e+00 -1.296123615586328048e+00 -1.813885280106858566e+00 -1.128783523393350752e+00
2.627273449306576136e+00 -1.815950524881109862e+00 2.708139619349651195e+00 2.842006605779736184e+00 -1.175600144539604930e+00 -1.443686429220186085e+00 -8.339857161267797414e-01
-2.808898153784700202e+00 -1.349066137436053525e+00 -2.382100547456662110e+00 3.065940921623083515e+00 -1.446196107370014916e+00 -1.311387101043205661e+00 -9.031090835654365101e-01
-2.165068484430038076e+00 -9.304914463160128824e-01 -1.643742389809914384e+00 -2.680205300063815521e+00 -1.370214358773633068e+00 -1.292111968922049048e+00 -1.116250639730519190e+00
-1.590168527021760259e+00 -7.764658369973511665e-01 -9.897425853611304669e-01 -2.002796385380081201e+00 -9.612877557338179724e-01 -1.046923995008971486e+00 -9.844061471305352029e-01
-1.060030640730617035e+00 -1.775727052005736883e+00 -2.975898358598694782e-01 -1.126637941424121436e+00 -4.355662816259077696e-01 -6.019675425996705576e-01 -6.658465788957823595e-01
-5.993449627812625913e-01 -1.991127122875966160e+00 5.431168979050116086e-01 -1.099613568873822160e-02 1.953308247719090784e-01 7.042999664839467988e-02 -1.851458051432095520e-01
-1.325364989318770226e+00 -1.814489996157708784e+00 1.485370527478621749e+00 1.065408944139052849e+00 9.326122108740135808e-01 1.335191213707118685e+00 5.449825229778266777e-01
-3.081433881097316529e+00 -1.622421657454308885e+00 2.237369450041348351e+00 1.920229047359578001e+00 1.802901780811024812e+00 2.841787099190611787e+00 2.046568740119830920e+00
-2.966309234648982329e+00 -1.448539707793867093e+00 2.875604644524707876e+00 2.616792329795494254e+00 2.683554427858249714e+00 -2.683022160082657592e+00 -2.719851928656621176e+00
-2.705319203293791830e+00 -1.250693798033482018e+00 -2.776295767448252683e+00 -3.072778394308902428e+00 -2.859206932156741487e+00 -2.132297505634548784e+00 -1.977757390460814113e+00
-2.290388656071904450e+00 -9.820637656401395299e-01 -2.161141052364438764e+00 -2.553208366703955345e+00 -2.264354656814948630e+00 -1.625305188535688838e+00 -1.688903505443391850e+00
-1.879279496060238142e+00 -6.537986495146719257e-01 -1.617836853705842293e+00 -2.119213460044495179e+00 -1.868505454289992596e+00 -1.185497238561068034e+00 -2.060397716452482264e+00
-1.537744208606548701e+00 -3.091770938983062211e-01 -1.506661919479804324e+00 -1.719265037746604330e+00 -1.673578906501764996e+00 -8.901981409764889719e-01 -1.938040211753427444e+00
-1.378707965823289916e+00 3.358315269201241765e-02 -2.882911625976171788e+00 -1.264314243721147424e+00 -1.597342527081657471e+00 -7.550801686712639293e-01 -1.453590926366427949e+00
-1.702637889314857489e+00 2.689575082127166339e-01 -2.723015891206518102e+00 -6.987247325692976796e-01 -1.530396757152373111e+00 -6.457988478146104994e-01 -8.732547177215340684e-01
-2.166460184199879180e+00 2.954428244699169315e-01 -2.369103384538213231e+00 4.603804837986200105e-02 -1.423902267403206023e+00 -4.354389772733065489e-01 -2.443086413562980674e-01
-1.974054319009734382e+00 4.628973954196342055e-01 -1.937518698653242888e+00 1.038032407214205755e+00 -1.181082783782443579e+00 -3.360900628223192355e-01 4.788008242759584365e-01
-1.552387298861139353e+00 1.068027298094493371e+00 -1.431990318205261570e+00 2.033908051114867277e+00 -8.131825789391228243e-01 -5.612375167179657343e-01 1.410299769546893289e+00
-1.091753369002095075e+00 1.916229287197910747e+00 -1.107769673720760295e+00 2.849843132261648648e+00 -5.075280853245599522e-01 -7.969465789945860967e-01 2.467523190324953042e+00
-7.362722300408243159e-01 2.794180764285816743e+00 3.133264136440011782e+00 -2.712476153191586636e+00 -4.553811168050380664e-01 -5.748262292831892717e-01 -2.844696722736521632e+00
-7.984485393869615866e-01 -2.686916523592261186e+00 -2.589777832869044172e+00 -2.048539532037148891e+00 -3.649904041245221609e-01 -2.237945936054533680e-01 -1.975276920170921935e+00
-9.999641329905486486e-01 -1.988869055641180328e+00 -2.016470418003214249e+00 -1.501746068073996465e+00 1.167683424675995674e-01 1.401649855965695357e-01 -1.150454061049419163e+00
-7.335649395136902839e-01 -1.409499608621054279e+00 -1.510012353999214962e+00 -1.410101307242693780e+00 7.810168887718593744e-01 4.565055201931313422e-01 -2.825930292356557127e-01
-1.704935657985164332e-01 -1.019968953573542558e+00 -1.216126715002601388e+00 -2.365106419132150251e+00 1.546586158502355479e+00 9.159729621640380071e-01 9.161852122139144683e-01
6.093016069815999636e-01 -9.746432815916713510e-01 -2.179081690145676209e+00 -2.224697725379269020e+00 2.364233090068025067e+00 1.543430010929080609e+00 2.787077260691753988e+00
1.837912273360196913e+00 -1.145408580710712609e+00 -2.407346471388518427e+00 -1.841229172248543655e+00 -3.099138560366254680e+00 2.283734877233199789e+00 -2.327483036874097078e+00
-3.129670028932405756e+00 -1.068304773831985299e+00 -2.021542710085811656e+00 -1.408929579523513498e+00 -2.327541447006636233e+00 3.045359171769355555e+00 -1.510195482220330510e+00
-2.304489507776319890e+00 -7.519219999894873885e-01 -1.534458376403674107e+00 -9.498156818523442180e-01 -1.730104950704942857e+00 -2.640591841534294826e+00 -8.102577733447137165e-01
-1.692968198170790695e+00 -2.888050284267192347e-01 -1.021473368902939383e+00 -4.660856528548508737e-01 -1.306313311430580049e+00 -2.352789447901245889e+00 -1.921743724893255068e-01
-1.139089065749403495e+00 2.818177593424045502e-01 -5.210413057924367930e-01 4.262944435031457840e-02 -8.123027181777268124e-01 -2.211673081706036381e+00 3.777317145393998543e-01
-5.544081926787920445e-01 9.336201661879028890e-01 -6.385295740924638863e-02 5.367569229838166089e-01 -1.709899891361095214e-01 -1.729877534776046666e+00 9.330218571625030766e-01
1.012433186455694856e-01 1.676254755808428198e+00 1.429000317112120166e-01 9.491031675901803188e-01 5.422185859969418376e-01 -1.026017598709566103e+00 1.485934850181460432e+00
7.977700941715323291e-01 2.548234849133943936e+00 -1.418282175355843666e+00 1.135191021890476826e+00 1.249160373632868692e+00 -1.089781324737226914e-01 1.995703869810899755e+00
1.575207734516600899e+00 -2.717820233899846727e+00 -1.132378495464798407e+00 1.036427782314765622e+00 1.950960807593430824e+00 1.247018642206982886e+00 2.547864822785488759e+00
2.536976201356765159e+00 -1.730001129623818468e+00 -6.139568876387451191e-01 -1.679678453013884631e+00 2.659963752776511203e+00 2.536303770511953992e+00 -3.049492609218783734e+00
-2.834549103435726636e+00 -9.684992609362484961e-01 -1.080596512655304237e-01 -1.241990912844460615e+00 -2.906585870138640448e+00 -2.864013734226228625e+00 -2.305554859864605621e+00
-2.205773264929431488e+00 -3.642141819820797211e-01 3.080700498479729266e-01 -7.096400511392260135e-01 -2.179990395513938584e+00 -2.133569322105560939e+00 -1.559179887061336700e+00
-1.692592525418542326e+00 2.018052813486889696e-01 5.858492167825926078e-01 -1.392100276435988826e-01 -1.459950113888001777e+00 -1.498745380099497204e+00 -8.457832136870154782e-01
-1.159143899302512493e+00 7.464212298806968127e-01 7.552731395285378069e-01 4.395448794711898644e-01 -7.491773300224812138e-01 -9.007100086866155486e-01 -1.420927255407455903e-01
-5.542364813097540033e-01 1.243527999357327607e+00 9.049567096711996772e-01 1.039297553995889301e+00 -3.344610521892187049e-02 -2.351085798834732232e-01 6.142813689263861843e-01
1.140266704118381574e-01 1.674992448054181571e+00 1.134730700509506196e+00 1.675865032333838434e+00 6.855407348451243443e-01 5.622003530665581339e-01 1.403571324819916200e+00
8.282161593641409469e-01 2.049632544820409130e+00 1.417276701923637861e+00 2.363147847937813850e+00 1.393319721035638059e+00 1.505090939656128723e+00 2.169065205359258286e+00
1.526605590850755645e+00 1.756500716311998778e+00 1.615015357663110551e+00 3.103298321021408679e+00 2.041437309656461530e+00 2.469782462167460668e+00 2.871311513484997135e+00
2.173340861619104114e+00 5.035776164888560169e-01 1.749940160296129532e+00 -2.402580986791894357e+00 2.640639729626559351e+00 -2.959208794552351751e+00 -2.784154197983850221e+00
2.762047114368610501e+00 8.955476846131038560e-01 2.033600827134538491e+00 -1.608579138086794869e+00 -3.038008874161879369e+00 -2.236532779546552607e+00 -2.210239658758969217e+00
-2.978366350778481220e+00 1.367161780119078074e+00 2.434344873488432981e+00 -8.481848661251972787e-01 -2.420621959091336262e+00 -1.631631810183673537e+00 -1.662154014855570461e+00
-2.439216956170438877e+00 1.832599968387798040e+00 2.840850523803491789e+00 -1.742064287027416114e-01 -1.768023844416348522e+00 -1.059919703648347422e+00 -1.112454801338928823e+00
-1.949930046446464615e+00 2.278147854522348137e+00 -3.073903335435796524e+00 4.048992947437192735e-01 -1.048246296800776634e+00 -4.316441927567712944e-01 -5.465143698954270102e-01
-1.638515550846429747e+00 2.699537603276104480e+00 -2.745082323434705707e+00 9.316083511139771067e-01 -1.776866682193492808e-01 2.948985648664861348e-01 4.477605569423259713e-02
-1.917405102715119325e+00 3.120642005293112753e+00 -2.433668126579980662e+00 1.527656658071416595e+00 9.684313357772300623e-01 1.182257636449733473e+00 8.240762962121103152e-01
-2.113033706066328676e+00 -2.688897691574271942e+00 -2.112432762392548735e+00 2.243410749453599085e+00 2.182312081134082149e+00 2.207138696892551710e+00 -2.411884844894781832e+00
-1.815494214351881963e+00 -2.143361000140422412e+00 -1.751077552590727615e+00 3.057511093334427610e+00 -3.131134104171646726e+00 -3.069901796367465519e+00 -1.656841967313591457e+00
-1.356438143573074351e+00 -1.532874218395613664e+00 -1.332617873708614509e+00 -2.345356446550398655e+00 -2.325301362723158682e+00 -2.174029211916796989e+00 -9.966608013161945001e-01
-8.347041859946756626e-01 -8.772063564200587304e-01 -8.760458850772817607e-01 -1.447943124392938152e+00 -1.602388037430199530e+00 -1.378922987406231648e+00 -2.977797617215380832e-01
-2.950509348487964645e-01 -1.993934927287876746e-01 -4.472341807971962901e-01 -5.821289239552479566e-01 -9.307776538312434456e-01 -6.508991129028217637e-01 4.469381497901084854e-01
2.433888036059836113e-01 4.759967892935029754e-01 -1.087302542890971613e-01 1.856636725365441998e-01 -3.400985367010130322e-01 2.041576903143774852e-02 1.224205657152988236e+00
6.990445516248641189e-01 1.108536647974119660e+00 2.621916328962524134e-01 6.231323418256379254e-01 -1.646068314051297443e-01 5.877995561266344815e-01 1.985676821934759140e+00
8.637810296449814906e-01 1.662182476655996943e+00 8.731359605690474091e-01 2.462607464527939716e-01 -8.989678869320394394e-01 9.450920488439676914e-01 2.629151474373680575e+00
6.692206752675751158e-01 2.147263078626487687e+00 1.685185556666879636e+00 4.785248141314302206e-01 -6.009926888943989409e-01 1.008141660781713522e+00 2.883094638092690509e+00
9.394866085400723765e-01 2.645573939332297453e+00 2.497639777605440425e+00 1.135706624189630309e+00 -6.486441758622574216e-02 1.282332478806639031e+00 2.809475406445345325e+00
1.504063709420555561e+00 -3.064050647427877028e+00 -3.045815361696164736e+00 1.888482259993738532e+00 3.623672411342035438e-01 1.868871405156191878e+00 -3.029160230803567000e+00
2.193417748479946194e+00 -2.423722466706654366e+00 -2.355651857413893158e+00 2.670079625001599677e+00 4.498198414602150308e-01 2.685572884744020339e+00 -2.313796186284140077e+00
3.004143458580057491e+00 -1.737936755370149022e+00 -1.697171184097605146e+00 -2.810972033840266171e+00 4.428572857952274289e-01 -2.066102434554565104e+00 -1.467176182987499633e+00
-2.149912668835095797e+00 -1.027090344732330518e+00 -1.075070168515968927e+00 -1.908009329177037028e+00 7.952697714275611673e-01 -1.485907232416513735e-01 -4.575104920967624222e-01
-4.955091841511313072e-02 -2.964803114802780359e-01 -5.501812470025444490e-01 1.395652936187266269e+00 1.292212945019375336e+00 8.089161529403540163e-01 8.207292646460357943e-01
1.180694607574231281e+00 7.826616831269301855e-01 -4.326794030759378851e-01 2.376481791413016520e+00 1.817601426142757992e+00 1.566656815355212506e+00 2.114238444225628566e+00
1.982944602313937876e+00 -2.113484997366759544e+00 -9.699960644907783536e-01 -3.118639027301519651e+00 2.346102050819685481e+00 2.238343328528267229e+00 3.127919509694263134e+00
2.678965026972189634e+00 -1.367100145227416075e+00 -7.543785315398189306e-01 -2.355879630919849088e+00 2.879270809147948196e+00 2.840371032886096270e+00 -2.307809662225786429e+00
-2.931138281623631325e+00 -6.262418729311368670e-01 -2.454051627960887882e-01 -1.596449177672502717e+00 -2.859286305797200889e+00 -2.894240473019347615e+00 -1.535976212453409762e+00
-2.264231768731692629e+00 1.311085799455949941e-01 3.301063403026238685e-01 -8.408441602186438324e-01 -2.306845216073172722e+00 -2.409752118935614362e+00 -8.178895907343436411e-01
-1.580250770712255282e+00 8.965721013282100804e-01 9.005588597192930589e-01 -9.999184501619973187e-02 -1.730742129738110924e+00 -1.974753298840590476e+00 -1.613553205210758734e-01
-8.907853394434681604e-01 1.643010490994580630e+00 1.334710291254453063e+00 6.063895622028288024e-01 -1.127764358171438941e+00 -1.578921576237760860e+00 4.223344233351427612e-01
-2.183531636674942433e-01 2.318890014689583889e+00 1.305803119598332174e+00 1.248700844596672743e+00 -5.075738368605585693e-01 -1.179803471466057463e+00 9.531237991167768042e-01
4.186805607527246953e-01 2.875210198143083762e+00 1.249058433134943025e+00 1.828746785569676403e+00 1.163401623818492575e-01 -7.919088449539054553e-01 1.510029654915039821e+00
9.846950046898013120e-01 -2.932277059412592202e+00 1.641874923196900982e+00 2.375822789391579537e+00 7.193715005779270921e-01 -5.351579344657101389e-01 2.132882853130386280e+00
1.462982858338170100e+00 -2.425591375916415604e+00 2.142684802418907797e+00 2.889234029353595190e+00 1.290158859333525587e+00 -2.207790710695984454e-02 2.776731466696921835e+00
1.848496231541111090e+00 -1.843503896913786466e+00 2.627849636105380693e+00 -2.992436495068781621e+00 1.803373991822291744e+00 7.857375542826460224e-01 -2.966334984320615042e+00
2.179146686955554468e+00 -1.205957974569205504e+00 3.097261753132566131e+00 -2.870474833335776577e+00 2.236235550591701315e+00 1.562452071186012814e+00 -3.019676476543017962e+00
2.508492538741865285e+00 -4.818662148554972990e-01 -2.724040892486685017e+00 -2.856611524745139796e+00 2.623894077481486065e+00 2.223487677940966023e+00 2.907317739360579356e+00
2.853511846397990048e+00 4.875909098941473840e-01 -2.304794996788161576e+00 -2.587188051596684524e+00 3.055177372917100342e+00 2.821902912261668561e+00 -2.990718483862772725e+00
-3.064917125091599637e+00 1.637279458375149543e+00 -2.003812911104601913e+00 -2.152796245103052897e+00 -2.713375759500378237e+00 -2.881834840435990586e+00 -2.468550546814701985e+00
-2.709585198448368093e+00 2.563953327019113715e+00 -1.874889209793278777e+00 -1.677020264616889911e+00 -2.166865733827044949e+00 -2.370538229642101591e+00 -2.001725666871038367e+00
-2.372674590902836389e+00 -2.951046801494107363e+00 -1.786829273758558934e+00 -1.229401897909260244e+00 -1.633553262029132869e+00 -2.032826894804607321e+00 -1.627773721941992102e+00
-2.025873697471109125e+00 -2.240972209087408462e+00 -1.554657174813046439e+00 -8.755969529658620409e-01 -1.142551431450038235e+00 -1.942671692754588841e+00 -1.239085824648599399e+00
-1.606252748743918213e+00 -1.562415269618136593e+00 -1.203331161410868377e+00 -6.340958771084184153e-01 -6.837102034962012631e-01 -1.728192240170111749e+00 -7.280009654470035452e-01
-1.095231001060755105e+00 -9.209939057180052124e-01 -8.218092237842247183e-01 -3.702177538015524183e-01 -2.046605329345070889e-01 -1.274904021885372218e+00 -1.028470509043832581e-01
-4.890435582256567049e-01 -3.391495492294719361e-01 -4.831373904427280763e-01 2.810845728784126807e-02 3.448557661803120511e-01 -6.930956421640802612e-01 6.070229150776744742e-01
2.615024600015720679e-01 1.242510501688779551e-01 -2.252202545743735296e-01 5.582597072796918747e-01 1.011197985121098153e+00 3.145825213485522326e-02 1.410561959766134299e+00
1.214963851973441367e+00 3.028414617361868122e-01 -9.452837593364470797e-03 1.263856779512563921e+00 1.827992827263947628e+00 1.049171387027510560e+00 2.349878062089808761e+00
2.239389229639063839e+00 1.851535015186561439e-01 2.378775460293533206e-01 -1.817746379305896109e+00 2.816881790990365175e+00 2.434377556458513059e+00 -2.837767254181582377e+00
3.033616592234595455e+00 3.148633545456748228e-01 5.265411449718357950e-01 -1.094263668918014965e+00 -2.436477082454660437e+00 -2.881462370606158174e+00 -1.773714912564924751e+00
-2.717895891480744730e+00 6.316451440428093589e-01 8.149962600418217962e-01 -5.923003656184088195e-01 -1.599976778262096611e+00 -2.352588815146067880e+00 -9.939990268290492814e-01
-2.322926174782416364e+00 8.772458925301056532e-01 1.064724450380115872e+00 -1.830308505607344816e-01 -9.627805155163706718e-01 -1.941281543102601814e+00 -4.705134658068347298e-01
-1.961819283768529543e+00 7.765862724239932513e-01 1.210304615617535884e+00 2.193604503938975103e-01 -4.116459920959946728e-01 -1.523760752923844386e+00 2.303552732165922712e-02
-1.606133006205802349e+00 4.546912095328564662e-01 1.138216799963206682e+00 6.695207345998184234e-01 1.303830954812900955e-01 -1.312966904574955018e+00 6.113229796839217967e-01
-1.290319149363696738e+00 5.676445189034733385e-01 1.029017951670373243e+00 1.163706319651023779e+00 6.870233732461331622e-01 -2.180656237456100044e+00 1.280071936483349049e+00
-9.775019309539897394e-01 9.359010955540060239e-01 1.149287096142877385e+00 1.674547387707500112e+00 1.239562235867667672e+00 -1.970575546467411510e+00 2.000449220820115670e+00
-5.529727288468930801e-01 1.395054171568309576e+00 1.417282644478869758e+00 2.166271996283313239e+00 1.738264513840941383e+00 -1.357514855238891149e+00 2.760840748146858648e+00
-5.276524865369847279e-03 1.878715318113160393e+00 1.761347459224031464e+00 2.571180968303321546e+00 2.024106132109245948e+00 -6.861074294484706959e-01 -2.730454355579894798e+00
6.051796246954230796e-01 2.358462465459514323e+00 2.144794912887082905e+00 2.801617617272101679e+00 1.911976697162685479e+00 -5.072262529741989462e-02 -1.926125738050982417e+00
1.212610114047954379e+00 2.826060953377099949e+00 2.526284020711235367e+00 2.957905181440230180e+00 1.985984711102180666e+00 4.560337387052124658e-01 -1.142038611155549610e+00
1.783373211991087892e+00 -3.006868074873250141e+00 2.864951054818581255e+00 -3.009100515026644995e+00 2.368263780763844917e+00 7.333703208029105358e-01 -4.400102625089774566e-01
2.306250521880503612e+00 -2.628231783542130717e+00 3.129518926585936889e+00 -2.530475722356563040e+00 2.822720720230441405e+00 8.241471771222438347e-01 1.393055415390694052e-01
2.748929569241269633e+00 -2.920695575872469085e+00 -2.965560212960316022e+00 -1.984955063388936347e+00 3.115936779907781951e+00 1.011901710306841728e+00 6.779213302545998854e-01
2.893386699501490078e+00 2.535860222373820694e+00 -2.801303524552640312e+00 1.805573445226416052e+00 2.334260569669214469e+00 1.329204719555019398e+00 1.246695146281792121e+00
2.056414746937238913e+00 2.862619045411141983e+00 -2.597202558754968749e+00 2.404273276309418339e+00 2.112748271146364321e+00 1.696827971919741662e+00 1.837096948424416398e+00
2.140172065125122369e+00 -2.929352079208240589e+00 -2.345280853950761024e+00 2.998737271547131211e+00 2.519120036676870900e+00 2.086834091681911030e+00 2.422898341602693240e+00
2.630451827697541933e+00 -2.398523182802484222e+00 -2.074906552491797562e+00 -2.700386329032205879e+00 3.030160289314720146e+00 2.509773304507533886e+00 2.998336685579686023e+00
-3.065576504381215983e+00 -1.869789623260266875e+00 -1.843603455486716447e+00 -2.109357639172599885e+00 -2.693513855024807668e+00 2.968620249168513858e+00 -2.707974757342172634e+00
-2.462640766086878763e+00 -1.530588001509830098e+00 -1.722647684298757476e+00 -1.495320226982851386e+00 -2.099628435928239334e+00 -2.873488607248359639e+00 -2.120974685906843682e+00
-1.872161320668055851e+00 -2.967031839360948720e+00 -1.682972359675735108e+00 -8.417034128493929845e-01 -1.470652876945193643e+00 -2.569728624880560641e+00 -1.519936751776753248e+00
-1.326590912724681770e+00 -2.823828469702130750e+00 -1.578695386187833005e+00 -9.816755963756131076e-02 -8.040772889905458687e-01 -2.603075480786543050e+00 -9.000297106754372445e-01
-8.460596658150761895e-01 -2.392581017811867383e+00 -1.381383390694713720e+00 1.142967099219363458e+00 -1.576420218983761931e-02 -2.630183640068374462e+00 -2.249532298473459202e-01
-4.249072907487908002e-01 -1.981598404547687764e+00 -1.133296996463934780e+00 3.060481909000036360e+00 1.622345504886169021e+00 -2.415673725167759134e+00 6.232995998459727183e-01
-3.497120710541240518e-02 -1.610586090464299902e+00 -8.471843269357192119e-01 -2.515159939030269687e+00 2.937497210647019852e+00 -2.313189956165961902e+00 1.763628464766094472e+00
3.772602571294274565e-01 -1.254844338394551118e+00 -5.245321317732302147e-01 -2.077921901165303176e+00 -2.732405107395792232e+00 -2.572483877037526234e+00 2.883723234267161040e+00
7.660136612331915895e-01 -9.216010281898728840e-01 -1.919317894411004810e-01 -1.663152539917191808e+00 -2.184370614569812297e+00 -2.435822222902840561e+00 -2.551991021254651049e+00
1.014468464339211007e+00 -6.918751276533245953e-01 7.251764152025701182e-02 -1.234853406865502823e+00 -1.643732779849396808e+00 -2.006013630044932494e+00 -1.896502656083076443e+00
1.087323342828839134e+00 -5.181627837349062071e-01 1.919660497589905923e-01 -8.483955576084168948e-01 -1.165847567940064167e+00 -1.560105693649503245e+00 -1.403113896074545064e+00
1.425593379150447593e+00 -1.253780153607358117e-01 3.643782689184163481e-01 -6.045140315345850501e-01 -9.412743339529238140e-01 -1.300276036584402828e+00 -1.116840765389936152e+00
-1.898021776344223310e+00 5.038639700533789068e-01 8.445160960078673673e-01 -5.001901364350653800e-01 -1.044497093966086476e+00 -1.223729567032798338e+00 -9.675387902802350393e-01
-7.439196505488937516e-01 1.291482599564176992e+00 1.741081598332032243e+00 -2.752739971915061923e-01 -7.963225052198611431e-01 -9.464125319377769685e-01 -6.974390660013168874e-01
-7.884428073837650153e-03 2.185457653958218671e+00 3.044507122132785071e+00 1.247424727927366056e-01 -2.461149246692343751e-01 -4.750044956240632721e-01 -3.070469199245362546e-01
7.553603451379663491e-01 3.089509764180950580e+00 -2.360045251225693086e+00 5.814044900801157434e-01 4.231741589276997728e-01 4.178375587268328556e-02 1.949173859547133000e-02
1.659087503835445343e+00 -2.381584197524944102e+00 -1.739289627132550420e+00 9.048528333028539317e-01 1.191441394679832122e+00 3.769899568486344554e-01 5.221585203134700842e-02
-1.340429145994328719e+00 -1.651338447064650161e+00 -1.130064601539418678e+00 2.658815488232416646e-01 -1.852632262344751313e+00 -4.484545150242439382e-01 8.988389401684129809e-03
-5.210432603653523120e-01 -9.450412212271731560e-01 -4.840899176548061345e-01 -1.736424116755267144e-01 -9.576637046055381797e-01 -6.058995663651006724e-01 2.044516041774671056e-01
1.273669442490367454e-01 -2.392640577800199397e-01 1.882605008766841115e-01 1.979493026100525577e-01 -3.008513961044844698e-01 -1.752442697981287933e-01 5.159337031433384180e-01
7.004176104269942416e-01 4.601449008991080891e-01 8.699812509379876158e-01 7.121429124247873332e-01 3.220158771800772923e-01 3.176483563851744685e-01 8.921495104092109774e-01
1.230549678157690563e+00 1.138263633410124154e+00 1.551191949751447252e+00 1.264702681068776258e+00 9.341968163412397441e-01 8.240912495911957292e-01 1.334897714952749004e+00
1.744322598141943903e+00 1.767144161197453656e+00 2.239268613490339010e+00 1.810425490881013344e+00 1.538716822132221607e+00 1.333366657074352313e+00 1.824773110462205139e+00
2.268609261037684455e+00 2.319570723400713685e+00 2.949745470781839796e+00 2.318189059337403712e+00 2.138804179905045899e+00 1.841272788197304777e+00 2.331282340103827178e+00
2.806774905931148645e+00 2.813410155782149147e+00 -2.621501958231827967e+00 2.764703274775965447e+00 2.728170096653617982e+00 2.319738297455772535e+00 2.820629008834150131e+00
-2.955841148862250023e+00 -2.973017176818308904e+00 -1.957826902000142866e+00 -3.130450895018618507e+00 -2.993653612387223717e+00 2.737513786165581831e+00 -3.031646083638418698e+00
-2.497753941390841170e+00 -2.444507906857834367e+00 -1.381703737753738004e+00 -2.749672441714312576e+00 -2.471668215877874442e+00 3.112847607335395228e+00 -2.706793849655112716e+00
-2.156553119978867006e+00 -1.895425252763189627e+00 -9.166089291885567425e-01 -2.329343003961588554e+00 -1.994595450809112602e+00 -2.790215759541955887e+00 -2.512431761210931036e+00
-1.909948592559085556e+00 -1.332598625578562013e+00 -5.498545580081135586e-01 -1.861608610153189458e+00 -1.547663740083279338e+00 -2.388489631555842596e+00 -2.362490466143470247e+00
-1.672931323558179306e+00 -7.733067863155776989e-01 -2.401581380586548520e-01 -1.382952760702835127e+00 -1.132317976614903632e+00 -2.017700682811640611e+00 -2.189020626311976248e+00
-1.441039924249668536e+00 -2.768952572765934206e-01 -1.709618745138707452e-03 -9.997660486449251316e-01 -9.211394542837609833e-01 -1.739115797825887766e+00 -2.043867631286766073e+00
-1.352965388554813408e+00 3.686999289856554389e-03 9.004086208438903671e-02 -1.050914852577945924e+00 -2.295524205156498798e+00 -1.591344278905556520e+00 -1.911322523798785422e+00
-1.456347801649690021e+00 -1.961475802178757333e-01 7.644447780141010174e-02 -1.398239733866769807e+00 -2.182655699878861988e+00 -1.532427805645781183e+00 -1.674528878304549995e+00
-1.320969853247813353e+00 -4.148496906398470019e-01 1.571645388039843438e-01 -1.173654059955963280e+00 -1.692133885409292215e+00 -1.416142466202736649e+00 -1.339808743078132025e+00
-9.120227762757141532e-01 -3.081718117726693351e-01 4.057141861653790760e-01 -7.251710719978584629e-01 -1.129617306044068625e+00 -1.154456232373879176e+00 -9.782841114689648787e-01
-4.045991403057344615e-01 -3.330039695586684001e-02 7.731997614557334364e-01 -2.035739564166102189e-01 -5.335614677392015448e-01 -7.885903160567367953e-01 -6.015286621856871241e-01
7.877614889147084576e-02 3.636328803963090328e-01 1.196809160294001861e+00 3.515014623199660959e-01 7.515704255914018583e-02 -3.808326828843061063e-01 -1.575437929795797942e-01
4.606561383672819754e-01 8.431779878321759014e-01 1.618330683537408721e+00 9.245218687882893471e-01 6.727741162903729810e-01 4.107316065944924266e-02 3.845953795115810148e-01
7.428056893536696403e-01 1.347853466733214933e+00 1.971752189030806290e+00 1.498361295473159327e+00 1.215811286074942155e+00 4.539471890245193042e-01 1.006406027818374183e+00
1.078203466696341373e+00 1.819524931166992765e+00 2.170386536451549109e+00 2.054826360019172515e+00 1.671422326994940200e+00 8.327969047565692007e-01 1.698108925630489541e+00
1.514168392926547257e+00 2.193412760276035378e+00 2.193135380113995669e+00 2.582317532543258576e+00 2.077195783709155030e+00 1.117498612938864877e+00 2.531785992989469491e+00
1.988211233268856182e+00 2.381923644951337682e+00 2.262197610717696428e+00 3.082645945098274609e+00 2.536319574796553677e+00 1.254577320121634365e+00 -2.510255008850172054e+00
2.432766936191705920e+00 2.377603627095555616e+00 2.510261350234928024e+00 -2.736563325552807679e+00 3.089035046524101880e+00 1.260940462245636162e+00 -1.226225478272411573e+00
2.768142231171589973e+00 2.424644311810707276e+00 2.842634920817322275e+00 -2.443323170193172800e+00 -2.584204381824107166e+00 1.188465518344476335e+00 -4.196157945510622933e-01
2.854470424661557981e+00 2.596667812287183352e+00 3.112357741870526606e+00 -2.842850127780651714e+00 -1.913564807484671615e+00 9.894061388601620433e-01 1.784867698293195193e-01
2.589631540963818424e+00 2.751066484855365424e+00 -3.115329582881961823e+00 2.965456321487622393e+00 -1.037388807033428728e+00 8.393094476379917568e-01 6.855176852033514345e-01
2.478691760510217001e+00 2.818564880849220522e+00 3.138591631226074874e+00 2.705777288850889306e+00 5.127048815093538936e-01 9.216913105369685111e-01 1.171633025400035777e+00
2.543214206033158842e+00 2.907847316521787739e+00 -2.988340193118740551e+00 2.724911548233134972e+00 1.809125569135573430e+00 1.155500155078438063e+00 1.717535930398772503e+00
2.641645509293579774e+00 3.057162794373627257e+00 -2.749147059531661608e+00 -3.083864143831203553e+00 2.729191135369208432e+00 1.381297749215274928e+00 2.347851211569032870e+00
2.750666018192204465e+00 3.120571492126953395e+00 -2.564939409869487097e+00 -2.417774360249401067e+00 -2.562261110814189724e+00 1.449064153594509463e+00 3.038496148373159400e+00
2.890791617945946523e+00 3.125977647826045036e+00 -2.438481651568121134e+00 -1.617809504114941621e+00 -1.078338861975589369e+00 1.437955051952231056e+00 -2.509951544751893859e+00
3.014000797249947183e+00 -2.967924500588375647e+00 -2.269113471032222051e+00 -1.587016721931334973e-01 5.127935003184491691e-01 1.655417606505848127e+00 -1.661218572987281483e+00
-3.120903003954998312e+00 -2.615431003368955398e+00 -2.036864286855861295e+00 2.237161947528521377e+00 1.570905924142662613e+00 2.070660705313553951e+00 1.111784438579163092e+00
-2.902102340934065605e+00 -2.222227361784378630e+00 -1.812362188636893690e+00 3.139865304448581362e+00 2.437911931822328793e+00 2.572841126218508467e+00 2.459097050697153453e+00
-2.596854784418846762e+00 -1.888369982308428563e+00 -1.705404612127997099e+00 -2.400685016918882475e+00 -3.035452834295225610e+00 3.104043554744660316e+00 -2.975775176588047799e+00
-2.221770397982716805e+00 -1.701502302044363812e+00 -1.734316196872087712e+00 -1.713982435585927666e+00 -2.236195220898850256e+00 -2.662712604321752163e+00 -2.137521872338549844e+00
-1.784905982074034281e+00 -1.605097013978931120e+00 -1.660376391742836022e+00 -1.073345541018948524e+00 -1.404436320761835555e+00 -2.190395113222975532e+00 -1.249767412599011029e+00
-1.305410825766110117e+00 -1.406638575362955557e+00 -1.399401850513979806e+00 -5.032405252070494273e-01 -4.822053406713026069e-01 -1.793289144684784064e+00 -2.417716080517510469e-01
-8.061423088841461748e-01 -1.108885747694043467e+00 -1.045950804779533172e+00 -2.530169895934930580e-01 6.750331702778540333e-01 -1.535777416334311418e+00 1.001293812125778615e+00
-3.357077122479608100e-01 -8.011633314017332363e-01 -6.763515772506325519e-01 -1.650356921192791093e+00 2.175477357942205980e+00 -1.669275226688143876e+00 2.400290259582812613e+00
-8.374033850953009617e-02 -5.096546771803697196e-01 -3.430909914766819280e-01 -1.341226267599583633e+00 -2.854415202711977351e+00 -1.815487699661391119e+00 -2.670988119319475107e+00
-5.253474951759234957e-01 -2.197136052044134369e-01 -1.226012686598271367e-01 -7.859255998106073893e-01 -1.920412134276614058e+00 -1.423023111551024122e+00 -1.649522687110112740e+00
-5.885301888578317042e-01 4.314097585074141289e-02 -1.348879372076316197e-01 -1.916340127974408281e-01 -1.099483104761769692e+00 -7.951479697078344122e-01 -7.287505940268079740e-01
-1.729359944585751596e-01 2.588443564879600034e-01 -2.371085507412789284e-01 3.982684888618879815e-01 -3.187687257402661567e-01 -7.943301137451105887e-02 1.198980627174845576e-01
3.442690304857314865e-01 4.632905027433887879e-01 -1.463046984464576039e-01 9.519917577174087375e-01 4.346490404419234288e-01 6.301608615581186790e-01 8.999875719080405734e-01
8.819888144880473346e-01 6.510572106970426987e-01 -1.539528492194431643e-02 1.465659263403593426e+00 1.163858873653773163e+00 1.254483741726747148e+00 1.629056349541442072e+00
1.419229730078032325e+00 6.493727343948307862e-01 -9.783636819091093284e-02 1.997787775863176130e+00 1.864497426324077889e+00 1.736991507955244485e+00 2.337288260309576593e+00
1.970346784843685084e+00 3.970678633625024379e-01 -3.954249032181803569e-01 2.670937037582646667e+00 2.527243221275176310e+00 2.133390246559101477e+00 3.043487902119593969e+00
2.552644382608651785e+00 4.614549712658134184e-01 -5.456042348056141522e-01 -2.623841385188755204e+00 3.130052694182462236e+00 2.514769221709421299e+00 -2.544572306357922642e+00
-3.125518981623774284e+00 7.554004469011832423e-01 -5.273815540524146028e-01 -1.501630535926280485e+00 -2.645567391603850460e+00 2.856594906721423133e+00 -1.906563334053716030e+00
-2.531738428793070206e+00 -5.317485194423200445e-01 -3.830202227800961756e-01 -1.139292695626894503e+00 -2.241925290343341981e+00 -3.118219225479713419e+00 -1.445591184064331847e+00
-2.043031047523114818e+00 -6.841861754448169686e-01 -1.356720613412630561e-01 -1.169347609887996242e+00 -1.893835602346497726e+00 -2.772555397134043087e+00 -1.443867284406724405e+00
-1.741092437041209751e+00 -1.364052502339660744e-01 1.669073410627981147e-01 -8.419553996793641693e-01 -1.494576465654637865e+00 -2.329191778284952274e+00 -1.527842505675148344e+00
-1.382591447543014773e+00 4.448136703691180638e-01 4.719499122338593478e-01 -3.986499510342982333e-01 -1.006402466498105941e+00 -1.802880151951420817e+00 -1.188810615814633209e+00
-6.889031237052223311e-01 9.726579662691027250e-01 7.410913518367033825e-01 5.228510875988620632e-02 -4.627137015735252601e-01 -1.199337129265032553e+00 -6.869569238363169017e-01
2.912161939444087855e-01 1.370296709527228707e+00 9.548650828157517756e-01 5.054629791752044410e-01 9.533263433323937996e-02 -4.836415793130327545e-01 -1.276306289259303284e-01
1.380111252972876290e+00 1.564989417337743438e+00 1.098140539674548499e+00 9.715557719197398523e-01 6.362497540945872831e-01 4.630015032382578943e-01 4.663653874101472696e-01
2.399066249366427872e+00 1.674125838933111732e+00 1.140123694260670284e+00 1.457958134915340320e+00 1.153289596292316643e+00 1.763943508239604441e+00 1.096981223284660967e+00
-2.959030925978343607e+00 1.923994427554527986e+00 1.130266536800246913e+00 1.964401254475654168e+00 1.652619771773889745e+00 2.978674386421422682e+00 1.764584760643868266e+00
-2.098871980894953637e+00 2.318534348981106774e+00 1.246058518028590800e+00 2.480406359365505686e+00 2.134558094152235963e+00 -2.383610007001855990e+00 2.452984341889636877e+00
-1.303084118271452319e+00 2.793900914387080991e+00 1.521704821798125717e+00 2.982283840499644345e+00 2.578746965103650535e+00 -1.633733771145665647e+00 3.122655192161970295e+00
-6.305446072745236608e-01 -2.989526471142205377e+00 1.872077687753068487e+00 -2.847412596986225175e+00 2.974954060661644917e+00 -1.033300957040843793e+00 -2.547123138425373856e+00
-2.264532594166981661e-01 -2.546695315997553166e+00 2.220951547771575996e+00 -2.479668402937029281e+00 -2.898442452553209758e+00 -5.993603363533556161e-01 -1.954003995289174345e+00
-1.636847338632558546e-01 -2.329029413145006444e+00 2.520334466925753691e+00 -2.236103656021797725e+00 -2.404040320355099514e+00 -2.797150974914797139e-01 -1.302732543306366120e+00
-6.865960763967090923e-03 -2.399900059374667993e+00 2.742772048505862426e+00 -2.108436768869664135e+00 -1.668844384562597760e+00 2.999408047250146786e-02 -5.801387583958561578e-01
3.797465874585901346e-01 -2.316411359970789619e+00 2.875198458760374276e+00 -2.000132509978668427e+00 1.306371417748624975e+00 3.561174099091847234e-01 1.767228398641737808e-01
8.293020126187173879e-01 -2.237888799274064144e+00 2.943370927347495503e+00 -1.866118060217686114e+00 2.117848541488001057e+00 6.335412118927311598e-01 9.127957717713490737e-01
1.281589541278052913e+00 -2.901043961531358129e+00 3.028214421593442562e+00 -1.873669638171602925e+00 2.733376071552984232e+00 8.295629339166455951e-01 1.478151647841574601e+00
1.730566605526220547e+00 -2.929819714999605917e+00 -3.112882701946440012e+00 -2.219428298546791023e+00 -2.988341662375260999e+00 1.038759302472738622e+00 -7.834198362021198569e-01
2.211410578316470144e+00 -2.527536227902639876e+00 -2.941822112977264592e+00 -2.252993118403024297e+00 -2.563407107209053848e+00 1.378292877826761353e+00 -1.122642181323806998e+00
2.761035463665270306e+00 -2.065004240711675987e+00 -2.770373107304143989e+00 -1.931327077918054469e+00 -2.533264429279502572e+00 1.821727612145503050e+00 -1.264588871194310737e+00
-2.903926189402600055e+00 -1.617139431331560573e+00 -2.605892758429833922e+00 -1.515850871940906286e+00 -2.992233471769722541e+00 2.306247626484711599e+00 -7.082229263988334411e-01
-2.198050667937573976e+00 -1.189024862581162134e+00 -2.477667256127901840e+00 -1.132314426224960258e+00 -2.796265910212464512e+00 2.879491692741443565e+00 -3.760676149761205816e-02
-1.354152302771719052e+00 -7.624478742356757266e-01 -2.447457608447283661e+00 -8.476169561058711777e-01 -2.074744435359257899e+00 1.030148478592974801e-02 6.127367816438574755e-01
-2.582591458882760316e-01 -3.404196943711864654e-01 -2.487663480723111054e+00 -6.088807144840092667e-01 -7.321067048863292293e-01 4.835112744302186849e-01 1.158658977900416831e+00
7.241352342650211327e-01 -2.785073031540521882e+00 -2.422208849993226831e+00 -2.042183086905633438e-01 4.404385839953871562e-01 9.572818362777256729e-01 1.566405410202855730e+00
1.332524337572710715e+00 -2.417248927942250436e+00 -2.220783065480797625e+00 7.045269773724056606e-01 1.260496783781414054e+00 1.445727394531312049e+00 1.956373447994666614e+00
1.921189713917888398e+00 -2.016948354941291655e+00 -1.981864174412543811e+00 2.519438663459923511e+00 1.990077802668692497e+00 1.955132510650392508e+00 2.460099802880010067e+00
2.588343750197857229e+00 -1.817210560942868147e+00 -1.794193426813151637e+00 -2.760377435436968785e+00 2.693237844356224375e+00 2.476033309536466831e+00 3.044109910529873897e+00
-2.989011264503281140e+00 -1.900380727311820062e+00 -1.653328404244217564e+00 -2.120895874917597457e+00 -2.912167328351273010e+00 2.974011757721140459e+00 -2.664338374861404901e+00
-2.282508163524917588e+00 -1.808960891767916523e+00 -1.456450861415218290e+00 -1.641584115758433438e+00 -2.276107776568122354e+00 -2.885018641237618198e+00 -2.180744942593051849e+00
-1.637496523039772889e+00 -1.455744265242789215e+00 -1.184372942246390226e+00 -1.270207538545593762e+00 -1.730521787897474573e+00 -2.594995005130614096e+00 -1.825933204450236769e+00
-1.147492931189993737e+00 -1.007710905250769118e+00 -9.467556050681070756e-01 -8.901071568919443067e-01 -1.371331889153418082e+00 -2.396153473587634863e+00 -1.493875912635665770e+00
-9.462742122475945594e-01 -5.507504594319873048e-01 -9.388039509711677555e-01 -4.176251394785252535e-01 -1.261662810384452715e+00 -2.162899310506225081e+00 -1.039676807241940670e+00
-8.333845924630365332e-01 -1.379112009700977637e-01 -1.131807627017029638e+00 1.372873292855309457e-01 -1.083567104261901282e+00 -1.891539809684482210e+00 -4.352168491248067927e-01
-4.761840955037742185e-01 1.595290260975447683e-01 -1.102504469824297839e+00 7.547413661377940786e-01 -6.271057546268148375e-01 -2.298859795545592721e+00 3.255534554371073419e-01
3.460400194227559578e-03 1.961960568021833273e-01 -8.924127462373818709e-01 1.497714712783298152e+00 1.011431253908386535e-01 2.754644435319069551e+00 1.277052978660101035e+00
5.112181320357780390e-01 3.345646460391972499e-02 -6.267717635091780704e-01 -2.997331584298274620e+00 1.811658917622323228e+00 3.034405366943206950e+00 2.359760683252353441e+00
8.461120957634732376e-01 9.282106193797347304e-02 -3.542345413625669903e-01 -1.430307422827033825e+00 -2.814592149915908337e+00 -2.848558814174260601e+00 -2.923150945264217704e+00
-1.258337813626875246e+00 3.301532333807885577e-01 -1.099466177486769086e-01 -7.773449202868468744e-01 -2.011636155947690519e+00 -2.438261500699101081e+00 -2.076446420698078832e+00
-7.929444390525096642e-01 5.603742766189453439e-01 8.926103811650021314e-02 -2.786535921277034089e-01 -1.348144075352484039e+00 -2.019081686368129347e+00 -1.346514801887001012e+00
-2.363958336333880916e-01 7.038930054735438313e-01 2.854525565557870515e-01 1.087598759279590349e-01 -7.367484514337344637e-01 -1.574391500612822625e+00 -7.006018048894463446e-01
3.271552047661273055e-01 8.938729092405945931e-01 5.324398803433660898e-01 3.877011500402467448e-01 -1.634374437756002385e-01 -1.090010327348177377e+00 -1.009868327858231274e-01
8.877959924356738641e-01 1.253335221573243619e+00 8.079025641086400311e-01 6.420666495130794571e-01 3.739854330204781530e-01 -5.736820594610576585e-01 5.009577493272016069e-01
1.417236940136246792e+00 1.732083665474899004e+00 1.022693785720993009e+00 9.520097254089125993e-01 8.669798250670949225e-01 -3.069714316953927463e-02 1.141839864789010450e+00
1.889675868018959592e+00 2.267941578675550574e+00 1.065732210740786945e+00 1.294493130479739351e+00 1.336602193368329194e+00 6.983470604461553544e-01 1.880493821377537733e+00
2.296377042254803325e+00 2.845848039146222419e+00 9.912480326804510300e-01 1.551112169701197363e+00 1.859131660148399368e+00 -2.722330475158933893e+00 3.083242199264364380e+00
2.682261921917803438e+00 -2.150917683219653043e+00 1.002925281661618984e+00 1.491329898909300011e+00 -2.320600946835232214e+00 -1.919514048053824862e+00 -1.374616642951145939e+00
-3.138760243998885535e+00 2.947549827148164270e-01 1.065130474192776289e+00 1.274442966313283021e+00 -6.200334521089535533e-01 -1.307315807318331524e+00 -4.669465551425724392e-01
-2.530273326342884488e+00 8.823462298692613670e-01 1.061854621601326487e+00 1.467650889558222760e+00 1.256987650912491650e-02 -7.242568206402307807e-01 2.559836047160466976e-01
-1.731954761042140856e+00 1.448194762423162363e+00 1.077528959377426654e+00 1.902569630729238792e+00 6.108366839379187896e-01 -1.972153156514236949e-01 9.833230644973994794e-01
-7.341766737750403671e-01 2.017467727064162997e+00 1.307445279616522571e+00 2.411884857783815672e+00 1.204887794009420254e+00 2.552140258808620055e-01 1.734086426397350111e+00
4.073381424834702225e-01 2.568219725318009239e+00 1.713083861402000974e+00 2.912288681563181214e+00 1.783468347000084275e+00 6.820311291257189490e-01 2.508787715569168686e+00
1.514837120008160065e+00 3.096987886619527508e+00 2.185105520736746243e+00 -2.929532038014093231e+00 2.323727310331012319e+00 1.174782133869951339e+00 -2.925398281786995458e+00
2.451854167545168384e+00 -2.663557640948289951e+00 2.646947136428187797e+00 -2.569647139437378325e+00 2.795262151239743087e+00 1.737966336074400653e+00 -1.435285796325221908e+00
-3.067973758161227416e+00 -2.148698605787517035e+00 3.045449257728036319e+00 -2.295664758418015428e+00 -3.094190404075836121e+00 2.336364308126354317e+00 7.554216285094353944e-01
-2.436333433234894486e+00 -1.686703426024031893e+00 -2.955409600342789211e+00 -2.104192442487998083e+00 -2.700248572910291855e+00 2.920721800346035568e+00 1.615315345869187125e+00
-1.903648369063476897e+00 -1.387477544587430556e+00 -2.842020477968876246e+00 -1.991043107542930457e+00 -2.239152659162945813e+00 2.607824845495260391e+00 2.244366520143413535e+00
-1.444070224299465854e+00 -1.297229796407576741e+00 -2.843441301487057871e+00 -1.890924402839957219e+00 -1.731499488293713362e+00 1.621802102885723462e+00 2.782449794246403485e+00
-1.058912702657330618e+00 -1.126190466039191040e+00 -2.782742315856612692e+00 -1.698590831632765807e+00 -1.287751641493156241e+00 2.291569278370963580e+00 -2.955486505399925079e+00
-7.506205553052883728e-01 -8.737454454145884286e-01 -2.607228631028320809e+00 -1.420577148478091578e+00 -9.859729355220238078e-01 -3.098971641443753366e+00 -2.289235202635464539e+00
-4.740623253348086874e-01 -1.598464736389572982e+00 -2.352275785639323935e+00 -1.190647500551006210e+00 -6.259950105711613588e-01 -1.356458506787660001e+00 -1.422192679297432871e+00
-1.911490280753118942e-01 -2.008973631335078558e+00 -2.094022491903994254e+00 -1.284589970353745336e+00 -9.481216949139985306e-02 3.737154827576275040e-01 -1.967514182982212645e-01
1.613651842022944538e-01 -1.618851486664881101e+00 -2.027646294470974109e+00 -1.480110605334459040e+00 4.984291093690302876e-01 1.053120921051147851e+00 1.955292192128632589e+00
5.984454781764173559e-01 -1.225950751311967402e+00 -2.364512801266991815e+00 -1.230612791738961098e+00 1.020750736398439384e+00 5.681888681995148627e-01 -1.890283880074394851e+00
-2.252535452508183322e+00 -1.304128845134750803e+00 -2.439148681706808208e+00 -7.770973242983606477e-01 1.389668431078221023e+00 4.121520712334243997e-01 -5.654365878126443867e-01
-1.865030835886410054e+00 -2.045318273276954812e+00 -2.179708352687873330e+00 -3.066928064728984271e-01 1.617214062455932577e+00 1.015136153624367488e+00 4.257224024348725266e-01
-1.733348142352256094e+00 -1.818278129278718680e+00 -1.818910556608982931e+00 -1.753937828086967465e-01 1.918736561210531377e+00 1.787257359824405478e+00 1.327248566052913636e+00
-1.738974161385390405e+00 -1.352822878774332827e+00 -1.440393116417757025e+00 -1.485816143563895242e+00 2.407265938983150111e+00 2.618196917821100200e+00 2.226270096940392573e+00
-1.519998373684917414e+00 -8.559302670224393506e-01 -1.089634126731441333e+00 -1.254717544865443957e+00 3.029605575743745227e+00 -2.831784746939243647e+00 -3.100912381528295292e+00
-1.110508483215060460e+00 -4.115695669614395369e-01 -8.199976831270165967e-01 -8.167587239516671538e-01 -2.545624332040631543e+00 -2.029782620525551362e+00 -2.009029254315120028e+00
-6.244024364065547950e-01 -1.214407276707285127e-01 -6.723072783465792179e-01 -3.803161724064852423e-01 -1.781474194774188335e+00 -1.296839871359025897e+00 -7.648269275895382968e-01
-1.272006728658511554e-01 -8.943275740770212368e-02 -6.172933067474869473e-01 -1.674285331877910970e-03 -9.588786492433615249e-01 -6.680142157074558940e-01 3.543120586915416426e-01
3.372708738767270509e-01 -1.488401305241781325e-01 -6.514355777584172058e-01 2.738339554905546147e-01 -4.390935922808028580e-02 -1.995310448251597646e-01 1.163650775114189573e+00
6.934684082868493027e-01 -7.049390267909788621e-02 -8.189482847807362242e-01 4.249585824279636381e-01 1.036138483107435615e+00 6.363025426272930773e-02 1.685343853485400389e+00
8.248662008318424776e-01 8.700374271012263627e-02 -8.839380016570618226e-01 5.412266197347993524e-01 2.365549725784753754e+00 2.917782289809736085e-01 1.929086584011936889e+00
7.175225875600358405e-01 2.821892117339598327e-01 -6.718041018681011334e-01 7.693634132273513559e-01 -2.433534928659109031e+00 6.693542304657723596e-01 1.976829988561032980e+00
7.111002437392414111e-01 5.695624217847421455e-01 -2.773283231650187086e-01 1.163827173984278929e+00 -1.029583871236532389e+00 1.180462804504648355e+00 2.114752958348741441e+00
7.863021353238037747e-01 9.499873158138641971e-01 1.949214674051583107e-01 1.697972900522258133e+00 1.586007125335608670e-01 1.742680355714492535e+00 2.470919201962468836e+00
8.658130496180111990e-01 1.364104107828392198e+00 6.635875112153231115e-01 2.339640477780023264e+00 1.121398664431532133e+00 2.201870723631371263e+00 2.931511433410362244e+00
1.114777847938954958e+00 1.752095983489292852e+00 1.056404572881236792e+00 3.103706064432175893e+00 1.911157881939621772e+00 1.692711268639737865e+00 -2.911678399506184345e+00
1.535165928887997522e+00 2.064191101595706623e+00 1.321701867034636324e+00 -2.066643837714521315e+00 2.606648458447363037e+00 1.389219334977246367e+00 -2.560920048533237292e+00
2.013725704328448440e+00 2.231808537128860959e+00 1.502903401572912578e+00 -4.317305937602787802e-01 -2.999444252529131827e+00 1.854098269481724737e+00 -2.231992523807825535e+00
2.489569977770126119e+00 2.231581324652796017e+00 1.748463692496702748e+00 5.031946399300092354e-01 -2.305509950335477232e+00 2.419405891781864604e+00 -1.806414671700191654e+00
2.966044574009647938e+00 2.298995533641006617e+00 2.121685523889015101e+00 1.076359136568195485e+00 -1.595536431247951414e+00 3.027280018823542473e+00 -1.274351654372689380e+00
-2.825443984183109158e+00 2.568412855797923555e+00 2.564302173880375513e+00 1.524897503329943671e+00 -8.954953650333619120e-01 -2.614988380043052896e+00 -6.868930278717814142e-01
-2.339242788149055396e+00 2.957569253426535205e+00 2.981217657313878444e+00 1.900528030924595768e+00 -2.432461122498701944e-01 -1.966474904760408871e+00 -1.022246398828003111e-01
-1.920722320761769408e+00 -2.888809272271760431e+00 -2.984903234293477592e+00 2.245789652415816740e+00 3.119014748086489930e-01 -1.364182290730292291e+00 4.079002278240626556e-01
-1.616169886941673406e+00 -2.439557652739219762e+00 -2.723516290187830702e+00 2.597774053955182794e+00 6.719523239404011639e-01 -8.929148081185375174e-01 6.731157632752661213e-01
-1.367274428838989531e+00 -2.007428661036668505e+00 -2.387743523350085439e+00 2.916807961260101667e+00 6.665406341975438353e-01 -6.724788953022388105e-01 3.560170335041882850e-01
-1.056496157774630129e+00 -1.630378931563685407e+00 -1.863674431044372026e+00 2.970544926292489230e+00 5.899031008897971384e-01 -7.118618206396220005e-01 2.898861748628366319e-01
-6.450142821219256861e-01 -1.319580670498747166e+00 1.196266023499580999e+00 2.381681247619961361e+00 8.858316566997124220e-01 -6.804620810860437796e-01 6.606048279826887137e-01
-1.345932509843952574e-01 -9.679702344086117405e-01 1.713185958908152839e+00 2.316903714324296537e+00 1.368916010747513345e+00 -3.963492782181699536e-01 1.133651080412886536e+00
4.811953345526350789e-01 -3.204354841019652622e-01 2.140524825288904864e+00 2.596071906768504078e+00 1.923619422269207790e+00 9.441029044226006972e-02 1.601884888534649720e+00
1.194604574796366059e+00 2.814805211727184897e+00 2.578381881211014193e+00 2.941743769301831346e+00 2.514592839326247553e+00 6.898753711561441682e-01 1.969117057834894657e+00
2.000047697626199827e+00 -2.755897348685774961e+00 3.000230747420004729e+00 -2.997657544991435330e+00 3.115801412621336475e+00 1.339206934149531625e+00 1.676856043893115711e+00
2.859138187532798803e+00 -2.186857033048202226e+00 -2.941877752698958126e+00 -2.708954973920261633e+00 -2.595647913036275067e+00 2.026725218683632423e+00 1.137693703645662691e+00
-2.638439427619403865e+00 -1.779941259525957609e+00 -2.730598198817594469e+00 -2.590031492081426467e+00 -2.152280187408700307e+00 2.829586707503734200e+00 1.502466958008324749e+00
-2.015341881374043354e+00 -1.669819668565710069e+00 -2.602797174811652070e+00 -2.658216681951022675e+00 -1.599059574593648225e+00 -1.683831354330278751e+00 2.027248776541398012e+00
-1.536587345478009459e+00 -1.639667305350633875e+00 -2.454945231282523732e+00 -2.600117367398639079e+00 1.020010889398178903e-02 9.069405403954593214e-02 2.561396810130401214e+00
-1.112712183071381311e+00 -1.398009642387447293e+00 -2.252208907218503420e+00 -2.404560853156549438e+00 9.565591798570334259e-01 8.560129495929826859e-01 3.041759806322586357e+00
-6.822589704399142363e-01 -1.133112563387159266e+00 -1.989248234704391827e+00 -2.315293939871313711e+00 1.681014836475032803e+00 1.582461149845656445e+00 -2.851305612167994941e+00
-2.543828435152057366e-01 -1.002420920627870915e+00 -1.688031653997090320e+00 -2.284687867134508998e+00 2.419292577780934650e+00 2.419890690961247426e+00 -2.436996669902418144e+00
1.312299347093221491e-01 -8.989940164303474868e-01 -1.484375003763223733e+00 -2.036751474219704594e+00 -3.052519545440855353e+00 -2.961418661571672217e+00 -1.839629434217896709e+00
3.869495002928632910e-01 -7.778831070226200906e-01 -1.843550364653214979e+00 -1.643631677850598605e+00 -2.085263062683248680e+00 -2.076940081166842589e+00 -1.048065869761099167e+00
5.739307970760127997e-01 -7.171778526620734562e-01 -2.065770097232663360e+00 -1.253298342723100145e+00 -8.599883467914992696e-01 -1.316023560721849339e+00 -1.212053514974930496e-01
8.537476533995163042e-01 -5.091027848891993557e-01 -1.701194448641006218e+00 -9.627892778128239737e-01 4.602108596189573020e-01 -6.449958556722307224e-01 8.561384280142251280e-01
1.294454442529374694e+00 -4.811827598516561083e-02 -1.222828814975342571e+00 -8.111285992925555410e-01 1.502681799714618460e+00 1.269056211395263312e-01 1.815686822413314916e+00
1.906382067673735081e+00 5.976428017576345120e-01 -1.066422791332017006e+00 -8.251478951387087868e-01 2.339492980523592447e+00 1.233969543540300862e+00 2.739762345648246278e+00
2.785672705515848335e+00 1.641752500145938765e+00 -2.098210633620364973e+00 -9.928443171236559506e-01 3.108350413002244572e+00 2.686536633776751337e+00 -2.640595615921533135e+00
-2.373434057275716658e+00 -2.199207638109863083e+00 -1.764700516984729406e+00 -9.928968086549826433e-01 -2.408593605752876954e+00 -2.449928336385934102e+00 -1.751552005322974281e+00
-1.354218666205877719e+00 -1.182211043146396801e+00 -1.155957690906880941e+00 -6.915215945839017220e-01 -1.639140227814046780e+00 -1.563623159138767926e+00 -8.938349719699462126e-01
-5.141400369401576409e-01 -4.545411508106988463e-01 -4.938818415768285730e-01 -2.040164870925167129e-01 -8.665005741399905981e-01 -7.803412332800419016e-01 -8.729934481960062442e-02
2.191402322046695217e-01 1.929719919026121333e-01 1.762611753798258296e-01 3.978408094659412475e-01 -9.219157950443017391e-02 -6.303816253371148648e-02 6.610628723912942428e-01
8.678073573450431066e-01 7.761400470719972411e-01 8.316944114498915352e-01 1.071070364927991347e+00 6.819336250631204965e-01 5.696789635720400646e-01 1.355474941176480153e+00
1.432970548244836273e+00 1.296754449006539911e+00 1.447035127048313052e+00 1.790840969461409582e+00 1.477672696817367903e+00 1.072471940793569889e+00 2.009132458382797193e+00
1.881891850351106843e+00 1.748281946830567701e+00 1.979020740785766286e+00 2.531167490369402362e+00 2.393291454212387315e+00 1.246709119693092838e+00 2.608138777222681171e+00
2.166655101917983384e+00 2.132362444755259823e+00 2.341739819132649725e+00 -3.024108231167126348e+00 -1.827276855290375979e+00 9.343885595053808002e-01 2.924658021937699193e+00
2.285222006610272860e+00 2.473395027168982185e+00 2.336924861871027215e+00 -2.343797615972725179e+00 -2.399071748959959172e-01 9.256930660245854536e-01 1.863954099755148697e+00
2.357085809934728715e+00 2.673852825763925800e+00 1.844886286473175208e+00 -1.918700394609911930e+00 4.821216307682319457e-01 1.202516669967832907e+00 2.097769625304078289e+00
2.531417243540345918e+00 2.166179402343540339e+00 1.816847834034389875e+00 2.269584722823811074e+00 9.875645391589401578e-01 1.535233030830712053e+00 2.603282983492615443e+00
2.790632528836861859e+00 1.994608931053771350e+00 2.145261152243640446e+00 2.806420544396455163e+00 1.337012391247781817e+00 1.882313704592238013e+00 2.997193985009947159e+00
3.092573441347396201e+00 2.354290063791545151e+00 2.537250900298163359e+00 -2.899164996721467435e+00 1.635238752673581430e+00 2.239575415179301032e+00 -3.026683258131690479e+00
-2.873462846422289552e+00 2.750860555159424070e+00 2.920812416000291734e+00 -2.357745739260685980e+00 1.994279413401609746e+00 2.578208052120888105e+00 -2.650306835432441499e+00
-2.517839665048584141e+00 3.087715953624496912e+00 -2.965255460371138518e+00 -1.919736454253371472e+00 2.400291921681966922e+00 2.882770173769891642e+00 -2.083263303983957204e+00
-2.158735350952140752e+00 -2.906584291426383970e+00 -2.541486870268374165e+00 -1.670646056309619931e+00 2.787286712887577345e+00 -3.128656062222141543e+00 -1.469216898226809898e+00
-1.867552462821593373e+00 -2.628249659916069625e+00 -2.123296681272142550e+00 -1.533214562728559160e+00 3.071885817035917565e+00 -2.868642511224702929e+00 2.603115983689873403e+00
-1.842306493432050107e+00 -2.277309239678123820e+00 -1.718076074592391311e+00 -1.289546226702431575e+00 3.049589503907308430e+00 -2.713044369748337292e+00 -3.054987556626731049e+00
-2.106328399453866851e+00 -1.785532867366181442e+00 -1.276107651427226042e+00 -9.177399868476721068e-01 3.032485353992280697e+00 -2.682880539693227373e+00 -2.361409770576871736e+00
-2.040168202354952331e+00 -1.205832830088941154e+00 -7.600480230233543910e-01 -4.761257809810605091e-01 -2.858708490862918783e+00 -2.593133542564412419e+00 -1.674620558875896226e+00
-1.699842250209713690e+00 -6.197577482875351595e-01 -1.861962285898250691e-01 -1.098872853109841841e-02 -2.198571225887338887e+00 -2.364450363943295663e+00 -9.962073240456649215e-01
-1.324873351278178291e+00 -8.039285502729719146e-02 4.135027979427879918e-01 4.524678288347890320e-01 -1.324764345951181532e+00 -2.088195152454575876e+00 -3.224925760041272293e-01
-1.004369501367531781e+00 4.012784205968585316e-01 1.024763932940776057e+00 9.085913785333167292e-01 -1.668863245133461737e-01 -1.755116477235476147e+00 3.404278432794644593e-01
-6.477985576854087268e-01 8.459543468316760295e-01 1.642259119178247850e+00 1.370352761249080453e+00 1.025772076107727360e+00 -1.347116093547036986e+00 9.799916154442560590e-01
-1.709501856421557497e-01 1.252162145093455692e+00 2.241237283038927774e+00 1.829605060539466033e+00 1.917439005001181362e+00 -8.885587944608810407e-01 1.584395872879982514e+00
3.998105024094402715e-01 1.609183123757767842e+00 2.735782502360107227e+00 2.242139470555255976e+00 2.615044018868767584e+00 -4.233569014281569065e-01 2.162514906581747720e+00
9.798437955830021640e-01 1.937104715989097503e+00 2.971748411027241410e+00 2.518171097439303008e+00 -3.055378882652254990e+00 1.977589532939440925e-03 2.724581189697454331e+00
1.517769968585303664e+00 2.280098823613465608e+00 2.967048435693192765e+00 2.514577042091459269e+00 -2.501815262032008214e+00 3.846380677603726816e-01 -3.034049224442991743e+00
1.989868006831334135e+00 2.647679004839675443e+00 3.075695250534319580e+00 2.273685786175797308e+00 -2.025869961774603656e+00 7.231848838482298758e-01 -2.573272776511884796e+00
2.440764807887076060e+00 2.918991852124332542e+00 -2.848201687521351833e+00 2.012869828397236827e+00 -1.803295144118620685e+00 1.046933957211673594e+00 -2.128547357425368602e+00
2.948653636735214967e+00 1.056948758102277841e+00 -2.308381780879591449e+00 1.968429279264823251e+00 -2.039081673745982481e+00 1.432328550467195649e+00 -1.391491030038866095e+00
-2.741152883451736688e+00 1.144413997338312949e+00 -1.664966261044543039e+00 2.229244121158962866e+00 -1.969521254933405130e+00 1.956623672694631777e+00 2.039872009725789970e-01
-2.064548455209471278e+00 1.668023572344293992e+00 -9.702130053114663699e-01 2.653651104932760685e+00 -1.589344390039367561e+00 2.601806391374104077e+00 1.429755604449456152e+00
-1.332174560780786443e+00 2.313234343671321191e+00 -2.570729861560593354e-01 -3.127501731781952010e+00 -1.239759364331436409e+00 -2.970607929211083409e+00 2.338272157971005516e+00
-5.698778832482113144e-01 3.013657795177317134e+00 4.492355020705229296e-01 -2.575749156390473082e+00 -1.223081837845913178e+00 -2.234726019191766611e+00 -3.089149120572729501e+00
2.035239026086166636e-01 -2.563508210395214704e+00 1.121391342429461924e+00 -2.003595053975050000e+00 -1.438787857959041405e+00 -1.522863586949882997e+00 -2.283413331271940017e+00
9.779622636007203607e-01 -1.884715023364669673e+00 1.724658162599150613e+00 -1.444148039315917842e+00 -1.322318193022513189e+00 -9.037164559737264069e-01 -1.569947224435852551e+00
1.797823703676117324e+00 -1.255470761230195853e+00 2.210960893836702468e+00 -9.266310778833626305e-01 -1.017239686171828694e+00 -5.481366297415652955e-01 -9.925229699213643508e-01
3.013548493552297813e+00 -6.919803359466818460e-01 2.516430214399080878e+00 -4.692979612941329259e-01 -6.419670794374211509e-01 -6.976696511221982533e-01 -5.330969006289649759e-01
-1.366355805963949122e+00 -2.199896299505055830e-01 2.589079234188699896e+00 -7.763172700193092524e-02 -2.126287520629511762e-01 -6.255428652317083227e-01 -8.690920823439297893e-02
-5.188121912200469588e-01 1.370330612029673767e-01 2.451914122024350551e+00 2.627987195682592314e-01 2.415728161076338698e-01 -2.457928199195618946e-01 4.254297028013506732e-01
-2.450529580126061327e-02 4.513150109984097047e-01 2.245101629400149790e+00 5.920131315907367631e-01 6.620719452453998066e-01 1.427318026085429570e-01 1.005032882604314226e+00
2.421272591419964537e-01 7.810525365308510493e-01 2.238408124518771913e+00 8.829505891657374317e-01 8.724649386981204735e-01 1.720773459272511297e-01 1.587102704371939899e+00
3.323018738693479524e-01 1.118279140694822704e+00 2.434703676085592239e+00 1.080781912016256729e+00 6.709697322982313139e-01 -1.172637688715920390e-01 1.987548468558269610e+00
4.667351154891647425e-01 1.601099992154344287e+00 2.704169915840616945e+00 1.330259282552159972e+00 6.436143909667162433e-01 8.252547965377549088e-02 1.532417525329761832e+00
7.826196515055717784e-01 2.361203851461587178e+00 3.035147625901514878e+00 1.806809670613520158e+00 9.342310877157249394e-01 5.246250397535491272e-01 1.475384590706948273e+00
1.189171618156970034e+00 -2.974052683901510452e+00 -2.798008861978731332e+00 2.466974157461612194e+00 1.282463774264436918e+00 9.702233134072757448e-01 1.986596468167138196e+00
1.605933843250769044e+00 -2.041833463191880416e+00 -2.145798710599958081e+00 -2.982594080179852725e+00 1.593420004288172098e+00 1.306143204921177414e+00 2.600012459529454478e+00
1.969302414255255096e+00 -1.258449879456869258e+00 -1.209664296018228891e+00 -1.468221600444388653e+00 1.873719446431556301e+00 1.436981177054234671e+00 -3.054027464221753974e+00
2.259149904493157113e+00 -6.172501550865910902e-01 -1.515306938922532654e-01 2.327581373156455691e-01 2.174393134965562968e+00 1.480601154942622566e+00 -2.422871323433624102e+00
2.502576096753819979e+00 -1.915517911755669489e-02 7.057734247270952554e-01 9.860884024262702718e-01 2.499177874802335886e+00 1.605208338869361651e+00 1.177505658309778047e+00
2.478889800981611824e+00 6.127369754204197161e-01 1.343297535031663603e+00 1.555728228729321927e+00 2.790705909305145394e+00 1.701898774963173322e+00 1.769107085866183482e+00
1.441971872793844200e+00 1.278265918544454927e+00 1.829004721293639113e+00 2.077830067805003900e+00 3.025244233895894030e+00 1.475963882399894178e+00 2.330330266898410496e+00
1.404613057879058546e+00 1.976312949252973405e+00 2.265493776744594179e+00 2.529120438251319047e+00 -3.103883479433761305e+00 1.309328824785700451e+00 2.890531019274468427e+00
1.735841694476678798e+00 2.716094054761519327e+00 2.758746872859160870e+00 2.844445693768758776e+00 -3.135806675701616530e+00 1.563379338796826001e+00 -2.802149042640719845e+00
2.067417481552985326e+00 -2.778099153346608396e+00 -2.962958987296405500e+00 3.020200706130325763e+00 1.563404353589632478e+00 1.945556769982378587e+00 -2.116295719728583880e+00
2.160081615824173351e+00 -1.919186784512529886e+00 -2.390916248650350351e+00 -3.058278705093013361e+00 1.465468884147003159e+00 2.264512436653346228e+00 -1.148657699055240178e+00
1.937836734903151559e+00 -9.099507205965521317e-01 -1.921567608701342911e+00 -2.759743096080120583e+00 1.843659880853986577e+00 2.398435008821262926e+00 2.525806990588251311e-01
2.087432592452233671e+00 5.576431838431085142e-01 -2.003489486924193486e+00 -2.405544750668564991e+00 2.311726651300981761e+00 2.496796979332779554e+00 1.345054214682669169e+00
2.497359664708896698e+00 2.153587530729242250e+00 -2.407776990819310292e+00 -2.065383714676077176e+00 2.773454769316896051e+00 2.724591173448332349e+00 2.057250406737667792e+00
2.979382180031870941e+00 -3.088190954707618729e+00 -2.008946880532071155e+00 -1.878844914531694554e+00 -3.105037495520249102e+00 3.040210819735134962e+00 2.585943003915966987e+00
-2.823333026393324729e+00 -2.270629408323823206e+00 -1.390110850124562925e+00 -2.084755401568123112e+00 -2.778191804062108083e+00 -2.906217756294557919e+00 3.030650605271103970e+00
-2.331906850756770844e+00 -1.564975977349624348e+00 -7.198830084038643218e-01 -2.164451311090006769e+00 -2.447463327968345759e+00 -2.529714271964488503e+00 -2.789495749160924021e+00
-1.817521744239908754e+00 -1.027609976588615304e+00 -5.872349251171525564e-02 -1.914303899912623175e+00 -2.037804577656907590e+00 -2.128460651069930432e+00 -2.274963440461408304e+00
-1.255351387923534734e+00 -7.511883035353167370e-01 5.445840036899766146e-01 -1.554112518844182889e+00 -1.544124509182098537e+00 -1.705195309206366083e+00 -1.722344976586337228e+00
-6.511301148458902288e-01 -5.037922846396408749e-01 1.008310717547089785e+00 -1.126224362218198438e+00 -1.008148584397976943e+00 -1.251001580088741738e+00 -1.155508702605869464e+00
-4.807624599138416582e-02 -9.604965342251552129e-02 1.153890453192164767e+00 -6.207329175043552194e-01 -4.665967190155785316e-01 -7.575109775440200810e-01 -5.845040566021811879e-01
5.175232740844560864e-01 3.174235737721725070e-01 8.827838923022618411e-01 -3.860800497622211835e-02 8.406513589945939502e-02 -2.417026947927299885e-01 2.683534872958424737e-03
9.869273283807300512e-01 5.662459437407200147e-01 8.849693120129765722e-01 6.219134413069077327e-01 6.738266008371478488e-01 2.480501742887797345e-01 6.360819419483327852e-01
1.365016770449635430e+00 9.749610937286149470e-01 1.232782094388068073e+00 1.480137122274873374e+00 1.370953331708365086e+00 7.048531453605021424e-01 1.375443460107381277e+00
1.702689489233262243e+00 1.830751298896588164e+00 1.731891335507054430e+00 2.665105077002885015e+00 2.170875662944400375e+00 1.138020017665273276e+00 2.280657097900068653e+00
2.065111440536864684e+00 2.970685311879586621e+00 2.278779365576057980e+00 -2.783600183957403829e+00 2.967803001119864170e+00 1.622485008253870653e+00 -3.005652854928235751e+00
2.469082273749649392e+00 -2.247466780238532635e+00 2.804486242232099524e+00 -2.231996190737773667e+00 -2.590989118713893813e+00 2.208673705427818490e+00 -2.129255014044959982e+00
2.888402552304664361e+00 -1.405357199969372139e+00 -3.025023200867619000e+00 -1.745794075320042271e+00 -1.946447600627762009e+00 2.895911335414816268e+00 -1.407848755154852860e+00
-2.968012613513406617e+00 -7.919686985146829894e-01 -2.710838308879164771e+00 -1.335176860888399375e+00 -1.349972291950721548e+00 -2.615707208003287931e+00 -7.966209174291093431e-01
-2.594873783020956726e+00 -4.719118569764987892e-01 -2.897506735430854796e+00 -1.040626218113177126e+00 -8.014060148595253397e-01 -1.891352660658575990e+00 -2.905603599510073742e-01
-2.332261863484167197e+00 -3.915394727750665660e-01 2.359586189167475645e+00 -7.929988427029484033e-01 -3.132090829215960492e-01 -1.277473385782520010e+00 1.094975617695650161e-01
-2.358553964575282880e+00 -2.323090970238796960e-01 2.431983077432807505e+00 -4.883733603035688153e-01 1.211279372358361195e-01 -7.681446833585602318e-01 4.561719929282207486e-01
-2.670825423337408466e+00 7.608324609910520342e-02 2.708342918281770650e+00 -1.669712893748928340e-01 4.283659752517013364e-01 -3.474727629722712541e-01 7.789900077002333001e-01
-2.985064076423576296e+00 5.244764472124574528e-01 3.029047263567234083e+00 5.157018582545717933e-02 4.062507531042783837e-01 9.107591148757502794e-03 1.017202948194408485e+00
-3.110157040052730970e+00 1.067996819587787360e+00 -2.892524840121596164e+00 -6.691627119164952897e-02 6.807262399169790312e-02 2.428412743010231467e-01 1.053460841358777378e+00
-3.106995023559098623e+00 1.634833518366138438e+00 -2.514358338343682941e+00 -4.083090476466766927e-01 6.944660448879769188e-02 3.966983820341825617e-01 9.410510010099312206e-01
-2.913377632364106518e+00 -6.268469580771136584e-01 -2.163735909269888680e+00 -3.767325549972518894e-01 -5.475377641306411643e-03 4.662672636185370978e-01 6.344713037726813498e-01
-2.658763087763886368e+00 -2.267610531244272365e-01 -1.858283840815127874e+00 -1.204725885157102994e-01 -1.900874498143865221e-01 4.915686449840181993e-01 2.765080461782824517e-01
-2.384841545870409973e+00 2.080050042126463938e-01 -1.654347388557135146e+00 1.794399462088434871e-01 -9.149031306408036968e-02 5.051424570937093073e-01 3.858304328571482422e-01
-2.214142622893635171e+00 5.484127880603509864e-01 -1.867084243464220528e+00 4.869767627571304769e-01 2.755667811053860161e-01 6.829096918294995655e-01 7.680747198226129946e-01
-2.144155316843653569e+00 8.834638320979066872e-01 -2.343271874024097645e+00 8.218025387789689162e-01 7.692683137331419729e-01 1.012835752485323759e+00 1.271103671981578476e+00
-2.014559866768121488e+00 1.305968064239329873e+00 -2.128340583614588777e+00 1.194179710314914766e+00 1.339526551071711147e+00 1.433347196159295622e+00 1.841844257706619636e+00
-1.753411826748492386e+00 1.788223254094142067e+00 -1.650372900574429202e+00 1.553395221614906285e+00 1.921710661630038341e+00 1.866999037452969024e+00 2.443457398379684342e+00
-1.507168869203682648e+00 2.270674170072192855e+00 -1.115567456154769710e+00 1.823424450960746901e+00 2.439198607664204044e+00 2.268698302243749687e+00 3.031179215298370977e+00
-1.366015023974769704e+00 2.705331163598125865e+00 -6.142176161618270180e-01 2.008709587162553767e+00 2.833917617735699945e+00 2.647561540573319938e+00 -2.749446180356017511e+00
-1.242057866483961659e+00 3.052823088720382216e+00 -2.099071517212567906e-01 2.243495121277945259e+00 -3.009162763731640489e+00 3.006475582038155459e+00 -2.738930337897541811e+00
-1.025638005795622254e+00 -2.953343259736593396e+00 5.735785782425427415e-02 2.575261935892231957e+00 -1.855262831760851272e+00 -2.977476575731623942e+00 1.869426752528550395e+00
-7.147901220263477295e-01 -2.662355034461860726e+00 2.086654688527832258e-01 2.936063942545721339e+00 -6.441584613140609594e-01 -3.068940587443043544e+00 1.735763250815504533e+00
-3.665548623352111735e-01 -2.314636263342707778e+00 3.633829574671544882e-01 -3.032429172657212124e+00 6.923488769417963928e-02 2.836821776957286989e+00 1.524550758412387630e+00
9.170120133372153953e-03 -2.087046993764565261e+00 5.959372387199601828e-01 -2.960512332819480452e+00 6.089519757670137645e-01 2.970753555076329988e+00 1.300575153343845880e+00
3.968168134198997166e-01 2.602499567875037112e+00 8.913700215514404057e-01 2.582718789576774920e+00 1.057962549235693217e+00 -2.920336828431425058e+00 1.391700093759924872e+00
8.207054177121938521e-01 2.582989042194894669e+00 1.236365169120015484e+00 2.225902505533590592e+00 1.506631581779620976e+00 -2.543455953163346717e+00 1.736092360227439402e+00
1.270034109593811689e+00 3.007533457606698324e+00 1.648954604870263907e+00 2.445411578429611765e+00 2.006687024522631813e+00 -2.342959420275895432e+00 2.224675939792268853e+00
1.752801150007614162e+00 -2.762190705919669753e+00 2.152096033982266565e+00 2.838161396893900346e+00 2.579907555415795972e+00 -2.597100296415058907e+00 2.807958312559004632e+00
2.283600974220921564e+00 -2.191843379166500405e+00 2.820176234893631229e+00 -2.958939358697950883e+00 -3.047992627655349729e+00 -2.524104634915529388e+00 -2.800054470845950938e+00
2.941287973795955857e+00 -1.582202203434500909e+00 -1.822109918116872729e+00 -2.436070122054919906e+00 -2.338183602932533134e+00 -2.098395461506738613e+00 -2.024245382141064642e+00
-1.665372733426667473e+00 -9.292486125600992741e-01 -1.870897239557437475e-01 -1.905135586121733837e+00 -1.585674993102265340e+00 -1.512444529184542974e+00 -1.146161487087979935e+00
-1.930936092242371838e-01 -2.279477528725711022e-01 4.649809825356410742e-01 -1.413531351586041707e+00 -8.457356005961372825e-01 -8.887564895076723870e-01 -3.059020613344278772e-01
3.936366944039862426e-01 5.087660479830543592e-01 9.740587442207320201e-01 -1.089173806528743293e+00 -1.874814327687570614e-01 -3.761106357017738322e-01 3.075853629362005348e-01
8.187495573586909270e-01 1.874404007435618080e+00 1.417015343619925760e+00 -1.464319747292420093e+00 3.574279816504252749e-01 -2.241701445319691788e-01 6.148763737764739723e-01
9.989655132820499661e-01 -1.246742807881433546e+00 1.745054572805488258e+00 -1.652204597528844632e+00 7.238729613307061106e-01 -4.597924388266695361e-01 6.093024451270996344e-01
9.589079643037606848e-01 -5.268975065786315470e-01 1.810027362531826389e+00 -9.403486370484405166e-01 9.931817934468716302e-01 -1.250911780388739014e-01 7.072738255238770755e-01
1.051201781239733402e+00 1.351997580445306602e-01 1.719806277657730753e+00 1.019185552546788998e+00 1.310646432946832141e+00 3.823501340839112750e-01 1.045536532336213353e+00
1.390435049153996516e+00 7.986651381056815158e-01 1.891661387610476641e+00 2.226947004656317119e+00 1.726445736630842331e+00 9.442802203346301049e-01 1.513559724902103776e+00
1.825390325009193626e+00 1.484003143790647350e+00 2.250958722262826228e+00 2.958812042496019590e+00 2.176122382549964929e+00 1.463382904228297088e+00 2.024703163379380833e+00
2.269132799670223744e+00 -2.480586030249234408e+00 2.658599334869992337e+00 -2.713710912226282801e+00 2.577516990397861640e+00 1.920761040876220793e+00 2.515015975613747123e+00
2.677993482810511416e+00 -5.173415588310932289e-01 3.012972699605712013e+00 -2.171994280745493278e+00 2.864753800342811907e+00 2.249653153811961293e+00 2.867947056115716542e+00
2.931588866166508822e+00 1.776148786238303245e-01 -3.123518470197550911e+00 -1.831813288665951278e+00 2.774515005064570161e+00 2.127203314541569412e+00 1.958226918194820643e+00
2.967234715762890662e+00 7.871684017784497112e-01 2.851475323245042048e+00 -1.919128799343843728e+00 2.266157550962225820e+00 1.632784032321057843e+00 1.395163271268209382e+00
2.711879438400824682e+00 1.416102804067103538e+00 2.740526988702205458e+00 -2.106661083606136131e+00 2.148820518399324975e+00 1.599796541801507210e+00 1.654325486930651845e+00
2.753955170956386311e+00 2.146089718424046389e+00 3.046492705810416979e+00 -1.937280500180234899e+00 2.426357871016103118e+00 1.839296875567540512e+00 1.992544484569652719e+00
2.976692673810489964e+00 -3.141194308005903046e+00 -2.748175927571050448e+00 -1.676691280725717492e+00 2.837903501622644153e+00 2.172084384375603250e+00 2.348843185107539977e+00
-2.811932538726896524e+00 -1.685240270054661371e+00 -2.167855361507782685e+00 -1.377229041873175408e+00 -2.917248902706736757e+00 2.605518551170006525e+00 2.691474359396619942e+00
-2.188365913396494111e+00 -5.872740713142732272e-01 -1.475246212948790658e+00 -1.042015802318402740e+00 -2.350723963276697415e+00 2.976812295237503125e+00 2.943537488402327096e+00
-9.311995885889509106e-01 5.736861094597341115e-02 -5.674929982097278724e-01 -7.158708546877360357e-01 -1.682066541094135781e+00 -2.812192816378126015e+00 3.079293827574310694e+00
4.291612069638095495e-01 5.312081745236977293e-01 6.420131638079453751e-01 -3.208435743983216737e-01 -8.740098778633053067e-01 1.562131286754808279e+00 -3.109909815232867025e+00
9.730034511649026108e-01 8.517395796669792185e-01 1.726748087349786243e+00 9.063687704810566292e-02 1.329489682745822222e-02 1.006471798695680375e+00 -2.878260203043019771e+00
1.424983725699134673e+00 1.180679167322516099e+00 2.338062826784292447e+00 6.557302354788008270e-01 9.571824035663782926e-01 1.377375022214341493e+00 -2.471478922224403796e+00
1.718757261442073636e+00 1.495630778688999296e+00 1.684566308530400347e+00 1.186975922194591027e+00 1.463632728728855081e+00 1.616787137005454289e+00 -9.753007291700455106e-01
