1.463737349604703919e+00 1.551452600387254410e+00 1.560677967349171524e+00 1.570037765269386654e+00 1.553186893015391368e+00 1.590375112971569749e+00 1.564308996805340746e+00
1.844160025677968662e+00 2.041572088264131946e+00 2.117478861432344317e+00 1.962929953137622974e+00 1.291066303727962383e+00 1.402514590370875114e+00 1.920156409287738120e+00
2.235352953775506357e+00 2.626577795345530930e+00 2.670739413184417099e+00 2.391673741314521706e+00 1.396387263989160576e+00 1.535616348672236953e+00 2.272770926453168805e+00
2.647131134017481902e+00 2.935502746433752641e+00 2.985527476140159564e+00 2.706154053076817778e+00 1.720760288451883335e+00 1.869197339416566406e+00 2.559320967972423144e+00
3.034022027065167659e+00 -2.937502485587685896e+00 -2.929661702294365622e+00 3.140818615507480427e+00 2.130383033394041004e+00 2.294728200697061737e+00 2.926571474630075720e+00
-2.907393127931107824e+00 -2.710627134625551715e+00 -2.669394175327024943e+00 -2.740305227244346664e+00 2.548522197174737602e+00 2.762038789028742336e+00 -2.994471628284916864e+00
-2.579697000542825691e+00 -2.142620625897884601e+00 -2.271876841965992710e+00 -2.213297105211655236e+00 2.934849138204421060e+00 -3.079100900405467911e+00 -2.588171764341039349e+00
-2.228453840393051610e+00 -1.524046408444114764e+00 -1.897481136856929318e+00 -1.793725035829128123e+00 -3.037204463412379596e+00 -2.722769318928246474e+00 -2.294610669291242466e+00
-1.847909867827164154e+00 -8.534626227086102856e-01 -1.500545613365265041e+00 -1.578738814214349251e+00 -2.739055441569891780e+00 -2.466139783631511317e+00 -2.100457809618619276e+00
-1.451728296069418889e+00 -8.327459564738587394e-02 -1.128946894111208410e+00 -1.559029137105059082e+00 -2.372844723898553720e+00 -2.152088936600275559e+00 -1.896775122956460446e+00
-1.053953191368875997e+00 6.055011277715084406e-01 -9.089207871359301638e-01 -1.286348267669597201e+00 -1.888590860817461303e+00 -1.696016767914368728e+00 -1.506346100014719358e+00
-6.704958376427040401e-01 1.597536017772825501e+00 -9.345053381973263962e-01 -7.909497628601159791e-01 -1.320787294602067785e+00 -1.140861742569574178e+00 -9.722127937828033417e-01
-3.173820986080749251e-01 -1.781360962497920974e+00 -1.044548160319735519e+00 -3.007003908739195874e-01 -7.028947169728337885e-01 -5.378979689085178206e-01 -3.569610511668708241e-01
2.560192506165749615e-02 -6.486816860053125078e-01 -6.871242711992057162e-01 2.536075161359682140e-01 -4.827555232331831592e-02 8.103734603551690507e-02 3.535448094342565906e-01
4.457399874585316613e-01 4.408876463517834299e-02 -2.371092752767771650e-01 7.248836222714126754e-01 6.253620285930960865e-01 7.028446337914728836e-01 1.077396500592906703e+00
1.007350111952875826e+00 6.745490772279369995e-01 2.876961501222420892e-01 1.190874353419753229e+00 1.335310638229799896e+00 1.320118088655307220e+00 1.779855351097232807e+00
1.701996327539504472e+00 8.385825260906099032e-01 6.335021921606889261e-01 1.551924169063303882e+00 2.084477736164466410e+00 2.013192045776562633e+00 2.387672949662948518e+00
2.475683349658092336e+00 8.690102733128838297e-01 9.217963161889762835e-01 1.915037523636343053e+00 2.873318998143275849e+00 2.810660000925560453e+00 2.868476774327860745e+00
-3.027791702910212823e+00 1.251764223270361409e+00 1.167474842519861333e+00 2.486848874724259417e+00 -2.583303738605218225e+00 -2.674630861115068203e+00 -2.945186069300405496e+00
-2.284930162709210233e+00 1.915072826185359789e+00 1.593445080458639973e+00 -3.017002620688101988e+00 -1.761230566679824028e+00 -1.895010666416298006e+00 -2.435572921338676977e+00
-1.540712298680330106e+00 2.772665701514405168e+00 2.083564782342462340e+00 -1.943732133010587226e+00 -9.396410484697977905e-01 -1.122316963895693132e+00 -1.834372077505644238e+00
-6.983552601790037340e-01 -2.133417839617167910e+00 2.456893800128469696e+00 -8.822283975005010825e-01 -6.601930978766173963e-02 -3.306860930088995620e-01 -1.175156568194406725e+00
3.751507559449267504e-01 1.176033569387382842e-02 2.879514100327282833e+00 -1.199796298221097145e-02 1.020912084725930313e+00 5.764701092945619942e-01 -4.223688431781824626e-01
1.808508826691455740e+00 1.024393911227162279e+00 -2.955617158732341654e+00 7.714953946669622642e-01 2.542517108166176154e+00 2.104679903183539480e+00 2.654344197445435150e+00
3.131178166755507863e+00 1.815970205973770346e+00 -2.278285001711013003e+00 1.176967237979338554e+00 -2.502674250824151514e+00 -2.482528952577889747e+00 -2.534139039578483743e+00
-2.164910289230499441e+00 2.629829879654426605e+00 -1.569761359734071160e+00 -6.570561490827305784e-01 -1.622259937826815435e+00 -1.578225756665026180e+00 -1.789352967092341817e+00
-1.324209951438127142e+00 -2.461124310675939508e+00 -8.346472118016561303e-01 -7.957121163326447144e-02 -8.665561003340127577e-01 -8.599127185338909518e-01 -1.048192368028174393e+00
-5.434684849534554552e-01 -2.250210932737094771e-01 -8.643171350538428332e-02 5.998078231346456457e-01 -1.715407102706514031e-01 -1.967488343007415541e-01 -2.889393421037502740e-01
1.974220603093900239e-01 9.640410590727341855e-01 6.310613286116300014e-01 1.265937190040118843e+00 4.727691047952679027e-01 4.321085392757569310e-01 4.836587030973695800e-01
8.964842886185611093e-01 1.819729265050743505e+00 1.339129586295244811e+00 1.926337103612128177e+00 1.074808463428974958e+00 1.014983576138716037e+00 1.287891741603975460e+00
1.547780391773515785e+00 2.595840898350341597e+00 2.010232745564100032e+00 2.575915848609313663e+00 1.631010006530408063e+00 1.527200590662411539e+00 2.115508202144025685e+00
2.137460292524723915e+00 -2.981955678457123060e+00 2.614494168330643298e+00 -3.079627483483750705e+00 2.132680805456492301e+00 1.935303851233557859e+00 2.958157383334322876e+00
2.625624048531044696e+00 -2.296915920286839441e+00 3.103060778822268606e+00 -2.452811890642735193e+00 2.550349326806221839e+00 2.200029672065908493e+00 -2.443384304908295945e+00
2.944763944786821241e+00 -2.227577674142828812e+00 3.060285278001825038e+00 -1.845784010690339150e+00 2.830842610511210999e+00 2.269192726250816694e+00 -1.509395449735246642e+00
3.115111960882194886e+00 2.516314665926653316e+00 2.380252270798551173e+00 -1.235973070951699171e+00 3.010171182468813988e+00 2.237831659226820591e+00 -4.577317731590769267e-01
-2.978645334956175006e+00 2.800209733414647406e+00 2.408024851711036973e+00 -5.502687295427741709e-01 -3.026687676029210738e+00 2.440909637826838896e+00 6.339280565944119816e-01
-2.765518084915183028e+00 -3.114998285550085289e+00 2.724215497863298641e+00 3.075115561359720306e+00 -2.632027760160216001e+00 2.885587525735258119e+00 1.574551411326419403e+00
-2.649734510286415823e+00 -2.675870951497864692e+00 3.067821634381253215e+00 -2.556552999944143867e+00 -2.157002684496647227e+00 -2.836045065690635081e+00 2.351156914804854559e+00
-2.618534845347610496e+00 -2.037092479631534392e+00 -2.869353358823816258e+00 -1.883712468140146701e+00 -1.662532068855778755e+00 -2.235795334333131379e+00 2.928381709089663776e+00
-2.507942647167638484e+00 -1.296576515489694215e+00 -2.701201677612560470e+00 -1.243764630840198615e+00 -1.196233414585911037e+00 -1.646982638497567430e+00 -3.014469770737107090e+00
-2.325615484363930285e+00 -2.835456624173545159e-01 -2.705918931721718046e+00 -7.141889550094160377e-01 -8.036387365147360518e-01 -1.136746722986347047e+00 -2.637576549665001657e+00
-2.168886591389630691e+00 2.994752131115726801e+00 -2.595826510581470625e+00 -5.924532812525273862e-01 -5.656997297800915314e-01 -9.062721817563571536e-01 -2.106931894144196793e+00
-2.021171477223139057e+00 -2.373726897241901668e+00 -2.218460626549346060e+00 -9.721997594947481280e-01 -5.931220569442321455e-01 -1.319847233493642635e+00 -1.467782392845667916e+00
-1.781523494721929834e+00 -1.583223765894296253e+00 -1.741365793818820729e+00 -4.794174694099898604e-01 -6.495517643538780694e-01 -1.360406186855207977e+00 -7.861498142860459115e-01
-1.443564649653261700e+00 -8.044361329597543575e-01 -1.253651330939169029e+00 4.493848925633716629e-01 -7.568488970644400293e-01 -1.055141708654757426e+00 -1.078146434671765075e-01
-1.053614755969737082e+00 6.315207619630652108e-03 -8.602548475715761089e-01 2.472910926897969652e+00 -1.710489720623333154e+00 -7.611529523867763825e-01 4.799589396837391497e-01
-6.569503976651746013e-01 8.879581616147980139e-01 -7.633643991697159903e-01 -2.447548996765367857e+00 -1.806331389039599999e+00 -5.498407268199546616e-01 -1.265372805998105532e+00
-3.624680524278124372e-01 2.880654897251371249e+00 -8.193881987118397658e-01 -1.575950365627863281e+00 -1.453404647191407273e+00 -2.696063401917823676e-01 -7.182503592809964532e-01
-7.691054076855240451e-01 -1.433933881816749967e+00 -6.326764957903475706e-01 -7.950144907418128515e-01 -1.041616985898166980e+00 1.726495041267081809e-01 5.130618708411277540e-02
-1.297344109397406520e+00 -4.492382091838418856e-01 -3.179484029188113237e-01 -5.704326868312712545e-02 -6.627501788071082922e-01 7.126892776936454288e-01 9.093474634440964488e-01
-9.963088248808007474e-01 6.701634484172300787e-01 -5.536807661283009718e-01 5.233034685225550486e-01 -3.530257950486540008e-01 1.260433902401760564e+00 1.840985112860017425e+00
-5.762483481115092676e-01 2.993639195175533008e+00 -1.324039178111791948e+00 -1.461520545092883372e-01 -7.311260543682819579e-02 1.674174592884587032e+00 2.834702481866749224e+00
-3.967602691185048158e-01 -1.998410439759358725e+00 -1.097701747536388606e+00 -5.988608910542391195e-01 2.437789221082774793e-01 1.701604316593274824e+00 -2.461622007181285543e+00
-1.578262485155974781e+00 -1.168325624719444900e+00 -6.679823575562433557e-01 -1.071977807271392580e-01 6.264114266345033322e-01 1.712573274505155618e+00 -1.622516839632368590e+00
-1.405627407503710957e+00 -4.501952852468312227e-01 -2.304825323884734933e-01 3.223547189202227714e-01 1.036143177167275775e+00 2.134747566093200710e+00 -1.051607609841125113e+00
-8.791132115458798468e-01 2.245884497024665805e-01 2.224648756784601833e-01 6.596564460886148451e-01 1.417191891384809610e+00 2.750302498953340447e+00 -8.527116426565015672e-01
-2.834550520949116192e-01 8.622789850001280065e-01 6.750189194506808210e-01 9.240139980558451649e-01 1.693064351939683521e+00 -2.821883675683285020e+00 -7.357792356476007267e-01
3.257494480670203307e-01 1.486239356461322547e+00 1.129399576232799740e+00 1.254327442912146262e+00 1.789280699049479395e+00 -2.037580555695119422e+00 -3.250320473122453313e-01
9.146384528726322349e-01 2.045249156013590142e+00 1.458659908102472924e+00 1.681389025450060970e+00 1.797289262168972002e+00 -1.186879378909347027e+00 2.730944899461386632e-01
1.450627493636529985e+00 2.366651269269610225e+00 1.443668395966700047e+00 2.218866314112135196e+00 1.967867028027747045e+00 -2.824192682775849561e-01 9.887469503392792847e-01
1.907763971547748350e+00 2.296892389665130985e+00 1.261994663176423170e+00 2.866582835399655860e+00 2.326661970737382568e+00 6.185009320229752916e-01 1.780313397662816266e+00
2.292464456592932187e+00 2.461404707729245800e+00 1.389824528157354688e+00 -2.696984788438951064e+00 2.777937570937308198e+00 1.235484972481617927e+00 2.675746521937876654e+00
2.645108705558110174e+00 2.963962940993492445e+00 1.652946249405618628e+00 -1.895279616139190271e+00 -3.036780835150861169e+00 5.275751220015670873e-01 -2.383860027321531128e+00
2.962848110383868416e+00 -2.891163888256971681e+00 1.969543263696511115e+00 -1.023451556509464622e+00 -2.612979937836687583e+00 8.626354938327888133e-01 -5.112233078831076583e-01
-3.119791380490385624e+00 -2.825166208314320748e+00 2.348497812471771695e+00 -3.818063462120342005e-02 -2.282199787649626277e+00 1.456091304253009699e+00 6.948609292362604162e-01
-3.055904666045730966e+00 -2.770146452490051647e+00 2.746623714003436412e+00 1.346625109266631926e+00 -2.159319584753796928e+00 1.916433833883889548e+00 1.467184253282733053e+00
-2.945326919636591434e+00 -2.256889020830201265e+00 -3.131361585071561482e+00 3.085166544254180909e+00 -2.328322604165972809e+00 2.110017171503994593e+00 2.040432275962602571e+00
-2.693697740830356402e+00 -1.618303128952277348e+00 -2.766621975207260498e+00 -1.922945436048462131e+00 -2.327383092545735277e+00 2.132434262304262251e+00 2.415421047294156853e+00
-2.333692268409412574e+00 -9.131683737633730091e-01 -2.363640327396994589e+00 -5.144259944205823443e-01 -2.076995065470260027e+00 2.253261993569334543e+00 2.552723530706753063e+00
-1.906685423461418116e+00 -1.369344479450393393e-01 -1.941819944297486611e+00 2.247398096007359847e+00 -1.784209654817633384e+00 2.624483015077713866e+00 2.665162818826013691e+00
-1.468392360896251025e+00 7.141779343021881221e-01 -1.555660985148833220e+00 -2.921437694474532165e+00 -1.477574585276783203e+00 -3.080920380092225574e+00 3.013550199437475818e+00
-1.098217353849765265e+00 2.257614092737945111e+00 -1.356962208591676156e+00 -2.089142233350917088e+00 -1.106454038136044149e+00 -2.395278638328507181e+00 -2.783548184389334157e+00
-8.764956996605526296e-01 -1.554020795125624188e+00 -1.159416594852711979e+00 -1.328152993480086419e+00 -6.723702632361004961e-01 -1.670243052862832034e+00 -2.256611175781463974e+00
-7.376827628485761457e-01 -5.754475424176263010e-01 -5.546641212652857478e-01 -6.210342240763746524e-01 -2.089552619134255329e-01 -9.144264082942058502e-01 -1.759980074094408486e+00
-4.919319364302932041e-01 2.608290000715004497e-01 5.055072131152460457e-01 3.019836108872543320e-02 2.573013943475995768e-01 2.573700979008596512e+00 -1.332077954877865178e+00
-1.410714618153069422e-01 1.078320470424950717e+00 2.130438904517095278e+00 6.383416782589224070e-01 7.263956359288551434e-01 -2.931245459639800099e+00 -1.037185164662822734e+00
1.992482978165474039e-01 1.893801033732877226e+00 -2.907504329629877482e+00 1.186074195092846173e+00 1.203456019167574942e+00 -2.348196923753991694e+00 -1.272881611917262790e+00
3.577476953770132861e-01 2.741818317377020531e+00 -2.038118111723934867e+00 1.597882538544371123e+00 1.689721514933955504e+00 -1.827003426312140855e+00 -1.836770850250379672e+00
1.705055268701309579e-01 -2.606321252548311040e+00 -1.307488805295203393e+00 -1.320295325898133629e-02 2.160955348944972432e+00 -1.336205122339932272e+00 -1.583286505905402652e+00
9.618186804953711422e-02 -1.576249396320080320e+00 -6.557895333749956812e-01 1.234019304125595351e-01 2.371585405598000129e+00 -8.378648746696681915e-01 -1.116616561790304551e+00
3.380079909517251791e-01 -5.325534872826620525e-01 -6.027046232657246733e-02 6.327339383467002198e-01 2.355672303417785385e-01 -3.164597064734152032e-01 -6.194631712537999046e-01
7.162004041017310252e-01 4.153509827919004138e-01 5.084132311986799824e-01 1.165948897004731144e+00 6.557448723211792840e-01 2.155510350569306843e-01 -1.229647979552588866e-01
1.157741085235419520e+00 1.243762429772102829e+00 1.058894772108476490e+00 1.679417334050143706e+00 1.148539738903237239e+00 7.496735620270115197e-01 4.007163514240860147e-01
1.646544721671736156e+00 2.014418935421493639e+00 1.625594119045394415e+00 2.181679377587841362e+00 1.675151678854900794e+00 1.303957144861966233e+00 1.020786923831867865e+00
2.182100125972333604e+00 2.806458091822720657e+00 2.253016719248616351e+00 2.695711840260458292e+00 2.232074194372817733e+00 1.922208510639456858e+00 1.804853000903908544e+00
2.770928978271252952e+00 -2.572291057185418062e+00 3.129036399671463187e+00 -3.044342054380432039e+00 2.830362412924527060e+00 2.689646375852019933e+00 2.854333337031088380e+00
-2.850499810740811046e+00 -1.444585343607081462e+00 -1.111534645832334300e+00 -2.417695120895280603e+00 -2.786343822238678047e+00 -2.475234232411035240e+00 -2.234493907583704697e+00
-2.062071012805716919e+00 -2.726263794316592382e-01 7.395102685191821436e-03 -1.597730056722582948e+00 -2.024922286227308632e+00 -1.144249871015999398e+00 -1.249283443564003893e+00
-1.046881004076261945e+00 6.448618919964008711e-01 6.534434540014325554e-01 -4.118367798437072014e-01 -1.164597285267387816e+00 -1.786356736903309816e-01 -4.412750478827850431e-01
1.106809478740119479e-01 1.372649330420938396e+00 1.216053604534415689e+00 7.795300733727148490e-01 -2.625499443544822564e-01 5.656038370596725429e-01 2.858784952891627040e-01
1.065480844713328601e+00 2.002515175000159076e+00 1.740443762047138021e+00 1.625037548249656849e+00 5.885687316690481063e-01 1.221950356085024225e+00 9.630868921631987600e-01
1.796622936487675126e+00 2.569600677708010927e+00 2.227377724758402788e+00 2.287126910365416599e+00 1.339214557893626534e+00 1.824095108041549063e+00 1.595111862675363756e+00
2.380697905974431539e+00 3.065572538390134216e+00 2.654663187512106948e+00 2.855577214989840851e+00 1.981230820555799133e+00 2.370444750845440485e+00 2.162728899133018245e+00
2.843160835445791790e+00 -2.832568248820309886e+00 2.988669955619946528e+00 -2.942032231140342180e+00 2.514502422096845269e+00 2.844222547122119860e+00 2.611808972640852655e+00
-3.076101517169617328e+00 -2.550850465739728179e+00 -3.034658359078346468e+00 -2.557075184617489949e+00 2.943784080254985280e+00 -3.054970262375849899e+00 2.852440769752267791e+00
-2.751711811199532232e+00 -2.293263180036863691e+00 -2.773840050522665024e+00 -2.290591580365264335e+00 -2.979772747720564663e+00 -2.741199341851101146e+00 2.962847604111284117e+00
-2.415788351267454726e+00 -1.993014043296283733e+00 -2.451300274296556836e+00 -2.056166565601928564e+00 -2.623446363904512690e+00 -2.424000115226845331e+00 -3.019451608762389494e+00
-2.068696155749406795e+00 -1.657034354120461295e+00 -2.074014431660946123e+00 -1.751245929300601301e+00 -2.239397773973900829e+00 -2.057455666637270308e+00 -2.526463052344469773e+00
-1.728781107968901942e+00 -1.278512745241453974e+00 -1.659390883596257638e+00 -1.388158779866704329e+00 -1.864509917092129321e+00 -1.691911693353315149e+00 -1.957460777657193951e+00
-1.399428850177662831e+00 -8.524561029801175360e-01 -1.241190532732243446e+00 -1.055414088523486615e+00 -1.592360331047692812e+00 -1.545985570766597483e+00 -1.472492635399853311e+00
-1.083268575836814795e+00 -4.172959713430627327e-01 -8.792514300100517932e-01 -8.624702049080292809e-01 -1.493866947492317188e+00 -2.069086170199940344e+00 -2.165337624409830575e+00
-8.227567549147110082e-01 -5.191692664534768020e-02 -6.517453196115434721e-01 -8.028117737100902707e-01 -1.410868191091161572e+00 -2.148716918286776689e+00 -2.467667673337925915e+00
-7.296384891341983758e-01 9.712785370891054149e-02 -5.437897149771537819e-01 -6.633325347586074283e-01 -1.187246640081116134e+00 -1.811803610497964456e+00 -1.958912242528091596e+00
-8.373736380119954914e-01 8.078224887468914150e-02 -3.400531969514234976e-01 -3.791382944027728574e-01 -8.909913341248628660e-01 -1.399125241188172275e+00 -1.447997391935639033e+00
-8.435346371844938407e-01 2.724938305113276948e-01 6.191204355978337584e-03 -6.452835571505505241e-02 -6.121912827167355076e-01 -1.005548449861268789e+00 -1.196583461548524907e+00
-6.992358504231708238e-01 6.443144200044003123e-01 3.929749032997376101e-01 1.259387608818052506e-01 -3.840433558034386241e-01 -6.902838393199057787e-01 -1.432323307744849616e+00
-5.623087380338686048e-01 9.372304006159938305e-01 6.588511207497025346e-01 6.000726991410117173e-02 -1.693597218995008258e-01 -4.921910936679300685e-01 -1.290431060327645651e+00
-4.582392665168490975e-01 8.656467348788489113e-01 7.805511126488218210e-01 8.819156232052691169e-02 7.620302806736023449e-02 -3.409477631551774968e-01 -8.062510862444494109e-01
-2.803227751496711884e-01 9.264102055854841478e-01 1.228757683832017999e+00 3.704641629258472735e-01 3.254482956064289612e-01 -1.243036834522363299e-01 -2.732588517384016424e-01
-2.574291400667099924e-02 1.473426953319042720e+00 2.459579237672957941e+00 7.387340035670948435e-01 5.176739228956708239e-01 1.628337157483989439e-01 1.556801162130117822e-01
2.030750921694993993e-01 2.374508751285272279e+00 -2.683293368240121435e+00 1.083503102961667519e+00 6.533162577768881762e-01 5.064416254677898133e-01 4.282487816755521925e-01
3.312838242754183593e-01 -2.602462466704341004e+00 -1.981864576703788128e+00 1.403128486571397771e+00 8.155854443040229107e-01 9.073953961901499721e-01 8.168868025731382820e-01
4.236317062734569761e-01 -1.533665351254589693e+00 -1.437605904615787855e+00 1.740593870375942487e+00 9.998271192108983962e-01 1.336123276067233467e+00 1.509363420812128265e+00
5.439152177846151570e-01 -8.490903630233942456e-01 -9.529671245503171795e-01 1.995854559237639547e+00 1.081104843700514850e+00 1.671195426304475928e+00 3.040628385615730345e+00
5.977433445458193439e-01 -2.762471830573974829e-01 -4.751172203510631298e-01 1.103505543412815593e+00 1.025863065478419767e+00 1.333580343319410000e+00 -1.052594015201597566e+00
5.726872797226488787e-01 2.870013704847819147e-01 1.821007489850662645e-02 8.285208993593307092e-01 1.092972842197603933e+00 8.888377008078619523e-01 -1.186941098895251540e-01
6.891886727938377755e-01 8.443320621838419360e-01 5.183993129129925714e-01 1.227456680412508661e+00 1.345450678911583653e+00 1.239849865971025977e+00 6.376607492721301229e-01
9.821941564047446116e-01 1.388794551441117520e+00 1.019939961260245553e+00 1.692412997585825307e+00 1.680393204308520794e+00 1.753913082021738568e+00 1.333275486559441392e+00
1.359439581563146815e+00 1.925421405343233250e+00 1.521676910335784338e+00 2.151954386634540306e+00 2.036718863169447946e+00 2.312564986986338056e+00 1.999015759511889589e+00
1.762606063339060558e+00 2.477531664683093826e+00 2.021420745238224015e+00 2.591239438508722071e+00 2.394300412050547777e+00 2.917197692469762238e+00 2.653353007130232033e+00
2.157370662295122532e+00 3.061170317179823464e+00 2.441205238291243695e+00 2.994931316056846260e+00 2.748747731306106612e+00 -2.658096417631357511e+00 -2.976954866439715630e+00
2.492993522790434291e+00 -2.637347976089144730e+00 1.460919720514957776e+00 -2.973051970054580995e+00 3.093398202003269315e+00 -1.747769736879201785e+00 -2.323395589677860418e+00
2.651682599847745792e+00 1.420259184035240763e+00 1.148964236171866826e+00 -2.856000143880117914e+00 -2.874712060390667734e+00 -5.986355969579424396e-01 -1.659852762717648700e+00
2.521489519674601887e+00 1.809986479103512957e+00 1.659928886859092234e+00 -2.950207081087449890e+00 -2.623442170175578347e+00 5.181596905833016908e-01 -1.000765768930209187e+00
2.476565503209753327e+00 2.281342884882518351e+00 2.231241664279735470e+00 -2.839838617758961625e+00 -2.422043781029432630e+00 1.419424539887352843e+00 -4.516279132101916338e-01
2.709800494336697785e+00 2.598323797988570494e+00 2.794202391789318618e+00 -2.460305828084241142e+00 -2.156580106720650480e+00 2.145700696830724841e+00 -3.555061234448013696e-01
3.065944137247571533e+00 2.756944194575680740e+00 -2.954702141101773538e+00 -1.946141627071669822e+00 -1.765309985569521567e+00 2.705104581900756422e+00 -4.751499376695278443e-01
-2.817664268953032902e+00 2.927594187468838260e+00 -2.629281693457307778e+00 -1.336627415757542625e+00 -1.284254171005801970e+00 3.067729145274438629e+00 -1.362597592308505967e-01
-2.388287079206322883e+00 -3.086302589082568826e+00 1.520433816062618515e+00 -5.329997413623330793e-01 -7.248127309834535570e-01 -3.008193673827077141e+00 2.753755720289308151e-01
-1.950842439790497762e+00 -2.781969349525333701e+00 2.003590198837150282e+00 5.834095871530546873e-01 -8.123278006254391588e-04 -2.963695582885555346e+00 6.373744345874179373e-01
-2.352376631434331067e+00 -2.479695696718984266e+00 2.528520921264622245e+00 1.635483781533867864e+00 9.356862441590978463e-01 2.904826545007163308e+00 1.045240702386244669e+00
2.539296085809275905e+00 -2.184939136318919672e+00 3.031139463534907375e+00 2.440715260955641952e+00 1.835247550060926214e+00 2.852042976832156906e+00 1.577534384396769962e+00
2.971225497843911434e+00 -1.897948981812896729e+00 -2.779266542219357650e+00 -3.140711955588230353e+00 2.556703165649044429e+00 -3.046200326252693991e+00 2.204620122809845206e+00
-2.865106139234131710e+00 -1.597427047539317746e+00 -2.335898254758839165e+00 -2.468979132753966965e+00 3.139479972484704007e+00 -2.547782844568110772e+00 2.879466261159405516e+00
-2.427978410961386668e+00 -1.232101594043657489e+00 -1.942895946427932952e+00 -1.811978773050659797e+00 -2.696717421141736626e+00 -2.056645780009495272e+00 -2.710588822265795894e+00
-2.001931608329218459e+00 -8.174376645676724173e-01 -1.723750443896213014e+00 -1.190824637424260146e+00 -2.418261966216082914e+00 -1.686052891055687786e+00 -2.008557503985891834e+00
-1.652233311134756244e+00 -5.032189058384620717e-01 -1.854667733923319961e+00 -6.789377901774884538e-01 -2.263418256190539601e+00 -1.576953347945569517e+00 -1.218074873884715359e+00
-1.615398521727869463e+00 -6.581192789024764567e-01 -1.827040536701689089e+00 -7.205491074194113610e-01 -2.101099277054540249e+00 -1.484473311823941710e+00 2.077098383126490422e+00
-1.934086403346019001e+00 -8.625852120839145876e-01 -1.452302861175109427e+00 -1.858296812098046535e+00 -1.911866463643037806e+00 -1.099224666672884876e+00 2.757582799646973726e+00
-1.831665688482077670e+00 -5.779668404068457610e-01 -9.462198632498919348e-01 -1.802308362413479026e+00 -1.750054532275272523e+00 -5.465243359211937602e-01 3.080558082797344888e+00
-1.500583721662664072e+00 -1.339822115945645542e-01 -3.726326812958887791e-01 -1.547268516038410535e+00 -1.606323094034083354e+00 7.212992934546154367e-02 2.887417295262678874e+00
-1.215755482212726557e+00 3.641993929563044907e-01 2.880642915811590377e-01 -1.175281018834050339e+00 -1.412489194023420769e+00 7.291845233993589082e-01 2.727275940232932072e+00
-1.176373946184697372e+00 9.048071770296249872e-01 1.041177771477155289e+00 -7.625319653271209752e-01 -1.151756560526213002e+00 1.413949548347333218e+00 3.055195642499773712e+00
-1.254365932267177408e+00 1.485298828306002905e+00 1.841463713290512505e+00 -4.802766983302436121e-01 -8.399638995579579159e-01 2.086122485523121739e+00 -2.673287537743754161e+00
-1.109001407927113769e+00 2.075610832830950159e+00 2.628181910214423045e+00 -4.641504230698507705e-01 -4.644430477114113165e-01 2.695590771877395930e+00 -2.012673513023457872e+00
-8.112148394888151204e-01 2.598119798604056729e+00 -2.933022879869414012e+00 -3.459422176655179149e-01 -7.520001683941898024e-03 -3.049293845511464873e+00 -1.320703839132654211e+00
-4.566549939820728210e-01 2.915880799453390626e+00 -2.364007627519028265e+00 -3.962576070018482971e-02 5.194764626679664321e-01 -2.541612838356072768e+00 -7.652208220314008491e-01
-1.028682911765744779e-01 3.035235543472450281e+00 -2.501672803571189263e+00 2.204919119663389382e-01 1.088576103191874367e+00 -2.038826835674025784e+00 -1.566801592817580913e+00
1.505670163971988273e-01 -3.039970029896400305e+00 2.872631082065225439e+00 4.687834138984712795e-01 1.681628705345874719e+00 -1.570799568119081169e+00 -1.495109517269803900e+00
1.820486761715249813e-01 -2.765431334875062319e+00 -3.132486082623331836e+00 9.139902516681058797e-01 2.306558041582529750e+00 -1.178672446299610765e+00 -8.794767940628942515e-01
1.715395625722065109e-01 -2.491873694370238201e+00 -2.671423182706145205e+00 1.529123725983975168e+00 2.985381711016034778e+00 -8.247358411425660396e-01 -2.555686285378440670e-01
2.921806743974073028e-01 -2.132376717645761310e+00 -2.171163884154307500e+00 2.185636814304626530e+00 -2.574455346281052215e+00 -4.003972772512423006e-01 3.817235299690533434e-01
3.314090507285034071e-01 -1.700724621817368165e+00 -1.720724256793641604e+00 1.904573891691008214e+00 -1.900131583984027817e+00 1.472166156322422814e-01 1.119758295921591262e+00
3.005701180180888610e-01 -1.313945855864219636e+00 -1.435747635816950529e+00 1.448612433643597264e+00 -1.759820702593907882e+00 8.397509690620937883e-01 1.925502745286643558e+00
5.114892952279896932e-01 -1.061778208313770566e+00 -1.323478416966622051e+00 2.876425131480110586e+00 -2.486168144004247793e+00 1.790903580098677228e+00 2.712270230170340302e+00
8.851834566331450160e-01 -8.121688249380351055e-01 -1.098254354388257026e+00 -1.735927200812846571e+00 -2.085171508733223877e+00 -3.140122842315513640e+00 -2.872565901919390097e+00
9.514698490870203695e-01 -3.843467963353944250e-01 -6.822322919649045359e-01 -6.143239857604529952e-01 -1.549775116770609307e+00 -2.010438795380575350e+00 -2.413985446026234438e+00
-6.572430877410122552e-01 1.964211971773299203e-01 -1.729067626649386513e-01 3.799416780890755851e-01 -1.084635173978582445e+00 -1.253476715958961929e+00 -2.911972606775319328e+00
-2.676965273270549006e-01 8.984500265024738530e-01 3.846869914545248403e-01 1.548724215401253934e+00 -7.673389018546642459e-01 -6.488859915739986217e-01 -3.090074802238627516e+00
2.443966561673686921e-01 1.791500309966337579e+00 1.071481987252552059e+00 3.055138875383517583e+00 -5.922277411852562290e-01 -8.545107208721779146e-02 -2.658452041784057585e+00
7.463594791502454751e-01 -3.129930388177488698e+00 -2.041212569538104926e+00 -2.061001643202166722e+00 -4.431578390456601402e-01 5.458278249125829706e-01 -2.148213785652117735e+00
-8.454970388673299642e-02 -1.684341104580370674e+00 -1.362602534428900780e+00 -1.278557380223241502e+00 -2.955696569439439925e-01 1.798944297288390892e+00 -1.651258023083097770e+00
-1.156343153033732696e+00 -7.679925032406449414e-01 -8.435691390454304051e-01 -6.631070517880226500e-01 -2.211981004350349056e-01 -2.199214414403553697e+00 -1.182711269926289388e+00
-6.605924887055589778e-01 -1.168807365612490878e-01 -3.787829607073655014e-01 -1.206854347218342949e-01 -1.981922516646910659e-01 -1.406319049738085303e+00 -7.310729791539543054e-01
-1.557819382114294104e-01 3.784499900331445565e-01 4.500752471991384396e-02 3.930713159162675940e-01 -1.046114819615163033e-01 -7.942151122448878331e-01 -2.894594938156622721e-01
3.193270580027356975e-01 7.757723617226806034e-01 4.444408449713063702e-01 8.828908245864565130e-01 9.587382296007236626e-02 -2.634264842851929411e-01 1.295095921093190050e-01
7.451287868887690458e-01 1.157372469157479156e+00 8.485172761315771250e-01 1.334336561500325535e+00 3.768548369997983261e-01 2.000467679912126540e-01 4.998151450365085902e-01
1.121667959539268677e+00 1.562530444760655612e+00 1.262919638384034648e+00 1.711255309832711902e+00 7.123170136545906583e-01 6.214814110822297621e-01 7.952538630121068763e-01
1.472791922653819752e+00 1.969984849931405657e+00 1.666921457274660012e+00 1.985956574886945436e+00 1.089188312184905083e+00 1.033951980770358769e+00 1.047858889161046303e+00
1.825542632011798005e+00 2.344731934062555645e+00 2.027645222882298537e+00 2.221357651332379834e+00 1.496283326896699295e+00 1.449498675824195004e+00 1.350308911286949742e+00
2.184285407392179135e+00 2.682499787728132024e+00 2.314112719803719020e+00 2.526419539371913991e+00 1.921627948262260022e+00 1.848676932097790715e+00 1.735595171621769905e+00
2.535411498250544682e+00 3.017415360805487001e+00 2.508427555730582181e+00 2.910393577955171729e+00 2.354354892644083819e+00 2.190466924002927307e+00 2.165483864570379779e+00
2.868007524429965649e+00 -2.912130825329087180e+00 2.644794354621049948e+00 -2.956884127847766663e+00 2.783824015495335757e+00 2.436936806691645696e+00 2.601814358925286452e+00
-3.101960027210316273e+00 -2.531580436242826249e+00 2.828039407276980999e+00 -2.523017957595444116e+00 -3.092672797637903148e+00 2.599758435171361182e+00 3.029126494388005408e+00
-2.812719935574707897e+00 -2.135271389535787989e+00 3.086658481228319761e+00 -2.069565431815145740e+00 -2.768910251832731539e+00 2.730927170308669716e+00 -2.870118517768653899e+00
-2.573076258259232585e+00 -1.769454853252714122e+00 -2.914873836451884692e+00 -1.602027927572948984e+00 -2.715396540719845042e+00 2.834888842735572290e+00 -2.696889396719293064e+00
-2.412586907231489608e+00 -1.589243463532657330e+00 -2.673907626815538396e+00 -1.163641541926915712e+00 3.135970353882830963e+00 2.904023217234482424e+00 2.971075069631940568e+00
-2.303407593794263963e+00 -1.772854956781002800e+00 -2.482685448804120565e+00 -1.964713776666833001e+00 2.960561514252742388e+00 3.016198410870849944e+00 2.714490932497618747e+00
-2.174406120687101929e+00 -1.894052291758375306e+00 -2.298756618009023978e+00 3.084076095527771955e+00 3.091868976448037820e+00 -3.033258479737914293e+00 3.005704492145205631e+00
-2.004798551658344419e+00 -1.700298900885235387e+00 -2.048134757779172421e+00 -2.861519988728876029e+00 -3.006443354918301392e+00 -2.696375453394886712e+00 -2.860433208128703164e+00
-1.797672431875246613e+00 -1.290478253163233502e+00 -1.712093743775488175e+00 -2.635060037479765249e+00 -2.863617682746225412e+00 -2.317052384571861356e+00 -2.480864939359210375e+00
-1.540366900545979689e+00 -7.295493828349126630e-01 -1.326215111277996961e+00 -2.503180590296933516e+00 -2.691340155297516024e+00 -1.945166644114656007e+00 -2.266977350600833052e+00
-1.227069761950791760e+00 -3.472661866070441555e-02 -9.456471534529433676e-01 -2.257260537340731066e+00 -2.381391784794611333e+00 -1.591401193669105707e+00 -2.111287394061630351e+00
-8.781187953068342322e-01 9.783364453474200362e-01 -6.476368144813868799e-01 -1.851532400423385960e+00 -1.955283651168612247e+00 -1.226856248856866616e+00 -1.752786965734199232e+00
-5.326601762139672180e-01 -3.025415576190491951e+00 -5.355402763739581795e-01 -1.370914505849158971e+00 -1.479983056222677229e+00 -8.270424591372985690e-01 -1.223125032356272568e+00
-2.241835550464771065e-01 -1.857215776917239269e+00 -5.147594508370394450e-01 -8.615538011559249476e-01 -1.007932762183868292e+00 -3.967004483394502845e-01 -5.918751642773941724e-01
5.373669489738039373e-02 -1.065303194944215104e+00 -2.566703387997952279e-01 -3.272739623367461603e-01 -5.928598094077508485e-01 5.893109581703769029e-02 1.592100401393427567e-01
3.501539439920205443e-01 -3.428325254391617061e-01 1.946121039518993456e-01 2.442719200435528037e-01 -4.151203708617666188e-01 5.913679965043565634e-01 1.138101444387783046e+00
7.037004209702620861e-01 3.587850211590703497e-01 7.316188453967794603e-01 1.093006106284064805e+00 -1.238416939245433612e+00 1.585734418550940772e+00 2.378170194274931593e+00
1.122012701123467071e+00 -1.763336197129472760e+00 -1.052127200495862169e+00 -1.911884158883291773e+00 -1.432078071067403258e+00 -2.538243843903826402e+00 -2.784759566030789557e+00
1.648357268883745563e+00 -1.329023937539814959e+00 -1.046698103267388102e+00 -1.297068601240993324e+00 -1.156597170400540886e+00 -1.767123183175171919e+00 -1.917455813328730052e+00
-1.305171974806548230e+00 -6.596666813151282893e-01 -4.722685895307248694e-01 -8.000492532604448481e-01 -9.322794055588389250e-01 -1.315349153896219869e+00 -1.221404922171783980e+00
-7.612534135276657343e-01 -2.106604957360124625e-02 4.861712811940303858e-02 -4.579432963503968224e-01 -9.248474535560238241e-01 -1.027518007158432445e+00 -6.758502120004804548e-01
-3.021379066031240623e-01 5.250157067488682161e-01 4.127346990196768539e-01 -2.831694587193302470e-01 -8.923160773349319008e-01 -7.754349633853776513e-01 -2.632359700702593952e-01
1.215643509499805680e-01 9.250569715609073818e-01 6.457155534706353617e-01 -9.240726091219170213e-02 -6.228536529317239001e-01 -4.300108386146366812e-01 1.208534016624461527e-01
5.105360804263615604e-01 1.151666376195663366e+00 9.394742432608353955e-01 1.963739909157192765e-01 -2.420292868737832781e-01 6.051460154327240049e-03 5.711453005957582985e-01
8.725725511957086455e-01 1.315387868438423258e+00 1.382552572868710694e+00 5.107200455821623297e-01 1.452968243241895552e-01 4.667171646500473114e-01 1.094411795205475046e+00
1.229762040097756692e+00 1.346876805567338575e+00 1.886508066845182130e+00 7.460914252085565357e-01 4.776865133469718749e-01 8.604956049128205109e-01 1.645715111726019364e+00
1.607541775739576462e+00 1.405663044970216990e+00 2.367991116220601100e+00 8.908184758760688826e-01 7.110719600047553657e-01 1.030608127955322306e+00 2.179361801688810107e+00
2.049615505705925766e+00 1.852714439549585590e+00 2.835120731148285333e+00 1.006488168748405743e+00 8.165479175052624550e-01 8.279875929610747143e-01 2.609444800041690549e+00
2.851821033084685819e+00 2.536620701243101905e+00 -2.885446354366183463e+00 1.160341165746666459e+00 8.666871772239316263e-01 6.594465019980988441e-01 1.540967906424305811e+00
-8.537942871602111072e-01 -2.957745162439175513e+00 -1.969586986013946994e+00 1.395230648593851708e+00 1.011049597668121081e+00 7.832966144129493991e-01 1.232355130076507654e+00
-1.966589610587486658e-01 -2.143286685672340042e+00 -7.126520184242832734e-01 1.726840539996629564e+00 1.275910018552891989e+00 1.096763670587851403e+00 1.844870297709542806e+00
2.158784855291965288e-01 -1.327820823030341435e+00 -9.657053536921470505e-01 2.101262996106676884e+00 1.581214855165924194e+00 1.519845247527726650e+00 2.619480083770427736e+00
5.027250858010168244e-01 -5.427761092701696155e-01 -8.910510873682474520e-01 2.415508903897754855e+00 1.832807582628038112e+00 1.979295201403838522e+00 -2.782929801690460003e+00
7.515443863625254073e-01 1.786114025780334014e-01 -2.004033425280666303e-01 2.534865700159888213e+00 1.993629177749776549e+00 2.394601007878819132e+00 -1.808894696252458356e+00
1.060167103979998249e+00 8.349437571245507117e-01 5.316913385346702103e-01 2.489822734902693568e+00 2.170860200616721691e+00 2.686482208443780273e+00 -8.012654550851583402e-01
1.427415136357103709e+00 1.430251520795271958e+00 1.230427245423665772e+00 2.645259969128805899e+00 2.460808701495813100e+00 2.892661916078751005e+00 1.390458535631129422e-01
1.800801116373836663e+00 2.002706256438258503e+00 1.895448964673498438e+00 2.975871890442715717e+00 2.822728662939996802e+00 -3.104253715435532079e+00 9.626524016528806849e-01
2.144636963935060869e+00 2.567325138273931717e+00 2.495433381780430171e+00 -2.949676491170680759e+00 -3.105817313889236875e+00 -2.794536958273812655e+00 1.686836411445012729e+00
2.469676533414514097e+00 3.086553237064999511e+00 2.827656532905438169e+00 -2.703984149846222262e+00 -2.835885602476359235e+00 -3.000292156716565461e+00 2.374847403023577996e+00
2.810545612837912266e+00 -2.890475179905714675e+00 1.532850644417345309e+00 -2.618496367823327731e+00 -2.680633140326387664e+00 2.839220159230009255e+00 3.049393325368899177e+00
-3.115921557599119041e+00 1.264652152993804846e+00 1.669780105442975282e+00 -2.591615620817730115e+00 -2.550290245497123465e+00 -3.038860484354378499e+00 3.089788598020664079e+00
-2.778995867913907958e+00 1.776456537303908068e+00 2.168926371290906374e+00 -2.418770822990017777e+00 -2.324875182199160228e+00 -2.388775940427151134e+00 1.760925879755880219e+00
-2.480627816106238281e+00 2.257133207860125612e+00 2.642988736853581599e+00 -2.102772742054443089e+00 -2.013140947310674722e+00 -1.642085941344602951e+00 2.373920987088050438e+00
-2.219029528048581223e+00 2.575151210956901693e+00 2.955496698053937887e+00 -1.730406611912568948e+00 -1.687828649723933649e+00 -8.553945866495423767e-01 2.965559512648314744e+00
-2.044772069568602912e+00 2.774197753968905111e+00 3.049666091142773983e+00 -1.418663257970796954e+00 -1.427010108032642499e+00 -7.340331526353389979e-02 -3.011786983432577891e+00
-1.994369418731420263e+00 3.135639434426683803e+00 -3.015522823700127919e+00 -1.224290475612731743e+00 -1.272235722170626415e+00 6.648037074177771677e-01 3.078819537019199526e+00
-1.850721320073246190e+00 -2.668807723589071035e+00 -2.620256670093067619e+00 -1.084702762161894984e+00 -1.171061083927016577e+00 1.318865802735033732e+00 3.129684879598759295e+00
-1.498621547709330315e+00 -2.124848508814409342e+00 -2.108931180770379221e+00 -9.270664979106175707e-01 -1.003820305537292290e+00 1.780763484262484209e+00 -2.686220221895601501e+00
-1.024753038692199025e+00 -1.539483561061556927e+00 -1.535049395371347325e+00 -5.878361433701466687e-01 -6.981129972598346667e-01 1.654926795225005520e+00 -2.110783528763166661e+00
-4.772326255814880458e-01 -8.828850245512689376e-01 -9.144494509016475314e-01 4.496453677611245842e-02 -2.595212844006312691e-01 1.573789279372583394e+00 1.932475639491418429e+00
2.520693801079803564e-01 -1.322729884710237280e-01 -2.591480018148488718e-01 1.172661968694059365e+00 3.297653416650643821e-01 2.034765381504141768e+00 2.490300486801270363e+00
1.618060608582895687e+00 6.724430896475152020e-01 3.981064057117823518e-01 2.564928052178755635e+00 1.562725087333557861e+00 2.580181592728773232e+00 3.118790979458030410e+00
2.669688267401418624e+00 1.499094866728517328e+00 1.085663818736592789e+00 -2.801620561550103972e+00 -2.706314702037423636e+00 2.983791544536704254e+00 -2.610063984214176180e+00
-3.038727943513435559e+00 2.251911217540590648e+00 1.799599605867149732e+00 -2.137473651045564527e+00 -1.987576429591026761e+00 3.126600920539775341e+00 -2.091649726315236713e+00
-2.495594204564121288e+00 2.897324120828180583e+00 2.520910542474892324e+00 -1.572494419134170096e+00 -1.444216331552845345e+00 -2.992456174753378217e+00 -1.553685137914608605e+00
-1.904832683593016496e+00 -2.844178844835544062e+00 2.746450225885238572e-01 -1.050443138841888890e+00 -9.493283663241565140e-01 -2.645734407687208911e+00 -9.841567663211130412e-01
-1.284795500699774662e+00 -2.577595819412813238e+00 1.274332838168322768e+00 -5.733228428165606516e-01 -5.075139127441872233e-01 -2.211767617405087982e+00 -4.447150628310772569e-01
-6.779920729366801790e-01 -2.471163015803546248e+00 2.226278101452213498e+00 -1.576143596457154628e-01 -1.570548688974967022e-01 -1.720267767490704092e+00 -6.087958908188161045e-02
-1.626266842966950232e-01 -2.202623005644681609e+00 3.051776849465195340e+00 2.559036481391668283e-01 9.417273363967802735e-02 -1.176906521570558750e+00 1.347698913243482455e-01
2.308863567445762661e-03 -1.799213530781967885e+00 -2.593821629518407779e+00 6.686904044990629181e-01 2.748225828114247982e-01 -6.289674833315749281e-01 3.658933339304751287e-01
-5.984730719339590443e-01 -1.478177880305420855e+00 -2.444404065681169858e+00 7.997519464887955509e-01 3.378767449789117361e-01 -1.856744327920473170e-01 6.784404247242207253e-01
-7.183858273963916741e-01 -1.298912063158555341e+00 -2.232103641708866881e+00 -7.399695719199763655e-01 1.612857627690785778e-01 2.354745308830211072e-03 7.170292112331964063e-01
-5.927708747518549703e-01 -1.054865578092780476e+00 -1.742773408364221677e+00 -3.014988285518092059e-01 1.254660248082708485e-01 1.084873933098977339e-01 6.053618947673400363e-01
-3.662625581415745457e-01 -6.801986167645786008e-01 -1.171565537130364820e+00 2.512742097927003759e-01 3.245116872181321721e-01 4.140517131740696355e-01 9.123458768884421533e-01
-1.288741515212092755e-03 -2.446402408819956797e-01 -6.284961611333328424e-01 7.639617122073169009e-01 5.237050991846303738e-01 7.337637723894409048e-01 1.403452502166556704e+00
4.472948843426524657e-01 1.738140486874241719e-01 -1.341573195348234049e-01 1.100447841872692623e+00 5.994667413386645105e-01 8.865933600210594845e-01 1.857161813262196759e+00
9.111762321174249335e-01 6.262504040950391815e-01 4.216543986637203423e-01 1.250625914207837974e+00 6.999920592616909465e-01 1.090191363940524960e+00 2.126399066348739542e+00
1.351054275259631510e+00 1.107828825713705889e+00 1.023684505737122219e+00 1.437209574404972434e+00 9.526894857418433116e-01 1.526483103818170095e+00 2.255527992192343234e+00
1.753224221082160694e+00 1.629787223664385554e+00 1.689109992203341015e+00 1.771862487571294276e+00 1.319212151473352357e+00 2.089227023981104825e+00 2.509695824211643611e+00
2.118033312904224807e+00 2.189554007342882525e+00 2.415092589374364884e+00 2.189005897858169014e+00 1.743271358225052747e+00 2.703956984527247531e+00 2.950891376510439645e+00
2.454325743376891911e+00 2.812515722176667676e+00 -3.071048126605201656e+00 2.631352458760253032e+00 2.188583677961913665e+00 -2.937610879973317601e+00 -2.814757282770414371e+00
2.773351279360911192e+00 -2.669454011346566347e+00 -2.135146642424111452e+00 3.076543789582562471e+00 2.624903416519559496e+00 -2.283928273930792230e+00 -2.290389166783017849e+00
3.072488617154963464e+00 -1.698098847343292972e+00 -1.199392748929296149e+00 -2.819255620177825605e+00 3.029371310516613569e+00 -1.621055750420021591e+00 -2.337163329321109817e+00
-2.895665355725886680e+00 -7.455618520822028250e-01 -4.370333604804193528e-01 -2.455126309460974987e+00 -2.872909441981491341e+00 -8.938008984460729112e-01 3.124483000305708913e+00
-2.408789341593791988e+00 -1.062656830858822038e-01 1.101455152455566300e-01 -2.087225591423166993e+00 -2.499556352177734642e+00 2.196640990075399980e-01 -2.729102564970552258e+00
-1.634167664751186688e+00 4.331547064979323625e-01 4.208042819933579537e-01 -1.640625215115488311e+00 -2.117357699755506584e+00 2.041657342024838950e+00 -2.089203515788844001e+00
-6.583711844280327741e-01 1.071121262854767942e+00 7.959133051398861181e-01 -1.054367171806269932e+00 -1.719306250300614014e+00 3.057793769771850467e+00 -1.391887542441591075e+00
2.164129756415714978e-01 1.660938285286234439e+00 1.075894689060362008e+00 -1.257306657388609361e-01 -1.279382332883324036e+00 -2.604276187678614907e+00 -4.793031550055174561e-01
8.873283953274206937e-01 2.166928633968916884e+00 1.281738472281799490e+00 1.350141747811993032e+00 -6.742186116495031412e-01 -2.298747480742641347e+00 1.207006991571724752e+00
1.443657038308029605e+00 2.605425763656257221e+00 1.515892561127067495e+00 2.313458092258776411e+00 2.563293400886991424e+00 -2.357350319720094234e+00 2.302856406109635934e+00
1.947550775865179551e+00 3.007640554465226490e+00 1.899733442687996821e+00 2.888380325104582536e+00 3.109001202976240830e+00 -2.305932623567579220e+00 2.841391945140967046e+00
2.404529497903723723e+00 -2.788232493684541513e+00 2.354035056270052273e+00 -2.916080772274483923e+00 -2.696892147874689449e+00 -1.997582258563931790e+00 -2.878521370982759287e+00
2.789961836848873666e+00 -2.282740321590941868e+00 2.599990771104517151e+00 -2.507812549615851427e+00 -2.249494241277472550e+00 -1.565799806808831907e+00 -2.256767289533333720e+00
3.074146130210683836e+00 -1.808158347780621344e+00 2.426468670626061197e+00 -2.129959311377426445e+00 -1.825971648853032869e+00 -1.099329362237801533e+00 -1.575342632906582496e+00
-2.979627717772779238e+00 -1.705755191350562638e+00 2.417760564070605689e+00 -1.869192079017192532e+00 -1.448808989229857680e+00 -7.109860977313072761e-01 -9.000121284997596449e-01
-2.685178170599310743e+00 -2.234944073351236238e+00 2.841095007235661996e+00 -1.695126697080787226e+00 -1.139983454249116734e+00 -1.069152973335602885e+00 -3.197030342103488465e-01
-2.281766194993481101e+00 -2.143622587524987022e+00 -2.945606409184691632e+00 -1.494135219304974616e+00 -8.778395855909132406e-01 -1.789112102769589985e+00 -1.653557771138458310e-01
-1.792458196208368104e+00 -1.662598720251628137e+00 -2.376070772638101847e+00 -1.153633224855409090e+00 -5.861219003601650934e-01 -1.416446973663513687e+00 -8.985241013105140784e-01
-1.247828129889701154e+00 -1.060186078232548734e+00 -1.843689242548328000e+00 -6.773845384694905380e-01 -2.176768821500889850e-01 -9.019074795220362040e-01 -5.267029617040558387e-01
-7.012035074187078498e-01 -4.482637252843515996e-01 -1.405841294921697404e+00 -1.584475949565966602e-01 1.801030303459767168e-01 -3.841201938383492775e-01 2.068952934238418861e-02
-2.425136694840688834e-01 -2.702420316010842427e+00 -1.243561184894267813e+00 4.128774122787621237e-01 5.919004585871464608e-01 1.052516057183029846e-01 6.064416646046640880e-01
4.771558518158028339e-02 -2.107090886672998042e+00 -1.315529331163463711e+00 1.005600999556642838e+00 1.037542966555249579e+00 5.778946473324753086e-01 1.192338809769478036e+00
2.726433249028719641e-01 -1.477723747603192583e+00 -1.120752791026466522e+00 1.682202780535017705e+00 1.552230740438280465e+00 1.034248120545731453e+00 1.824211232301866659e+00
6.199737085441605622e-01 -8.578563397304858062e-01 -8.021721305495626009e-01 2.374751590380568267e+00 2.095375049445038496e+00 1.395460127653080473e+00 2.473075028327334834e+00
1.090151068132563905e+00 -1.716509594103545200e-01 -3.373214476204469126e-01 2.947122060548496680e+00 2.598488436727217632e+00 1.447798580326542073e+00 3.013852741139568803e+00
1.644472613470106426e+00 4.599064823804567825e-01 -4.672621003275196500e-02 -2.870337957622238978e+00 3.036202910266735167e+00 1.367151967666809798e+00 -3.080165948028664058e+00
2.255655736422251589e+00 -2.617418381871434274e+00 3.303856086361312006e-01 -2.555782135201424499e+00 -2.864940677890619458e+00 1.678174669728329294e+00 2.832825945291412850e+00
2.897012700640216210e+00 -1.704112838405723140e+00 2.595384596054592374e-01 -2.222127810507291024e+00 -2.481751367066683756e+00 2.221709161985087722e+00 -3.114626898748118045e+00
-2.730018992861078964e+00 -1.319242122283236229e+00 -2.202359042151122548e+00 -1.867506126435947600e+00 -2.097261728353531751e+00 2.847530821552697322e+00 -2.537204332593156586e+00
-2.037090531693815265e+00 -1.189425738418089074e+00 -1.591517728881137517e+00 -1.481257109726933807e+00 -1.727359922032011275e+00 -2.813316835955443018e+00 -1.892193480507106118e+00
6.069183250354166503e-01 -1.102636928689566975e+00 -1.058406406392303323e+00 -1.192364917735843743e+00 -1.433376559999194555e+00 -2.276884444022118981e+00 -1.378740123613175772e+00
2.213899409080973602e+00 -1.182611740093879371e+00 -6.446315577319774448e-01 -1.220036965878730451e+00 -1.276493449982447848e+00 -1.948285321292382521e+00 -1.200500177104107058e+00
3.004725709949456647e+00 -9.908304132431587918e-01 -5.789110713995097857e-02 -1.379521337619442622e+00 -1.260560771402992497e+00 -1.909728167638986562e+00 -1.283631833749888429e+00
-2.472150114751580752e+00 -7.021366464013991671e-01 3.990492435831769491e-01 -1.307845348750433789e+00 -1.282306010142707287e+00 -1.843386342272459677e+00 -1.256238629184693645e+00
-1.639757147047827823e+00 -2.446979902933431317e-01 1.074884343820214694e+00 -1.037088181679930221e+00 -1.163825441436437069e+00 -1.534453964327285647e+00 -9.658497889762117650e-01
-8.201680679263281259e-01 -4.237677588517508448e-02 1.665957542051401896e+00 -7.091631384047946129e-01 -9.075171145999572087e-01 -1.116319722683834170e+00 -5.643493467676151676e-01
-5.454140188050966842e-02 4.261911436702774392e-01 2.813142577868606775e+00 -3.410557838178889800e-01 -5.953911824931841235e-01 -7.038625912730651635e-01 -1.124919136916946866e-01
6.462532755873168222e-01 -1.913080188606470333e+00 -1.700694274161810293e+00 -8.116129918022747802e-02 -3.210567228683903207e-01 -3.352895510431854187e-01 1.524159486054310619e-01
1.254667877010214205e+00 -1.486724319097546765e+00 -1.193327570929792580e+00 1.467748833856946378e-01 -7.977609222449942583e-02 6.846029867406883303e-03 3.978531685811643182e-01
1.743001643307996895e+00 -9.638646019752495908e-01 -7.717114632828342424e-01 2.186162009054282984e-01 1.146783892221822226e-01 3.101336505490471240e-01 5.184833871670427863e-01
2.106808705591189046e+00 -3.472498524645174500e-01 -1.604778089933492635e-01 3.793383662204382056e-01 3.354875494191674745e-01 5.138244950228014751e-01 6.231562635421585838e-01
2.398879768588916495e+00 1.652537838577270157e-01 2.902880494739902839e-01 5.695632522086968574e-01 5.885333896290289024e-01 6.895459260060092799e-01 6.733116369872036433e-01
2.630594763798209001e+00 8.718366849606788982e-01 9.637616592925333237e-01 1.024029488664100374e+00 9.826922865750834513e-01 9.924338890079820175e-01 1.071989166760743739e+00
1.440886899795879694e+00 1.552587170447005116e+00 1.543321697575952944e+00 1.514847977862470385e+00 1.453705440866266407e+00 1.391986870292568623e+00 1.512569936257933678e+00
