1.597078253830097383e+00 1.681501487384726046e+00 2.577792281457699453e+00 1.522798223813809804e+00 1.563763577474001965e+00 -2.224785522042378727e-01 1.607847471569973319e+00
2.100469364584232057e+00 2.223275050050498081e+00 1.138524010781115092e-01 2.100312119850935133e+00 1.977017432791690510e+00 2.479485674707665677e+00 1.742133323084318342e+00
2.461300056613144438e+00 2.735999476249409756e+00 9.582651600327618535e-01 2.690684965433502551e+00 2.395602862732723271e+00 2.984260743520308790e+00 2.142234920948726362e+00
2.765413791709763647e+00 3.081040681144903370e+00 1.582217402975380161e+00 -3.100967232591651968e+00 2.690583847872316525e+00 -2.860183433690431265e+00 2.574333505501474217e+00
3.071878392192153306e+00 -2.875430787675931299e+00 2.131646391404660168e+00 -2.571287401871462208e+00 3.011971971106472967e+00 -2.474944567574639098e+00 2.944255941190667691e+00
-2.917229236071409382e+00 -2.729380857240805813e+00 2.614184416098190855e+00 -2.201425378491703722e+00 -3.045431001173156460e+00 -2.176647159041907642e+00 2.640451217924048244e+00
-2.651223257024412749e+00 -2.592780275053679251e+00 2.764472852296424588e+00 -1.911091119244787695e+00 -2.714797434300186385e+00 -1.965658808298741400e+00 2.449495055130824550e+00
-2.441141368147803359e+00 -2.492628401318308651e+00 1.902564322872215774e+00 -1.630247097501639875e+00 -2.370432372895563411e+00 -1.764876046848269153e+00 2.509693874908767164e+00
-2.284834548860573467e+00 -2.401997830211864748e+00 1.596607521884080505e+00 -1.196905020570076639e+00 -1.930955994256162933e+00 -1.500520581546265664e+00 2.578816454979590223e+00
-2.165359568364005227e+00 -2.440903342619896499e+00 2.003963438443853828e+00 -5.990290433468716813e-01 -1.461324467805983796e+00 -1.205895525882833663e+00 2.551579053644955852e+00
-2.070280281637449704e+00 -2.307748478681699300e+00 2.487762260102122092e+00 1.022805581560316812e-01 -9.510509372742560474e-01 -9.946658654663204091e-01 2.766658851975962730e+00
-2.005405919703850959e+00 -2.006013290026407159e+00 2.975977626763192330e+00 2.503353723619464954e+00 2.965777884923640473e-01 -9.926118646121804279e-01 3.055580466803425654e+00
-1.943851870313130670e+00 -1.638255228503325167e+00 -2.883886241020791719e+00 -2.339976547733994217e+00 3.106251172077818090e+00 -9.931337621484337408e-01 -2.881510518721169145e+00
-1.842499981404459364e+00 -1.339098124755148334e+00 -2.448322673414561557e+00 -1.638416984497901963e+00 -2.608353130515082885e+00 -6.989346651690746537e-01 -2.572143828335709426e+00
-1.686136717493517789e+00 -1.199142462764694717e+00 -2.026922820163247874e+00 -9.829562793654993413e-01 -1.995012417718009745e+00 -1.795876630108797500e-01 -2.247053311873545844e+00
-1.484820461865755004e+00 -1.123583321614152197e+00 -1.571868243214761263e+00 -3.494702740588646606e-01 -1.412518986465558068e+00 4.371288798657230190e-01 -2.050082432922847531e+00
-1.286573328336121369e+00 -9.368963688660036926e-01 -1.062856831222884990e+00 1.679040749447340275e-01 -8.492392705152274068e-01 1.073235867766690443e+00 -2.160255947550080435e+00
-1.188033991008573764e+00 -6.462217992935932465e-01 -5.375055565811689418e-01 4.744134070642059275e-01 -2.682796705014101057e-01 1.644544175279331721e+00 -2.563223005224011253e+00
-1.235601424892246669e+00 -3.621495752450900607e-01 -5.320020293969700276e-02 -1.859648513209927745e-01 1.450638440353493597e-01 2.044107830983237228e+00 -2.460647019920100487e+00
-1.227380211117748754e+00 -3.649255608759582187e-02 3.337577839254541878e-01 -3.375502107513829175e-01 5.138962952036149057e-01 2.167911241576295112e+00 -2.164062290126741228e+00
-1.042993847937452534e+00 3.520765711541970489e-01 6.646582105768725768e-01 -7.246326804509703630e-03 4.768651986978426072e-01 2.291365030884044529e+00 -1.876254041933968608e+00
-7.698620302929886083e-01 8.214575700795291313e-01 1.000219402226657728e+00 4.546405922778623543e-01 1.378987659143757760e+00 2.703590390412035305e+00 -1.681480800246430096e+00
-4.910548969636759353e-01 1.316807734277427144e+00 1.388486778675490196e+00 9.185510017920471837e-01 2.263827631284585529e+00 -2.981424799398173064e+00 -1.484827587911699887e+00
-2.687722596162191446e-01 1.788211491179008794e+00 1.821801959713515773e+00 1.380378994941329651e+00 2.456821988699664061e+00 -2.229277757545050420e+00 -1.216679785517871037e+00
-2.228187955088573591e-01 2.037119553756833401e+00 2.269986968983596309e+00 1.754295162052805113e+00 2.408359504072647539e+00 -1.248230030675319790e+00 -8.542376152696273817e-01
-3.807804236850840796e-01 1.838597049493735147e+00 2.684326350520970905e+00 1.951786387294565328e+00 2.177756604021821918e+00 9.676358271035725989e-02 -3.722860274319902407e-01
-1.706822368097589415e-01 2.014966994235031006e+00 2.929690165265199209e+00 2.119329804866551203e+00 2.593726641753177908e+00 1.360286722759151079e+00 1.797846795301603628e-01
2.004268906323609212e+00 2.522225913661089169e+00 2.879055830011489903e+00 2.469175247240464000e+00 -3.129457564951549031e+00 2.221079228256463978e+00 7.565901176953206964e-01
3.109500246177313354e+00 -3.101671095551625346e+00 3.083364727951363626e+00 2.985291872564578952e+00 -2.494986794807516173e+00 2.816786619950522041e+00 1.246962551457089674e+00
-2.590927573592761046e+00 -2.321072974437365488e+00 -2.465647230682688651e+00 -2.708056728574059768e+00 -1.903316415400437611e+00 -3.042382555436893732e+00 1.415397082605183154e+00
-2.087845527321305017e+00 -1.343848076493617372e+00 -1.474991952776645077e+00 -2.043849406604699048e+00 -1.357706638090777629e+00 -2.708831882910855970e+00 8.475220925556048446e-01
-1.663175530863731710e+00 -2.078849070458508030e-01 -4.475624565541530542e-01 -1.307614385704481741e+00 -8.654255141765875292e-01 -2.411451209406868745e+00 9.124107179166622839e-01
-1.326073656275913226e+00 8.217611926945452838e-01 4.379320541941249534e-01 -4.287785091357145806e-01 -4.362431567986868597e-01 -2.143356718303537356e+00 1.397848078109171110e+00
-1.036539817363876015e+00 1.619978105196510532e+00 1.127044771168817849e+00 7.347277736651206537e-01 -6.551420582295000572e-02 -1.852219026125614398e+00 2.078592428033573913e+00
-7.165463919601887666e-01 2.236393760439723266e+00 1.681567799694343668e+00 1.983901528209959908e+00 -1.089079923792287019e+00 -1.483497868111366635e+00 2.942813749391490319e+00
-3.530649958994432902e-01 2.759795004661929507e+00 2.173787250530597071e+00 3.022795837248715145e+00 -1.498087293593306280e+00 -1.048759228726992454e+00 -2.315445367838291801e+00
-6.143850875092843333e-01 -3.025575543127673850e+00 2.649903036629426278e+00 -2.356304249620679858e+00 -1.073765763181655508e+00 -5.845863345287602986e-01 -1.247239942046717065e+00
-2.360993940702984517e+00 -2.564571243329415662e+00 3.140204144804106257e+00 -1.532822644192060491e+00 -5.880801317677392115e-01 -1.052412490486790142e-01 -3.227333587896941136e-01
-1.890395044158450055e+00 -2.114062702307921260e+00 -2.645455121865121217e+00 -7.614448270682576680e-01 -1.382863166398822785e-01 3.905520743103732539e-01 4.350483192950199141e-01
-1.309992526545464830e+00 -1.704557064971409686e+00 -2.142321439537751893e+00 -3.930313511966220669e-02 2.923557261967747456e-01 8.713198185576535026e-01 1.090008815150407928e+00
-6.397509638460994186e-01 -1.386986394580432158e+00 -1.625464568585781588e+00 6.189109095314648812e-01 7.022492564587581310e-01 1.269831689438590150e+00 1.644035790135645714e+00
1.049084315869400208e-01 -1.294935349488649079e+00 -1.066463022886370071e+00 1.253693715596630343e+00 1.151341553443393950e+00 1.531081886329716868e+00 2.114814598825175196e+00
8.863217060604936526e-01 -1.509658192154725631e+00 -4.730061868923499113e-01 1.871313536947045053e+00 1.637594417504236066e+00 1.749208395281555806e+00 2.549775299396448425e+00
1.628128924007737899e+00 -1.526927104735740670e+00 9.801745350727870953e-02 2.467265882482373662e+00 2.144170917569662382e+00 2.040765826873370159e+00 2.917548503244946190e+00
2.265760847559583180e+00 -1.275784013724566179e+00 5.604456598449876203e-01 3.034360622984870304e+00 2.651198612531748822e+00 2.383942249559043436e+00 3.085190382978524770e+00
2.798006401990746017e+00 -9.323960893978628928e-01 6.435826697656145123e-01 -2.748095128744681759e+00 3.122725443542398782e+00 2.750875823617492166e+00 2.546172356090693256e+00
-3.035511985328037010e+00 -6.079290038794248341e-01 1.338136928083141497e-01 -2.348883769872093463e+00 -2.747506036898942128e+00 -3.139725335329960565e+00 1.991723836565392869e+00
-2.645068250187356362e+00 -3.701157003312120497e-01 6.743306865377872439e-02 -2.174664424686263864e+00 -2.485445806333276497e+00 -2.721689709918014177e+00 2.101876075964487889e+00
-2.281419040545852983e+00 -3.194055830170206001e-01 2.053605276608362895e-01 -2.151859770095867042e+00 -2.350124173759060575e+00 -2.309390779752598100e+00 2.434227911145068646e+00
-1.921685034728124686e+00 -2.029398551422462171e-01 1.901591387798336197e-01 -1.976803890653932250e+00 -2.209660795524313048e+00 -1.945977395659049369e+00 2.791365747019336929e+00
-1.572709983242865484e+00 4.173876709891646136e-02 1.428745899466665192e-01 -1.620479308985323108e+00 -2.009332185499379086e+00 -1.661163152065818549e+00 3.129645191850271679e+00
-1.264318673469215781e+00 3.915631950816015894e-01 2.513391269272230999e-01 -1.213062311431287732e+00 -1.898211400511245817e+00 -1.427475833877083655e+00 -2.901130640387431736e+00
-1.042774490124979136e+00 7.933685894195809940e-01 4.625334982077163315e-01 -8.889486092817386886e-01 -1.955561054276229394e+00 -1.147246684857764709e+00 -2.735344341910279642e+00
-9.500037666041143414e-01 1.380440055285731660e+00 6.667186416840038543e-01 -8.435439214616622383e-01 -2.081598591383975627e+00 -7.301830749264198728e-01 -2.537547880648794774e+00
-9.810610836107864774e-01 2.207316684202498269e+00 8.775752666188497697e-01 -9.804984611386676763e-01 -1.976872148915568950e+00 -1.741689728618948385e-01 -2.177251423861688018e+00
-1.040711688475627339e+00 -3.067030278337369520e+00 1.157719710493734011e+00 -7.969629241206845904e-01 -1.688234563183487413e+00 4.749361945972405685e-01 -1.738237485447480690e+00
-9.876415608666002655e-01 -2.096277228541163051e+00 1.540150089861088034e+00 -4.774321627299612514e-01 -1.323585158072684509e+00 1.178174940896676848e+00 -1.336851079372944007e+00
-8.006649511214671833e-01 -1.305933061068736745e+00 1.978786906107466548e+00 -1.253561063011923160e-01 -9.203184929089971433e-01 1.890008469379254707e+00 -1.127882446146054596e+00
-5.063793961613851646e-01 -6.119991195146683438e-01 2.399881600287641525e+00 2.683282070025183041e-01 -4.741553431570809662e-01 2.526010002133165511e+00 -1.444730246096838977e+00
-1.176710613586582632e-01 -5.749070165067510230e-03 2.762189860125848107e+00 7.654967057656171248e-01 3.310807742509996876e-02 3.006082762126629504e+00 -1.823853463897132210e+00
3.435943340584152184e-01 3.497742629402492143e-01 3.091786880036892171e+00 1.327230416260666734e+00 5.684936861039666667e-01 -2.840961168978262119e+00 -1.617440884270454404e+00
8.525170873039986663e-01 4.500940351761284486e-01 -2.859601927141718125e+00 1.959804773785624121e+00 1.137916760546801465e+00 -2.323187317578223610e+00 -1.198359829374600283e+00
1.390337002597135330e+00 6.878250972205850466e-01 -2.617640480602947406e+00 2.763357213296127934e+00 1.734970973222205171e+00 -1.781862216446032710e+00 -7.373306183423510296e-01
1.927220282499902515e+00 1.076166816869678744e+00 -2.468776637880219393e+00 -2.425937099450164336e+00 2.434650185105987408e+00 -1.299937212938646836e+00 -3.108610489983172909e-01
2.373974864776908333e+00 1.272232188593502400e+00 -2.157244940840658209e+00 -1.289134289745148099e+00 -1.964014356963482255e+00 -9.438675321366463145e-01 3.077901203112377165e-02
2.012814108621434617e+00 1.253456767829717933e+00 -1.566398731764651941e+00 -3.713507010257604546e-01 -5.654939045522374697e-01 -6.301526899172865681e-01 3.129839790860670101e-01
9.887489044665703775e-01 1.555026295060950803e+00 -4.332981256261693725e-01 4.055116345676016421e-01 -2.085352533809471387e-01 -2.009579130137748582e-01 5.662427565378765904e-01
1.063331327597812237e+00 2.080130346770686423e+00 2.070890765701464353e+00 1.103367566540895073e+00 6.685126636747205919e-02 2.706430656003882551e-01 8.090794737845091733e-01
1.122249403082535180e+00 2.646266514332800579e+00 2.922788359326336849e+00 1.686673653883342450e+00 4.268241321160710644e-01 5.865788420469441045e-01 1.010734547870000943e+00
1.328426883519616908e+00 -3.112560800801815741e+00 -2.747452653976264259e+00 2.036506804645846991e+00 8.743666730746252336e-01 5.954638125293870710e-01 1.032980363204531349e+00
1.579727149974141653e+00 -2.632622950627899527e+00 -2.197413048163889382e+00 1.606156983769348789e+00 1.284617880655503974e+00 6.493483705502712811e-01 5.020510679053324932e-01
1.549683476317823771e+00 -2.276438753121850400e+00 -1.630711013162754686e+00 1.299169814095950448e+00 1.625078308625046208e+00 1.018586944919892101e+00 3.719889554626618633e-01
1.542888618371219378e+00 -2.619158790021492322e+00 -1.034679626495077498e+00 1.683380049679215951e+00 1.943484203069192118e+00 1.630303980366908156e+00 6.802859936214107339e-01
1.872581859907393564e+00 3.003175159861656951e+00 -4.285486366142535197e-01 2.243766905554036573e+00 2.331934746734800612e+00 2.365426309191923870e+00 1.154482610503695827e+00
2.306629176983775675e+00 -2.990262988886112083e+00 1.643274371744646301e-01 2.866331376482842419e+00 2.824217621721615945e+00 -3.136098244986447181e+00 1.698022257414227632e+00
2.735375791001783075e+00 -2.704471833192565011e+00 6.984213787773771998e-01 -2.787772534560096105e+00 -2.918582027148904245e+00 -2.342650870773372862e+00 2.270460964160050388e+00
3.137475250965454876e+00 -2.755153975210828943e+00 1.115383940838952981e+00 -2.171977985695486169e+00 -2.367946043061326833e+00 -1.554015032150781295e+00 2.996112941589889278e+00
-2.773175272673367608e+00 -3.102458347184048115e+00 1.334080667467662185e+00 -1.576378989546649123e+00 -1.844458809783056763e+00 -7.772698426358730650e-01 -6.983404779649491356e-01
-2.439806028004378291e+00 -3.128991389560839664e+00 1.416793461963962830e+00 -9.749237534916251890e-01 -1.330079831232241716e+00 -2.413416720976475568e-02 1.109145226066108186e-01
-2.161649613820242344e+00 -3.112384689755385292e+00 1.614445175526954213e+00 -3.373307528203157712e-01 -7.928201245934189956e-01 6.825690821795895591e-01 6.421549480618841121e-01
-1.956570292018865009e+00 -3.010870261178771212e+00 2.004093829232619584e+00 3.446185938063441867e-01 -1.969829631795018132e-01 1.327737829113909029e+00 1.127068055468047669e+00
-1.796727286689319802e+00 -2.805233317545729133e+00 2.513171994473168080e+00 1.087150015226681754e+00 7.236906383868909609e-01 1.911503922146168710e+00 1.581550147805108830e+00
-1.599107621697366755e+00 -2.529922127772401552e+00 3.062949106244662545e+00 1.868908004459998384e+00 2.495811538706298016e+00 2.461560107311185686e+00 2.011752958547032843e+00
-1.337986731984717181e+00 -2.209763863615677781e+00 -2.681239995579999924e+00 2.647111305559483263e+00 -2.771199693305119283e+00 3.012926591645438634e+00 2.421732757900846522e+00
-1.051918840633525809e+00 -1.833372774397610261e+00 -2.196069370394855280e+00 -2.900452983070035629e+00 -2.138468651909622320e+00 -2.722600760269525022e+00 2.783023884141262450e+00
-7.864430737540690775e-01 -1.436277597580323695e+00 -1.716578040016399909e+00 -2.237872973854281078e+00 -1.645617299479851692e+00 -2.220691626911941885e+00 3.049232991526892977e+00
-6.302674572965583089e-01 -1.038226284748214656e+00 -1.102533337680196013e+00 -1.635097185829762934e+00 -1.209205010747513631e+00 -1.809659021269061085e+00 -3.012223691672728965e+00
-8.251987923549549686e-01 -6.373123180016695422e-01 -2.489123040865264813e-01 -1.073174297831241963e+00 -7.549044664827959661e-01 -1.485552241551810537e+00 -2.767492095762839721e+00
-1.106018972620578245e+00 -2.705463795085784606e-01 7.973324537391409672e-01 -5.476314395038561766e-01 -2.486030145270815284e-01 -1.227630731377769679e+00 -2.504579684297986386e+00
-9.189687568977021881e-01 -3.010568512078522739e-03 1.786611897021696649e+00 -9.566944615956708697e-02 3.206629786976122332e-01 -1.057784541822716751e+00 -2.239754055324771009e+00
-5.260072298239302224e-01 1.306838147273746142e-01 2.611919138969676979e+00 1.524789268859727265e-01 9.126957326639414392e-01 -8.900025533605262495e-01 -1.877192163307841888e+00
-9.618284155511475086e-02 2.554771224127226903e-01 -2.960055756540263427e+00 2.414913809274561451e-01 1.511309571022442455e+00 -5.571059209678005386e-01 -1.331442750987673618e+00
2.952181745441680993e-01 3.615748753590131148e-01 -2.329398665140564262e+00 5.552407822261706816e-01 2.101368736336413523e+00 -1.002275486232690749e-01 -4.829188576195507232e-01
5.905178623390122672e-01 5.627292540470392179e-01 -1.771988168628889193e+00 1.211096266926738441e+00 2.682186056411514308e+00 3.059613654530416449e-01 1.028321339063273498e+00
7.158563735570639963e-01 1.083915001422405711e+00 -1.313436663002579552e+00 2.301376827315350315e+00 -3.006224446326338118e+00 3.766003262494160841e-01 2.345200184379180541e+00
6.754242835892170227e-01 2.366804029456947678e+00 -9.684727585398408278e-01 -2.443806570186674687e+00 -2.384751363946299385e+00 2.427304616717448904e-01 -3.108946139759987126e+00
6.084358462245650356e-01 -2.168366090890604614e+00 -6.622493592305496168e-01 -1.361102892300096290e+00 -1.713244276443335101e+00 4.777165372387854880e-01 -2.453044911605658740e+00
5.124599036821617659e-01 -1.384395747726042236e+00 -2.613645157964251675e-01 -6.199509400767900802e-01 -1.027700464481223763e+00 8.643309333497707359e-01 -1.953744838029669362e+00
3.673343008433490597e-01 -8.435741726404416552e-01 3.260646269361685556e-01 -4.368233401919275477e-02 -3.718315480856115851e-01 1.216861779591501769e+00 -1.766898321638636027e+00
3.838797724299795600e-01 -3.760625184057866943e-01 1.374553907227297644e+00 4.202934958002556565e-01 2.438542312128376133e-01 1.380648034485480347e+00 -2.189183761687099050e+00
6.358760705759483045e-01 8.473915132605317618e-03 -2.768679061127176766e+00 7.585013992412898975e-01 8.052985322364556442e-01 1.044610442332702727e+00 -2.259939344030999386e+00
9.714474435542626019e-01 2.002405103366975969e-01 -1.786306001916499353e+00 9.343743693925199434e-01 1.342910767037147846e+00 5.243150433893786211e-01 -1.951490793845493954e+00
1.109284910205924568e+00 1.865366572268004064e-01 -1.051464275433594331e+00 9.670582058394139313e-01 1.878335168058573368e+00 6.517870178348893484e-01 -1.542758919685056407e+00
-1.815850319547297059e-02 3.892122076229751482e-01 -3.256053410258878400e-01 1.099162296678156903e+00 2.445399947193992229e+00 1.032674575513496951e+00 -1.102999422914573424e+00
3.845268429437819629e-02 8.323230679670393650e-01 4.410280805103372059e-01 1.405271759361176098e+00 3.103106907062044506e+00 1.441844698516492773e+00 -6.587826483749158468e-01
5.016822483195311211e-01 1.363024793963031778e+00 1.284558171725246556e+00 1.796311201408237856e+00 -2.331842316585471586e+00 1.667384848258646191e+00 -2.322994945989403093e-01
1.001175001585847602e+00 1.874454894908176961e+00 2.916517052346355943e+00 2.198396025010450394e+00 -6.805122312948904684e-01 1.520315770590573212e+00 1.421964039438410321e-01
1.472786795507449620e+00 2.270696741255592954e+00 -8.297361148131212616e-01 2.569968037929326599e+00 8.112846861982866420e-01 1.562485839110279828e+00 4.266330704662424922e-01
1.918295562241217889e+00 2.468128067851307339e+00 3.060163365007773431e-02 2.892487284522496704e+00 1.548924112605646553e+00 1.899370578453454916e+00 6.501996934560835273e-01
2.355267303723461492e+00 2.594080114770657808e+00 7.813910146123967948e-01 -3.102315569676722173e+00 2.109399475312900840e+00 2.322021959378819833e+00 9.771400756294654766e-01
2.783679624127866958e+00 2.900781038416165192e+00 1.533671656644695513e+00 -2.765809173771083262e+00 2.676949509903087332e+00 2.773561050097687719e+00 1.447021745590207020e+00
-3.090299615032602976e+00 -2.912602740676732971e+00 2.391416636814814201e+00 -2.342647121365583729e+00 -2.985620336738068925e+00 -3.036406950553048656e+00 1.980712306517043997e+00
-2.708207975911978149e+00 -2.351038889159957179e+00 -2.663814346292130431e+00 -1.855152408613119475e+00 -2.320962997117021587e+00 -2.561508808690671657e+00 2.405822712884428949e+00
-2.360281646023062674e+00 -1.737929546849714679e+00 -9.696528745240332592e-01 -1.340968359467862303e+00 -1.669676709491106026e+00 -2.116437619835221273e+00 3.359452622352856466e-01
-2.053901244398566917e+00 -1.055673442289202901e+00 2.152577617843579871e-01 -8.108764232404507277e-01 -1.065226136939761981e+00 -1.728699574548897111e+00 7.294968859654723525e-01
-1.787880080128241067e+00 1.315050843297770555e+00 1.078979910210445148e+00 -2.343640427070544929e-01 -5.096436333031152399e-01 -1.415017935661308845e+00 1.221758015170127276e+00
-1.545032124285644182e+00 3.004502695142114987e+00 1.824817340284989431e+00 4.835723568612337875e-01 3.476742024890533411e-02 -1.213378655256637684e+00 1.698060635494067050e+00
-1.307692411926774323e+00 -2.604840183576892176e+00 2.505780813601917068e+00 1.873473725962781833e+00 6.340333937497910632e-01 -1.162933799315372996e+00 2.139754048932312358e+00
-1.104220027815607130e+00 -1.984469918675112243e+00 3.124857414585005433e+00 -2.678574582995026265e+00 1.269191759827412724e+00 -1.096285587484895352e+00 2.525828210029179566e+00
-1.002998051940448887e+00 -1.414151890022222302e+00 -2.620023056930383287e+00 -1.872068837554970999e+00 1.922946754294518223e+00 -8.353195331780403077e-01 2.820682123579129730e+00
-9.838048004336791275e-01 -9.071286923094299404e-01 -2.191176703625666189e+00 -1.294593595069988279e+00 2.574297281698476159e+00 -4.156127043136610411e-01 2.986521415543969216e+00
-9.127370182391545406e-01 -4.682336281598163397e-01 -1.874317276444896097e+00 -8.500354480831784354e-01 -3.076926494941738532e+00 1.120157919260215129e-01 3.040651897087641053e+00
-7.408392613931833459e-01 -3.061119012703250597e-01 -1.595106282389368690e+00 -6.143444010588909876e-01 -2.414131528943797012e+00 7.381407846469838496e-01 -3.059773433895166761e+00
-5.018901617849652608e-01 -1.318500478743927395e+00 -1.181955989414435582e+00 -5.333176772772422192e-01 -1.665035000041173108e+00 1.462889355380553091e+00 -2.684842992255198624e+00
-2.467528930116531516e-01 -1.122193537555620235e+00 -5.039076018899952825e-01 -2.929129984921343133e-01 -7.379825144712975904e-01 2.256394753943169018e+00 -2.242431746975052320e+00
-4.544234108110179957e-03 -6.039408301155435588e-01 7.210012230637190545e-01 1.286628128915516533e-01 4.599793119978938805e-01 3.027829549550520749e+00 -1.867360577570011948e+00
2.350665535905214487e-01 -1.679904367615299987e-01 2.635360258535468070e+00 5.579949664192407344e-01 1.756375991803811099e+00 -2.607502206377411369e+00 -1.635812092825316144e+00
4.962868350268411777e-01 -3.335811258468448365e-02 -2.457348027100685783e+00 7.528092803097302665e-01 2.779055132047862919e+00 -2.071247478120372243e+00 -1.456379379859975787e+00
7.987088484705805458e-01 4.427709123751757264e-02 -1.556538037147831455e+00 5.065472258173812914e-02 -2.755878153398743091e+00 -1.548340046202689058e+00 -1.173049845157541737e+00
1.136258218130127284e+00 4.553831902324509961e-01 -7.576038073674462581e-01 3.751315966665232093e-02 -2.155289289676515896e+00 -9.975140434146914092e-01 -7.924156650065532492e-01
1.462457317569563875e+00 1.044997487598220198e+00 -2.352659963529225851e-02 5.166457515102976794e-01 -1.508817094924834290e+00 -4.377283895916153633e-01 -3.632930855062863618e-01
1.707905299657078935e+00 1.739985842795838344e+00 6.704546445383644526e-01 1.161989197024089204e+00 -7.100669552387949279e-01 7.449800231772316095e-02 1.101587274041639364e-01
1.865131834042381476e+00 2.539458736850173981e+00 1.364563140131080710e+00 1.885094583603724727e+00 4.193086016128605986e-01 2.295310166060491042e-01 6.070008925221394014e-01
2.073002301581595042e+00 -2.839504718641765901e+00 2.123027434654473744e+00 2.633472878929633776e+00 1.967374439113523055e+00 -8.511172408688013613e-01 1.094259369152300154e+00
2.400231984306448574e+00 -1.868610726028439695e+00 3.134111901338596518e+00 -2.918436875898990923e+00 2.987365235484074955e+00 -5.765886507897171054e-01 1.567655652041790360e+00
2.783260811812400259e+00 -9.379933872420531671e-01 -1.465855625781810945e+00 -2.241450953860774309e+00 -2.620767778628670719e+00 -9.501097281986383911e-03 2.081793188969076169e+00
-3.109756226585888683e+00 -9.977610419160508337e-02 -1.681999301789001700e-01 -1.613480438374734316e+00 -2.022079031050902920e+00 6.204890845830373092e-01 2.659893165998421072e+00
-2.707725934187116490e+00 7.054630368433868481e-01 6.467677883104351322e-01 -1.022314816258713455e+00 -1.440723330548220327e+00 1.262687938687078404e+00 3.133295678717491928e+00
-2.275930892439883113e+00 1.548584239443650867e+00 1.309032602762693731e+00 -4.662525478864549822e-01 -8.658202977158858671e-01 1.895796666110669770e+00 1.273556614211368121e+00
-1.816980839164527906e+00 2.526459264223076762e+00 1.897536612197153749e+00 2.313938831486163361e-02 -3.033443367425741055e-01 2.519311735053324952e+00 1.907734704401665926e+00
-1.358216552785543874e+00 -2.408158689764732241e+00 2.438034635835674369e+00 3.377162941667287144e-01 2.296710984240931119e-01 -3.119829559601086544e+00 2.666733744394570227e+00
-9.126774637754346831e-01 -7.477528880207395812e-01 2.936262434374481867e+00 3.592953391936386520e-01 7.194295546900464355e-01 -2.375958039142611167e+00 -2.838674855610887171e+00
-4.470074512669757749e-01 3.514527326943648333e-01 -2.952000200138704677e+00 2.722012537308636237e-01 1.113624609587147374e+00 -1.410976882791713738e+00 -2.016423376688114555e+00
6.627193826629047303e-03 1.068717762730071463e+00 -3.095016374202275156e+00 4.988065687870745224e-01 1.361434231896775593e+00 -2.506397916895873879e-01 -1.125780998217566387e+00
-9.075133775752292076e-01 1.587298398234569863e+00 2.464693779625926506e+00 9.412281313070590683e-01 1.533830924327433287e+00 7.709770205422998846e-01 -1.801288114371632498e-01
-1.307416390970926656e+00 2.049649955705444615e+00 2.632057447553239449e+00 1.465793419243045070e+00 1.784549468647581350e+00 1.549753090525789023e+00 7.808023964421408891e-01
-7.043204513461249761e-01 2.561436895143557102e+00 2.966881788392886410e+00 2.001507596435413205e+00 2.108215286583116743e+00 2.148099568938152348e+00 1.722922123351334767e+00
4.497877278953572866e-02 -3.131829593496842534e+00 -2.953241595004871822e+00 2.517521547678861271e+00 2.437100892157869403e+00 2.632965419151309661e+00 2.648121904155301465e+00
1.031534817687882688e+00 -2.473782099177633587e+00 -2.556928444065956985e+00 3.006414949720046526e+00 2.752433582591011341e+00 3.066330951900135382e+00 -2.709243510363107621e+00
2.643256607057739238e+00 -1.787451694850829442e+00 -2.104989381973544127e+00 -2.817463543250223523e+00 3.067378004071849240e+00 -2.791471868746544960e+00 -1.764945149122786550e+00
-2.248383031681978839e+00 -1.109527483159726824e+00 -1.590693371899491781e+00 -2.377429343989179600e+00 -2.882320044211185817e+00 -2.332274653957278066e+00 -7.811199529440614464e-01
-1.333411672855156382e+00 -4.850954246396685932e-01 -1.018134008773210919e+00 -1.970949783612008677e+00 -2.592925665075521025e+00 -1.818272813793998077e+00 2.254026932164436281e-01
-5.230403049873455501e-01 3.598220640318142149e-02 -4.021793108223013502e-01 -1.608973915287355005e+00 -2.407220809425321129e+00 -1.274174014362919438e+00 1.192397733261333137e+00
3.265494591677483016e-01 4.477199709931616312e-01 2.428757320804312836e-01 -1.331519076790197431e+00 -2.286224218666147667e+00 -7.438552647726295319e-01 2.083883355419638761e+00
2.247616384503794418e+00 7.392618090208400439e-01 9.202181812852158194e-01 -1.225575230724400333e+00 -2.058672967226661932e+00 -2.972936387300166849e-01 2.912679724162221984e+00
-1.954747584032854757e+00 7.473770158765858929e-01 1.640383191228485193e+00 -1.136128249901404708e+00 -1.705516713820030894e+00 -7.127578916269081133e-02 -2.573925976156422823e+00
-1.113700440472674469e+00 5.682453093628203611e-01 2.409006513783588765e+00 -7.932214905760173185e-01 -1.298478142802137469e+00 -7.827097857361981631e-03 -1.782050997203527887e+00
-3.736505732198480700e-01 8.340120455379564923e-01 -2.826423757765264444e+00 -2.792403342273913069e-01 -9.354947212889206387e-01 2.941653672074171499e-01 -1.002309739740396610e+00
3.379104696341766467e-01 1.317270159856838152e+00 7.979352441136323693e-01 1.349341641932853830e-01 -8.023112925493983694e-01 8.065831837206510757e-01 -2.303760470628340162e-01
1.048014488836345182e+00 1.811525457986363996e+00 1.563752000570981071e+00 -7.220598135424104447e-01 -1.044745457280647605e+00 1.378438744906998581e+00 5.735983229295203989e-01
1.772052702185366480e+00 2.188548537325019083e+00 2.259218779798032539e+00 -8.106509219485078521e-01 -1.108579351594898066e+00 1.857639138242447974e+00 1.355005229936484534e+00
2.534305784145383544e+00 2.439169781516757674e+00 2.846798113882107906e+00 -1.356118128455356120e-01 -8.781852638593850013e-01 1.091442553132195181e+00 2.027839131961904684e+00
-2.857696561629565757e+00 2.754286153134226200e+00 -3.116474293432810683e+00 8.033147179486979095e-01 -5.394806576251313102e-01 6.838910637403001758e-01 2.557087775042787836e+00
-1.651443461652366551e+00 -3.080946428312264729e+00 2.823693594156121645e+00 2.477018104023108513e+00 -1.419196408201830462e-01 1.111712816939011361e+00 3.035740181742366595e+00
-3.822402545890641323e-01 -2.539235768516068248e+00 2.787052247213610112e+00 -2.031322348297424085e+00 2.795850931181019239e-01 1.550448741285874288e+00 -2.724655256756124189e+00
5.254620155693024985e-01 -1.941351608200506673e+00 -3.091689567380242476e+00 -1.039857883083560086e+00 7.188340730423639080e-01 1.934234312458881222e+00 -2.193092296166891497e+00
1.224650272706961918e+00 -1.299434982169817232e+00 -2.591692659771339446e+00 -5.231860183485177451e-01 1.155538956070387036e+00 2.299894787976216826e+00 -1.652224768602580163e+00
1.830586275327341639e+00 -6.233220808476134245e-01 -2.059812943781112793e+00 -1.018112118166363489e+00 1.571706229100751306e+00 2.675826762909896406e+00 -1.074399550208869680e+00
2.373501958398888778e+00 8.520247024204406772e-02 -1.515037128837754654e+00 -8.871059264763890839e-01 1.946469508735343634e+00 2.998171484919117891e+00 -4.584312205222900172e-01
2.859036141804070397e+00 8.907886779001727984e-01 -9.953030812405014860e-01 -2.991660398516854946e-01 2.272551688080374444e+00 -3.138550743042798796e+00 1.705076070341380590e-01
-2.982185366739927179e+00 2.481059005619888680e+00 -5.710731281366157042e-01 4.015102195254992568e-01 2.566639857043460538e+00 -3.114772243606755087e+00 7.841187892479248855e-01
-2.566526851382412211e+00 -1.668783902676535424e+00 -3.189804223272882933e-01 1.199564017361443691e+00 2.865538846029515252e+00 -2.991501766782211469e+00 1.402348146552910180e+00
-2.181758185828777119e+00 -8.453412975599289281e-01 -1.689348979453779431e-01 2.084080866260278775e+00 -3.049988027843176130e+00 -2.852638030747962627e+00 2.072667572665092273e+00
-1.867861424599798870e+00 -1.779530157208229768e-01 9.012113285102221760e-02 3.063525115062957216e+00 -2.605148984012220836e+00 -2.779890251685687375e+00 2.826104554355110654e+00
-1.711055663458905363e+00 4.618091960829072695e-01 5.092286465388075056e-01 -2.128947286082456536e+00 -2.109063873340930151e+00 -2.638587409927464211e+00 -2.606343391835963530e+00
-1.781061303126860285e+00 1.157350686644049720e+00 1.034206998975177427e+00 -9.915518965747874836e-01 -1.656808703244924352e+00 -2.377404049104208550e+00 -1.447588662629094358e+00
-1.834990321909239386e+00 1.957234965813113403e+00 1.628394581445897771e+00 5.665921154029979201e-02 -1.701066469068479359e+00 -2.040109605434256679e+00 1.755232697797988406e+00
-1.652920097800157251e+00 -1.675086625812688412e+00 2.278907464568351582e+00 9.402937614877187045e-01 -2.602081061250805849e+00 -1.636485215729319931e+00 2.771157473903811841e+00
-1.337936948692876937e+00 -3.081904569061314891e-03 -5.887013373585032738e-01 1.604878309564559125e+00 -2.267769453999581852e+00 -1.182852623543150239e+00 -2.636382937453296549e+00
-9.757968101492719981e-01 9.181468217453664371e-01 4.181911163971486767e-01 2.091328755824921171e+00 -1.735078301134367784e+00 -7.328333503879138622e-01 -1.830642737473194170e+00
-5.832440359511411598e-01 1.883520130487642552e+00 1.142794805246329481e+00 2.623763669605982063e+00 -1.204648359245089617e+00 -4.095773916752496469e-01 -1.154039185529501577e+00
-1.974516401050874503e-01 2.905312098828799261e+00 1.883517794633372322e+00 -3.026011472603727714e+00 -7.538401247814388029e-01 -4.846885066489753924e-01 -9.241414118644571962e-01
6.041463677727953313e-02 -2.368077447328106988e+00 2.658042910676408965e+00 -2.373899160076747172e+00 -4.515212188917801517e-01 -6.707626472384105032e-01 -1.591584699911680278e+00
-1.858865119952235229e-04 -1.447975448482781813e+00 -2.787654179803665588e+00 -1.762453482371113989e+00 -3.619482481025373954e-01 -4.593230462723847385e-01 -1.443441754027863455e+00
-2.236915817123396044e-01 -6.375444134165740850e-01 -1.855389625402270148e+00 -1.146260083904223182e+00 -3.771352176399057066e-01 -7.812262147888275610e-02 -1.038303225183511369e+00
-1.720677379452560662e-01 7.737838376574743271e-02 -8.662776710920628842e-01 -4.980160050475964106e-01 -1.253997041279518720e-01 3.915795009249665171e-01 -5.979377427320118343e-01
9.595978007444005975e-02 7.096016438126804271e-01 4.095274016967701686e-02 1.653579870169726296e-01 3.419329133031341339e-01 9.563713890278038310e-01 -1.487780964222332747e-01
4.404353513252321495e-01 1.252249168439481863e+00 7.869153640177785070e-01 8.411990036811837212e-01 9.209442732525110475e-01 1.623852052527284151e+00 3.413478568434341609e-01
7.918969905293875566e-01 1.640268910312844497e+00 1.392853415777195902e+00 1.534154825705184466e+00 1.561524736407205127e+00 2.432122326962411041e+00 9.069346134001291526e-01
1.164466785094338430e+00 1.896650897686194437e+00 1.927180523106938992e+00 2.255511089029134553e+00 2.269824406693021324e+00 -2.751880392274906661e+00 1.586099213619574622e+00
1.619687580602679144e+00 2.255003433716491923e+00 2.459799019019101252e+00 3.000996453313268919e+00 3.052362305988544744e+00 -1.364289203468781242e+00 2.447801192416030336e+00
2.161189338514766245e+00 2.746014432626345148e+00 3.001110814443631813e+00 -2.532622946490638682e+00 -2.411604707246365109e+00 -3.515862132387009287e-01 -2.483523972748682862e+00
2.726268168326393404e+00 3.132558142941460844e+00 -2.902991384937231967e+00 -1.791960357018852923e+00 -1.607416134004731489e+00 2.823081712734529791e-01 -9.160701105579323045e-01
-3.067913779271749686e+00 1.625693134588158673e+00 1.425747419394435278e+00 -1.065225517297854196e+00 -8.732244909845922054e-01 7.225211257966027700e-01 -6.954378028657088630e-03
-2.827393308638098013e+00 1.793015217364963387e+00 1.826876520262318282e+00 -3.423805175573355064e-01 -2.188828536579870143e-01 1.101470076232638151e+00 6.118228131662526437e-01
-2.989379886830414890e+00 2.208476565254106738e+00 2.320546821139532145e+00 3.838182204898309413e-01 3.916187386445343366e-01 1.471467201469047303e+00 1.098387603715631267e+00
-3.018078969270295175e+00 2.605366062046916120e+00 2.778051786367410347e+00 1.096393021017299629e+00 9.837267729330956278e-01 1.817823209036888654e+00 1.534093109973911018e+00
-2.710531533135310145e+00 3.017357532774425977e+00 -3.097805242037078521e+00 1.799236185829829804e+00 1.593411182409606885e+00 2.135118167465996475e+00 1.998076338366699289e+00
-2.243465202302520112e+00 -2.796115235409335487e+00 -2.728316085515358758e+00 2.488682889978067525e+00 2.223026840068168308e+00 2.442099074182131346e+00 2.512316961844777374e+00
-1.704648686119977219e+00 -2.310388098691418257e+00 -2.380314992714942068e+00 3.139304738168998465e+00 2.845848441393795003e+00 2.749595909376082670e+00 3.047855939960846250e+00
-1.150771718883844885e+00 -1.893685774375371667e+00 -2.099181398056334302e+00 -2.566691684163786569e+00 -2.833927559857702949e+00 3.085713021232648234e+00 -2.709872287803359203e+00
-6.440846607281960345e-01 -1.694192017368888470e+00 -1.997999501581152693e+00 -2.116977541144254182e+00 -2.232060471152972791e+00 -2.796302233470344234e+00 -2.223430193960463708e+00
-2.796618567443620029e-01 -1.707414647920581174e+00 -2.027778195326178423e+00 -1.814008430453069032e+00 -1.537158649423109091e+00 -2.371393161883307066e+00 -1.808684251254720321e+00
-6.003872892079961110e-01 -1.506469242241807782e+00 -1.874104769723415886e+00 -1.554448035611104784e+00 -6.530638916262272442e-01 -2.048059685873270475e+00 -1.542423908117625642e+00
-1.536065332331692623e+00 -1.073006698163569750e+00 -1.562340867915562148e+00 -1.166483041862924175e+00 4.668569750335868074e-01 -1.959224024233189754e+00 -1.516141323033777910e+00
-1.257455082745377428e+00 -5.811630447555050649e-01 -1.230352243238226340e+00 -6.068366727824031637e-01 1.463159209227042457e+00 -1.853571901593765503e+00 -1.542143716999532677e+00
-7.875189923282794879e-01 -1.415054965296304590e-01 -9.541497478260644316e-01 1.382378045767890806e-01 2.015439013862541096e+00 -1.434344170583922828e+00 -1.371534917551981536e+00
-2.310400576841130094e-01 2.453445190112943930e-01 -7.196221485303236909e-01 1.241310494720265778e+00 2.345571082228185666e+00 -7.554914155060290515e-01 -1.106977874637725012e+00
4.194660227527960417e-01 6.726282859691485871e-01 -4.444746740054276724e-01 2.577146583727417894e+00 2.653325645867694593e+00 1.462576731303479316e-01 -8.402432150330447769e-01
1.152259207406596264e+00 1.248622380253945785e+00 -1.307416688491829515e-01 -2.859978724311474707e+00 2.949358371617559982e+00 1.244043473522068233e+00 -5.349337697860686580e-01
1.940857125462843058e+00 2.011251410570267684e+00 1.390124799836650049e-01 -2.407279745122670622e+00 -3.002655084791093998e+00 2.337712942401869221e+00 -2.205322772041584112e-01
2.746640783208377901e+00 2.923172219049301912e+00 2.841013184930109015e-01 -2.163770640903490694e+00 -2.628489806100045012e+00 -3.041450505723916731e+00 -7.845410558534205991e-01
-2.777850135137998056e+00 -2.427351467546776220e+00 3.267254467909944671e-01 -1.912445001535305167e+00 -2.206526891457824213e+00 -2.301488054222826207e+00 -2.001636157006221772e+00
-2.103889606098691356e+00 -1.585224610287488067e+00 4.116798839153472112e-01 -1.589105562114732972e+00 -1.761198619182696490e+00 -1.664427799195821400e+00 -1.621254925023345006e+00
-1.504597857320587373e+00 -8.311240370710983871e-01 6.856221116857544873e-01 -1.235537649340543442e+00 -1.299010146476530458e+00 -1.101310977501099408e+00 -1.144742349345869270e+00
-9.699132933211518370e-01 -1.368180563449707676e-01 1.109442695696573056e+00 -8.814285117572807637e-01 -8.327449651070654157e-01 -6.131648282498247671e-01 -6.706492685702497569e-01
-5.118371612637797607e-01 5.055493393394010493e-01 1.595113348340896797e+00 -5.167047062549130487e-01 -3.862069868739213541e-01 -2.264188673366985816e-01 -2.781986333658783006e-01
-1.341181888133440581e-01 1.096331238469007152e+00 2.076045915035066525e+00 -1.287074491046756031e-01 7.323043984297717551e-03 4.589739613897866194e-02 -7.779791548248934929e-02
2.091068677489402172e-01 9.416547347148527258e-01 2.469381766150243518e+00 2.574602506008645819e-01 2.826668463204211057e-01 2.894669928871570486e-01 -8.923343714972409302e-02
5.621230911144114994e-01 8.723017480032464743e-02 2.644438609906487603e+00 6.239604890164317519e-01 4.506030256789033128e-01 6.025260867048329860e-01 8.493873079115474289e-02
9.132481670624937875e-01 8.445667437371980890e-01 2.763642872217894286e+00 9.694986224213892889e-01 6.457877792800517103e-01 9.773076374702029945e-01 4.873083256138721620e-01
1.227571774895095169e+00 1.841265420528777508e+00 -3.107999929536765293e+00 1.308576985182195784e+00 9.367706914632424331e-01 1.373575235376832682e+00 9.707472178379551453e-01
1.503191610318762361e+00 2.994889075161370151e+00 -2.497948403324231847e+00 1.649130488178846443e+00 1.271077395573108282e+00 1.781001914443262057e+00 1.451557022820058718e+00
1.783658905888450663e+00 -2.145753100716554673e+00 -1.810131581608185991e+00 1.999543739804314546e+00 1.622802066481541461e+00 2.184387820015722070e+00 1.896381486002715944e+00
2.086080770943196772e+00 -1.162158348000308594e+00 -1.111784214448785946e+00 2.349959544792100452e+00 1.995044043505775022e+00 2.491551632646049175e+00 2.272335646340660098e+00
2.382296189413488197e+00 -3.335102216882390169e-01 -4.397829468395909047e-01 2.637067882803811880e+00 2.379608785087254930e+00 2.504455369998730863e+00 2.418690029193180546e+00
2.665564565240365003e+00 3.829973650060169432e-01 1.932111062759365727e-01 2.705950671119444539e+00 2.742856021914279907e+00 2.409762382002418324e+00 1.651189110211470856e+00
2.968008657565988972e+00 1.026975248447095090e+00 7.716648704235213874e-01 2.405592967917296932e+00 3.040121774526228116e+00 2.627830792902396517e+00 1.476719141142616598e+00
-2.969801304711257472e+00 1.612503234411037933e+00 1.246818272200929778e+00 2.355478591094700924e+00 -3.002555224806638723e+00 2.988401503794062553e+00 1.872777612119340018e+00
-2.606264706019295829e+00 2.150284618274307835e+00 1.558709771679356315e+00 2.677182074283288582e+00 -2.775698294083920992e+00 -2.954716261862062154e+00 2.414133969640358757e+00
-2.375948625820129667e+00 2.636705709911167261e+00 1.838388055290898215e+00 -3.134155946496679945e+00 -2.496339919320721190e+00 -2.684797704325336376e+00 3.011161378642920994e+00
-2.992397447035221703e+00 3.028807313180859051e+00 2.270798227545160586e+00 -2.649160018879500811e+00 -2.193714548349882332e+00 -2.407758454170912721e+00 -2.693352267759648200e+00
2.829588619826846063e+00 -2.915249280302825596e+00 2.842817219036536613e+00 -2.278172869350469920e+00 -2.072949920578163407e+00 -2.049374884853416567e+00 -2.257089858637519875e+00
3.102450327904186178e+00 -2.478847601618243246e+00 -2.783956634029739696e+00 -2.246150111612917666e+00 -2.565896557104517584e+00 -1.614491435732493096e+00 -2.270450897628522480e+00
-2.755891659308877362e+00 -1.919328914491010840e+00 -2.099598983706277178e+00 -2.330327213387886065e+00 -2.614217432509777339e+00 -1.131815764247052103e+00 -2.392421876298383321e+00
-2.288222797497534877e+00 -1.323828598439303450e+00 -1.430682266235025146e+00 -2.023271202273118519e+00 -2.224158823064395385e+00 -6.277284587620884926e-01 -2.027727917053654405e+00
-1.800562289669386473e+00 -7.176423896956165560e-01 -7.898240202009781941e-01 -1.489449792933513317e+00 -1.702586688228034939e+00 -1.129633451773667530e-01 -1.463990379594605873e+00
-1.283304726834673559e+00 -7.016817183438804617e-02 -1.313984490940938166e-01 -8.684122424009380614e-01 -1.140230051957475732e+00 4.279235701983463702e-01 -8.469058157248702257e-01
-7.281198991544113319e-01 6.270801297054027224e-01 6.044408883823569889e-01 -2.238166110586575497e-01 -5.792896590403886492e-01 1.029667875797067422e+00 -2.467447874801001750e-01
-1.361178521733040214e-01 1.367397313804546100e+00 1.430951848896426792e+00 4.097263510153035249e-01 -3.852449151711968139e-02 1.777131135343607227e+00 2.839541397125642797e-01
4.883525502877896773e-01 2.140013449385615996e+00 2.342156447929164109e+00 1.011990952095544127e+00 4.831389327121495825e-01 -2.857123184498433055e+00 7.116252338514764686e-01
1.153238003051058502e+00 2.974968666185399346e+00 -2.961257931435731905e+00 1.601448122923481376e+00 1.033016064355121832e+00 -1.107689062770570887e+00 1.006321724910200777e+00
1.928822397849881964e+00 -2.235935850573855355e+00 -1.958055012405743422e+00 2.165518482064382688e+00 1.630304987612090306e+00 -3.675729810269254272e-01 8.842142421099291605e-01
2.920483169926695322e+00 -6.454012040458094734e-01 -9.907709940140490001e-01 2.587844201977646641e+00 2.277424827800436979e+00 2.151595539299174520e-01 8.980782483026638063e-01
-2.302882993997744876e+00 5.943973745991043556e-01 -8.991892872708814877e-02 2.758577626098127400e+00 3.007489693041285772e+00 7.570176507181692882e-01 1.464231625742209220e+00
-1.397530462963227693e+00 1.386709642552206967e+00 7.635778164667461620e-01 2.977351242092699302e+00 -2.413710347974307169e+00 1.284257647254121171e+00 2.230477355825490449e+00
-6.128547982184868737e-01 2.021376599072511215e+00 1.621823963206931785e+00 -2.839047116521628666e+00 -1.334186156318628580e+00 1.761965318783789369e+00 3.087253290227823133e+00
1.280273576096322974e-01 2.654427726886955607e+00 2.536130387550638243e+00 -2.270774871604604339e+00 -3.935122439166774226e-03 2.113552564539855183e+00 -2.243342682123757648e+00
8.724947839947245765e-01 -2.908700392405052959e+00 -2.737420539784148676e+00 -1.670836299184633722e+00 1.293419329923342076e+00 2.350778359535171891e+00 -1.085991012237679243e+00
1.675842452679990213e+00 -2.088830365693380209e+00 -1.633569664914580555e+00 -1.132001156475188175e+00 2.260037830780883716e+00 2.642642045304337106e+00 2.577942418159208660e-01
2.644374182475712765e+00 -1.133270174348467441e+00 -5.304626129036034143e-01 2.732788001142003598e+00 2.969317756282821907e+00 3.046548002764450036e+00 1.414294040915421213e+00
-2.473043168382742962e+00 6.115311663893291394e-02 4.463967904191037950e-01 -2.924607820789665080e+00 -2.719717425496072760e+00 -2.770432177934451179e+00 2.389170759533280286e+00
-1.405631237428875746e+00 1.417151731098960310e+00 1.240859871662014724e+00 -2.266959828839948177e+00 -2.117159259623719425e+00 -2.285170725250146528e+00 -2.980199089266206691e+00
-5.857984456209582858e-01 2.174413526476016489e+00 1.838844917255240352e+00 -1.601372051103526761e+00 -1.486566976892946590e+00 -1.787215394111333788e+00 -2.090058822496550395e+00
4.468858736491481548e-02 1.373482866474246222e+00 2.277076994010460265e+00 -9.438787679706779343e-01 -8.474081919885685377e-01 -1.283294825639717862e+00 -1.215081597682880599e+00
3.677071423271235928e-01 1.830008215482893608e+00 2.676845481999231779e+00 -3.151958845785751140e-01 -2.304270621425789090e-01 -8.116737357380228168e-01 -3.599223366311865013e-01
7.722014342076519156e-03 2.509519176563775211e+00 -3.123680985102266661e+00 2.550559315099831248e-01 3.318131782894911397e-01 -4.164686923610506630e-01 4.592659862131491244e-01
1.499444489077455811e-01 -3.050591817387293236e+00 -2.506231010222268019e+00 7.377089555713063351e-01 8.285443657979779664e-01 -9.167967903188811718e-02 1.213016064008367145e+00
7.000871508281788502e-01 -2.303906519192435276e+00 -1.750866142680497006e+00 1.104144202573007938e+00 1.260878485662965787e+00 2.360569736054343171e-01 1.816363108033494544e+00
1.335870968693977812e+00 1.695639971650331423e+00 -6.544294133579608985e-01 1.395326892519555662e+00 1.647777933592990074e+00 6.027747849508545697e-01 1.772385768397279238e+00
1.967475827898464535e+00 2.373123952171481754e+00 1.820315169154380852e+00 1.709551006124458539e+00 1.987261440653654843e+00 9.934960222421014286e-01 9.676633862060056712e-01
2.544512581307790455e+00 3.064280818663455364e+00 2.872501810580923021e+00 2.112726042203759480e+00 2.273837066037550425e+00 1.419116451620909158e+00 1.353464053229925579e+00
3.045341596530465988e+00 -2.543832380044516395e+00 -2.716177690067846040e+00 2.616020227437190648e+00 2.556836183224299397e+00 1.902956364446100057e+00 1.950687437233014299e+00
-2.766465916459794894e+00 -1.881954068646606304e+00 -2.094471637805815689e+00 -3.084585511187221574e+00 2.878792931320158122e+00 2.418030481310974089e+00 2.602652741232723166e+00
-2.255936424053317957e+00 -1.206940343387735037e+00 -1.489672721255704158e+00 -2.431622540570158808e+00 -3.057636864954025757e+00 2.895702206879695151e+00 -3.044570233505834445e+00
-1.690318402891628047e+00 -4.498763588739025931e-01 -8.797098344730925890e-01 -1.747881640961317151e+00 -2.840313172304044453e+00 -3.063064622632300615e+00 -2.911460202993827018e+00
-1.124454104389089215e+00 8.585460739311188139e-01 -2.610095103352538803e-01 2.631416891580256934e+00 -2.881557810931039576e+00 -3.022600937443766345e+00 2.548187477962473579e+00
2.837420447047707572e+00 -3.045436645294121725e+00 3.527321622721748540e-01 3.016117223913686640e+00 -2.798549445698606863e+00 -2.883823137378691559e+00 3.116888594750914621e+00
-2.782565080136965463e+00 -2.126734797570317692e+00 9.540070543127975311e-01 -2.513263465447050926e+00 -2.440817361461870227e+00 -2.396477268747555733e+00 -2.412478092426021625e+00
-2.103270094793434630e+00 -1.429450337457295328e+00 1.555611245282663369e+00 -1.776314111831676978e+00 -2.039019629753208829e+00 -1.725594221032070941e+00 -1.630863673467935149e+00
-1.427135004352516834e+00 -8.116348529930205169e-01 2.198120893057820879e+00 -1.059958495283254143e+00 -1.650090341123122251e+00 -9.626632840469684371e-01 -8.173226821202150827e-01
-7.423158542970117457e-01 -2.398327012792682011e-01 2.906876873181026166e+00 -3.790110583097768271e-01 -1.210017139282321130e+00 -1.407303649838698989e-01 1.051178022952007213e-01
-5.719259883748608470e-02 2.854323204300032724e-01 -2.578914209508680333e+00 1.754881174869825922e-01 -6.645899697885856439e-01 7.162355971620080197e-01 1.333806291681020939e+00
6.017422834886265726e-01 7.666624820825352904e-01 2.620100055537077921e-01 4.020649857807290783e-01 -2.626413373898775147e-02 1.565427500216363788e+00 2.987006345467202451e+00
1.229106653264348870e+00 1.230510624263805086e+00 1.527316961631867143e+00 4.062432885056251330e-01 6.083131554460993184e-01 2.201200752022092200e+00 -1.746417937855225366e+00
1.904421791574584022e+00 1.745658245690413057e+00 2.148046680906827710e+00 8.166985188386861605e-01 1.207265017055918266e+00 5.016507171403192800e-01 5.809488333778292787e-04
-2.241621829708924096e+00 2.355944069037921196e+00 2.721084896590961311e+00 1.438593854677521211e+00 1.823936248234450996e+00 1.202914847777545981e+00 1.557260144783982891e+00
-5.684825803461148741e-01 3.063930929968771810e+00 -2.944605427661732389e+00 2.113571601842066272e+00 2.507785551627356835e+00 1.987702303310938889e+00 2.662840682931882252e+00
1.184858721642273183e-01 -2.418949295619662543e+00 -2.264803484314819482e+00 2.769446526756616400e+00 -3.089946217153953345e+00 2.765946809613025970e+00 -2.682263539213000314e+00
7.511762172313042329e-01 -1.544793805545980225e+00 -1.544068330415434120e+00 -2.944242331228596576e+00 -2.608874880164314458e+00 -2.764454372110541236e+00 -1.812991148760984439e+00
1.366780317002666889e+00 -6.147452512394401269e-01 -8.202633903484998212e-01 -2.535427480616917251e+00 -2.843461663747740342e+00 -2.046169061717587390e+00 -9.773371280731953936e-01
1.949535901626343826e+00 3.279395503079796659e-01 -1.279126636662643590e-01 -2.299131674135111325e+00 -2.944037604844366829e+00 -1.352227537434049554e+00 -1.640598568832038195e-01
2.451130432910152646e+00 1.067513983464078775e+00 5.136051362406253151e-01 -2.024881806468058265e+00 -2.460274174061583441e+00 -6.254427998819053203e-01 -2.416818076103815827e+00
2.767847063410608488e+00 6.962394707510818348e-01 1.106811858682133609e+00 -1.663236266973548538e+00 -1.866077775456544074e+00 4.057642472461308603e-01 -1.756107329795503658e+00
2.896615701519872133e+00 1.176028138356667752e+00 1.684242462008285424e+00 -1.367369846538832201e+00 -1.272406339770334460e+00 1.888271621512572329e+00 -1.033006397473924531e+00
-3.076280043446818269e+00 2.117906028245451822e+00 2.274632702621381508e+00 -1.238732413699054291e+00 -7.506736840367910224e-01 2.821418934424903213e+00 -3.663171902539553715e-01
-2.511928023406073684e+00 3.085728992229350709e+00 2.870430631827059820e+00 -1.033707083347855216e+00 -3.714009340046342533e-01 -2.763869767949155953e+00 1.729650983460642721e-01
-1.817773268195669090e+00 -2.279715484289262406e+00 -2.847756476437707462e+00 -6.004313656662797483e-01 -8.538867020867406399e-02 -2.127982312132362885e+00 4.118937845233454076e-01
-1.062739749119929300e+00 -1.420267374893346535e+00 -2.352146134861661242e+00 -4.236025159805489881e-02 2.728904673521640456e-01 -1.544929564709990766e+00 2.801545748886146159e-01
-2.853388103225724670e-01 -6.372503615702461710e-01 -1.898526695895595751e+00 5.620388042837991538e-01 7.686934967234413385e-01 -1.031694390426886487e+00 2.816657468166602896e-01
4.712041849359527301e-01 4.236690555452096718e-02 -1.448136773169907299e+00 1.153073053777608159e+00 1.341866713283768053e+00 -5.939520498991879283e-01 3.396428310945019957e-01
1.145196999304279872e+00 6.006570211636270695e-01 -1.080587974321919109e+00 1.696435753219192044e+00 1.958330867241601325e+00 -1.941445969261920146e-01 5.121269330480229254e-01
1.648395306091574142e+00 9.384554015920054670e-01 -1.034843270370648716e+00 2.192273278957136196e+00 2.601274842405248311e+00 2.419767158155029796e-01 8.914990173423743558e-01
1.885526141647869025e+00 5.214399417709655316e-01 -1.241152017205325420e+00 2.699835284091997689e+00 -3.028983737724492364e+00 7.597123539063377340e-01 1.397057931418397514e+00
2.039701426617761992e+00 -1.082330647610683580e-02 -1.165470379628950948e+00 -2.972441615355096989e+00 -2.325972055907785219e+00 1.366666953645814031e+00 1.927102387250021920e+00
2.379787262094644529e+00 2.691093320097352470e-01 -8.559465609603185143e-01 -2.125708689594845602e+00 -1.369570432674858118e+00 2.081947844856580687e+00 2.237626611257710341e+00
2.824763197253416624e+00 7.090372203808564811e-01 -4.157990813050883583e-01 1.453261287143751412e-01 6.826892004558214877e-01 -3.009883483212707489e+00 1.018092792394602153e+00
-3.048749554444248222e+00 1.221941148779221109e+00 8.078629013969658434e-02 1.527458035372294853e+00 1.890886437596429381e+00 -4.639725297723929498e-01 1.327007436112782157e+00
-2.950810629557977016e+00 1.798357214064572052e+00 6.010217691165093967e-01 2.364057470083302803e+00 2.738276484467618843e+00 5.267685121977346840e-01 1.982094357740915580e+00
2.721188296142765584e+00 2.429724913228256788e+00 1.130210466076866593e+00 3.131238698992868219e+00 -2.717558638586569320e+00 1.344425759104449503e+00 2.694451823346964314e+00
2.646154917121796846e+00 3.091855251157877849e+00 1.674390879804180887e+00 -2.428676675998917123e+00 -1.845552326215758043e+00 2.124736165194902160e+00 -2.881302859313374487e+00
2.873475131774651192e+00 -2.494042747060406295e+00 2.235694350227046545e+00 -1.824674647460530430e+00 -9.262476361257835356e-01 2.875786078996196871e+00 -2.243081600758192629e+00
-3.020423342999690508e+00 -1.460246506922937559e+00 2.802955004895788527e+00 -1.497016231731865599e+00 9.884180368388741089e-02 -2.688055362908091439e+00 -1.770350114843965095e+00
-2.471099322473883309e+00 1.890208400407537015e-01 -2.928508267309032131e+00 -1.664157292794533172e+00 1.407523529934412210e+00 -2.009418368682846179e+00 -1.596655460476410493e+00
-1.849288411477863825e+00 1.283640695836145040e+00 -2.451030275353011323e+00 -1.576643474769410025e+00 2.819613741844603005e+00 -1.393514578552875305e+00 -1.317210535707167729e+00
-1.233035283601235932e+00 2.101201245525450290e+00 -2.266285054625752693e+00 -1.081729063163485494e+00 -2.390488088120059640e+00 -8.431528095529376987e-01 -5.972792248437661655e-01
-6.585454239151988798e-01 2.899017767672662060e+00 -2.890802540368849094e+00 -4.839518880500739972e-01 -1.547484626579392453e+00 -3.177272195429158286e-01 3.379565124153092737e-01
-1.334327979000568543e-01 -2.505009443939107516e+00 -2.637063054654555039e+00 4.774492796346777035e-02 -8.277951477669952540e-01 2.165540319039244710e-01 1.221450507789604512e+00
3.459454460446180768e-01 -1.521459485085262076e+00 -1.961293262292093775e+00 1.719381014152660259e-01 -1.672373139758232263e-01 7.556285305736835101e-01 1.474003681325305903e+00
8.194687400160141078e-01 -5.385187233058360556e-01 -1.192409099870254563e+00 -1.010130589961314718e-01 4.862745026411071647e-01 1.281580449982691272e+00 1.246274254341020349e+00
1.340119019739422823e+00 3.553336521335281883e-01 -4.292389390106949865e-01 7.951267890481637790e-02 1.132677262608017266e+00 1.809973487612295040e+00 1.712703177148835021e+00
1.856630388669987974e+00 1.139275656490377653e+00 2.762463795333687244e-01 4.691275483657520451e-01 1.791141324019716041e+00 2.456658954724343591e+00 2.349182726587909276e+00
1.046167650828548012e+00 1.738860064750654022e+00 8.964258625124821300e-01 8.726704456455016690e-01 2.497084038202249001e+00 -2.787869256347443425e+00 3.018186850813953992e+00
6.791148841112837342e-01 1.959487015074111493e+00 1.409611396741572653e+00 1.338017697277909868e+00 -2.801256334268505732e+00 -1.431660719744238142e+00 -2.613898251453738109e+00
1.434903854432300285e+00 1.945133064952600632e+00 1.818119826285375273e+00 1.903681077490684936e+00 1.464235912250545502e-01 -4.579728128109853968e-01 -2.021561456158877945e+00
2.371476112264984337e+00 2.219336372009935943e+00 2.173789717065290006e+00 2.570593228278521103e+00 1.070123319027159514e+00 1.980262174909944162e-01 -1.869861375704400919e+00
-2.847929354622628750e+00 2.645957818295156638e+00 2.541547313763997451e+00 -2.942136954429629636e+00 1.834275835562984014e+00 6.707109445424855876e-01 -2.550489262479172403e+00
-1.796533464862455576e+00 3.058854237176707347e+00 2.916177026075917667e+00 -2.081374467569988784e+00 2.586907440015448589e+00 1.019578523480617394e+00 -2.095340160993010681e+00
-9.376724575668867745e-01 -3.023541252587344186e+00 -3.081013910917443699e+00 -1.163070651217890106e+00 -2.910950707356739109e+00 1.204663864618078950e+00 -1.384405171675894053e+00
-3.122930933189803082e-01 2.911802869537539529e+00 -2.965696820954425217e+00 -2.750082141782661527e-01 -2.025077874738292483e+00 1.232164175487484803e+00 -6.298504591237049643e-01
5.679069695358213155e-02 2.987000284338947598e+00 -2.825256872876045655e+00 5.158157064245528778e-01 -8.295647913643326987e-01 1.397422532585127719e+00 1.402049924868621067e-01
1.745588245028878716e-01 -2.818923083585145317e+00 -2.460643309240671872e+00 1.212888032947035954e+00 4.983328484028766159e-01 1.795604724380185591e+00 9.585073370965988548e-01
3.735189412829933442e-01 -2.207313204078492852e+00 -1.955724006228514833e+00 1.821868165664215722e+00 1.475852632622194793e+00 2.349485574321406478e+00 1.828973840418091079e+00
8.033018838399781369e-01 -1.549704770756414440e+00 -1.396092003489759259e+00 2.349136535667393666e+00 2.230402995131829602e+00 2.991732067568844133e+00 2.718163683501745531e+00
1.366136738747997459e+00 -8.735022155790286291e-01 -8.323918254110960202e-01 2.831397092714495134e+00 2.879344026799849576e+00 -2.605120745472877086e+00 -2.693632305194587850e+00
1.991764272962147420e+00 -1.569984772417444829e-01 -3.215584192888831239e-01 -2.960399341199632772e+00 -2.817379434861619014e+00 -1.890681073237310494e+00 -1.828078315760911954e+00
2.642197574761725676e+00 8.044162597219336464e-01 -2.232805812791371913e+00 -2.444925291954913593e+00 -2.280511754484909837e+00 -1.147174767607838541e+00 -8.580130756488293375e-01
-2.986580437204410909e+00 2.810486289479594557e+00 -2.284636414613096189e+00 -1.981931953682019021e+00 -1.926445611034717675e+00 -3.766877987982937825e-01 2.976506526199681479e-01
-2.326989299083438656e+00 -2.408342933200568137e+00 -1.888611439885738763e+00 -1.683431725680536006e+00 -1.928328650612181949e+00 3.982540009878862697e-01 1.539995475873954245e+00
-1.618325266492082193e+00 -1.742763063533766976e+00 -1.440684823585121288e+00 -1.546649820714990575e+00 -1.825837632805482835e+00 1.137430689679670426e+00 2.658766563310918318e+00
-7.684731539265292621e-01 -1.134251445804118186e+00 -9.199460092288491708e-01 -1.312456587730917335e+00 -1.400070923421429470e+00 1.814974015611773295e+00 -2.737451369495017772e+00
3.075582099238445832e-01 -6.340612854373478546e-01 -3.757193201423318363e-01 -9.504024400724137012e-01 -8.864352978185195964e-01 2.445795046716579435e+00 -2.165769462140674229e+00
1.625009460437338182e+00 -5.139711837920362125e-01 9.444941139932286345e-02 -6.009263236837268929e-01 -4.359279188581993703e-01 3.070317342685219941e+00 -1.869000701766045047e+00
3.118494882942822954e+00 -5.745185257287902525e-01 3.745466539669863870e-01 -3.411762727885939150e-01 -2.064805575937901094e-01 -2.580581805901579706e+00 -1.487072207583310268e+00
-1.951605375419078969e+00 -2.348371599512404095e-01 5.512520978634302127e-01 -1.335776882898738471e-01 -5.168482646093632837e-01 -1.957326628656004042e+00 -9.026103263266106458e-01
-1.115992543360749822e+00 3.117109182757888952e-01 8.718199641936718036e-01 1.439686439360350900e-01 -5.929701068942454523e-01 -1.333880976359202997e+00 -2.118389713862379176e-01
-4.332987136464330202e-01 9.234730347903846726e-01 1.347189546635253476e+00 4.423450014447333767e-01 -2.725938372532150100e-01 -6.706334603326943311e-01 4.954151967303828119e-01
2.009590327579716673e-01 1.553492516614360719e+00 1.913976095610920636e+00 6.949883104485387042e-01 1.793577235161313843e-01 4.116041080375552885e-02 1.125754262441518438e+00
7.937661164920919443e-01 2.052363476162205380e+00 2.543568602918778510e+00 9.458181840836116239e-01 6.622030851447004984e-01 7.441892202224624775e-01 1.133061062482966230e+00
1.336736599464104724e+00 1.373177088806895263e+00 -3.063994977839052058e+00 1.322539344765005564e+00 1.170762440795458437e+00 1.150877615458550718e+00 4.222323968385856552e-01
1.831999231947138984e+00 1.389637507669609251e+00 -2.364009502261479323e+00 1.830523935922404588e+00 1.702909845268617550e+00 2.698590651173057298e-01 9.230034768316683902e-01
2.218743814135260006e+00 2.085947120755006434e+00 -1.658321509960404061e+00 2.455059334002005489e+00 2.276813398082561335e+00 4.771401734637111813e-01 1.627433714052367586e+00
1.869652325625457800e+00 2.900587993693065858e+00 -9.760762187935742018e-01 -3.037247778294189793e+00 2.901848801764178365e+00 9.208561143383152681e-01 2.369056854585591232e+00
1.126844939074959528e+00 -2.542831451838065249e+00 -3.414119968790926274e-01 -1.656797418594075921e+00 -2.736614352961363128e+00 1.437414522793353466e+00 3.084184918747399973e+00
1.483532725306122124e+00 -1.714881219335897766e+00 2.486166951330850416e-01 3.562985742595441985e-01 -2.114524161104475386e+00 2.136127044720018908e+00 -2.566860914200981725e+00
2.022003359947248669e+00 -9.448285656963333334e-01 7.761826385540522288e-01 1.256800171367111529e+00 3.128708997857924778e+00 2.957087666458315667e+00 -2.187617910331915105e+00
2.573606468272816805e+00 -2.282959125625735886e-01 1.110215537786545692e+00 1.855818325378146838e+00 2.771166367271060249e+00 -2.492184084809636602e+00 -2.118150315107628856e+00
3.003226456465174721e+00 4.755318421697594111e-01 9.165617739606951586e-01 2.242576416213253765e+00 -2.860159205134276572e+00 -1.727783694869908571e+00 -1.725142356688317058e+00
3.063551815243139131e+00 1.145215690321611746e+00 8.920283909503338160e-01 2.322714697966473008e+00 -2.164994119284875840e+00 -1.096562243559862537e+00 -1.012372942548969812e+00
2.896161660887685230e+00 1.781088481952380453e+00 1.270418254271994174e+00 2.301563193880005631e+00 -1.532545039616704408e+00 -6.025611065916723907e-01 -1.896761144988116099e-01
-3.122056527022555539e+00 2.371497006907087091e+00 1.726988342830255485e+00 2.586709974320192451e+00 -1.045190584701961800e+00 -1.349195685187732363e-01 6.560605744508667403e-01
-2.448299962516276018e+00 2.909083730863863959e+00 2.167247832979502409e+00 3.038060365042204669e+00 -8.310426765935915450e-01 4.123946354172823847e-01 1.517935520622218482e+00
-6.612645891285788835e-01 -2.847529375875378577e+00 2.620005933707153289e+00 -2.732628396404408022e+00 -1.059846090054690659e+00 1.048388709972916333e+00 2.406795850458974151e+00
4.943371422477244592e-01 -2.306779748305646027e+00 3.138421675295536506e+00 -2.220119968642595865e+00 -1.141733038642729126e+00 1.744174252439823380e+00 -2.941933491656738120e+00
4.194747720485944575e-01 -1.737862690918055009e+00 -2.555002518912244280e+00 -1.707896884500712309e+00 -9.301188993214721812e-01 2.499848267856836337e+00 -1.939558767461255329e+00
3.554330424767769558e-02 -1.165064845579814046e+00 -1.891666077859727402e+00 -1.196760083862786539e+00 -6.470975877480350524e-01 -2.444394020838294601e+00 -8.796166174934051396e-01
-6.122209130587546316e-02 -5.966579316487538032e-01 -1.146307953897064635e+00 -6.884057476789989805e-01 -3.985310882167327207e-01 5.444306710454632769e-01 2.432091867692544596e-01
1.700352292408245647e-01 6.042606583188482594e-03 -2.887994063008965662e-01 -1.875352001267260316e-01 -7.671996420948830331e-02 1.351070515077005041e+00 1.560929704286956987e+00
6.365143948858795753e-01 7.059422025105652754e-01 7.901342271472203693e-01 2.501729665032348393e-01 3.127127975004610483e-01 2.084342088151877714e+00 -3.127800258945244050e+00
1.206067302148526865e+00 1.770698972774115365e+00 2.255641394157700486e+00 5.320378265458044487e-01 7.606603598286060253e-01 2.772025252932551975e+00 -1.871165550703700386e+00
1.768994973102226309e+00 -2.060775010496129767e+00 -2.640923508647326390e+00 5.405679572993820070e-01 1.209420511556849709e+00 -2.882599499096343276e+00 -9.292466713359334163e-01
2.123774377979395833e+00 -8.788071159066154214e-01 -1.604798201667409829e+00 6.526416778166882482e-01 1.666974392518848047e+00 -2.771991176098833165e+00 -1.141537807748182892e-01
1.873265353692183277e+00 -8.604989059124844297e-02 -7.419865945671728635e-01 1.011066250175851833e+00 2.123647121769269841e+00 1.934566382440995769e+00 5.997973679096775257e-01
1.844973790326809304e+00 5.827105650262929259e-01 1.380127022413025865e-02 1.476436390621404415e+00 2.524222018516086852e+00 2.547570564285533301e+00 1.232057304297396572e+00
2.202012010814943466e+00 1.141163937057290356e+00 6.676373610334643827e-01 1.961843999373304337e+00 2.836803435743098234e+00 -3.095128885259152973e+00 1.785805169697052275e+00
2.611121925340250005e+00 1.568983547129865874e+00 1.156384525449493328e+00 2.483513896579725877e+00 3.105294654742098093e+00 -2.475519873487481703e+00 2.299028908137738192e+00
2.992231442375758110e+00 1.655625896422219911e+00 1.280635081178001622e+00 3.119755614419517098e+00 -2.756823132688615452e+00 -1.830714877118138073e+00 2.849137776167594893e+00
-3.017309859669153660e+00 1.334865716024963955e+00 1.174492244725438894e+00 -2.360767602191100600e+00 -2.162438681537320218e+00 -1.095027054346581208e+00 -2.802046574301785498e+00
3.092850118361397449e+00 1.437760107886564720e+00 1.435589748889440020e+00 -1.240895184195356160e+00 -1.389281383659973557e+00 -2.845757143290230662e-01 -2.061640664197247119e+00
2.423940643267453066e+00 1.800830969437366536e+00 1.858882218513320916e+00 9.899877113193060463e-02 -4.798098329256342276e-01 5.284084628790552962e-01 -1.149715008696981178e+00
2.056485362967705566e+00 2.239877016735202897e+00 2.290084476657168633e+00 1.107912794842455195e+00 4.718669916962245359e-01 1.312814699243061600e+00 9.945856603782163852e-01
1.941076674245601152e+00 2.727141991163523294e+00 2.746600551899628595e+00 1.865206846951305675e+00 1.383414634698476586e+00 2.089635381409181036e+00 2.483207742087941039e+00
2.057552207966188096e+00 -3.008486365124434236e+00 -2.992865099536151430e+00 2.516460182644451482e+00 2.167661028036087512e+00 2.885746080792435109e+00 -3.057720885825552237e+00
2.262402045643462145e+00 -2.419596554478580686e+00 -2.348920337985235918e+00 3.103828363952548575e+00 2.807478985774302327e+00 -2.587098473395426534e+00 -2.435443467858126265e+00
2.582858675276201055e+00 -1.811168425292913664e+00 -1.638577702294916838e+00 -2.627517049610347044e+00 -2.935605619476743922e+00 -1.803074112629056369e+00 -1.825674606889064133e+00
3.114383640358246108e+00 -1.234422782707707000e+00 -8.867558317866263140e-01 -2.113556157011028169e+00 -2.532495164601203275e+00 -1.127867571911125744e+00 -1.215294060946962462e+00
-2.475925421859086484e+00 -8.051623688952531666e-01 -7.749073113732213303e-02 -1.606652994727143513e+00 -2.212136974016279733e+00 -1.149935000035320121e+00 -6.253037312391120928e-01
-1.718983862222365877e+00 -7.796644731478777901e-01 1.019695480111052488e+00 -1.102816715936364655e+00 -2.052379136835956075e+00 -1.971843513047676577e+00 -8.567429956375427480e-02
-9.773985908031551650e-01 -8.603734895573680319e-01 -3.111457790061863626e+00 -6.314633877601318890e-01 -1.909426310369669366e+00 -1.507514647537041341e+00 3.633106312886244527e-01
-2.834623216652623623e-01 -5.181809123025963304e-01 -1.944258178454394637e+00 -2.754759683540212722e-01 -1.609460489109209469e+00 -9.336270807097329927e-01 6.919941684051849062e-01
3.654021949745200337e-01 -3.074664155599109508e-02 -1.152732703787395341e+00 -6.518516888546475041e-01 -1.123448515752225152e+00 -3.915009289005486059e-01 8.210748665951019820e-01
9.720109840333229778e-01 4.480705570483806133e-01 -4.619729846147510033e-01 -1.296744656239976479e+00 -5.183779621221296097e-01 7.883253150558103273e-02 9.069610757994933659e-01
1.515110871029792916e+00 6.824616733926838208e-01 1.456640962130003047e-01 -1.157578735721745078e+00 1.151625710190343488e-01 4.795574452108160024e-01 1.177178497896396614e+00
1.848685436947847593e+00 5.226727466903554609e-01 6.517289529215838373e-01 -8.669277796747252296e-01 1.135091326136565826e+00 8.548975588194801523e-01 1.590212036624828462e+00
1.189389361136005352e+00 5.582625381920350849e-01 1.055649986286560482e+00 -5.599590629126290908e-01 -2.051926243802482119e+00 1.304830004068654237e+00 2.016534614911431600e+00
7.025741222961301435e-01 9.156350702033373423e-01 1.319200066591135645e+00 -2.071424979071447570e-01 -1.332372131215090905e+00 1.892970976720312226e+00 2.319153570650767104e+00
5.260826226582469012e-01 1.389096215287497271e+00 1.486240716106530080e+00 1.983712996052258704e-01 -7.360247053548317764e-01 2.722077860762800672e+00 2.429498393636468467e+00
2.942772569569846453e-01 1.935972860428082143e+00 1.738901944105279318e+00 7.413364270467928119e-01 -2.281528610019109560e-01 -2.253094852701246431e+00 2.590950866694492927e+00
4.072243433917206445e-01 2.534736101294882804e+00 2.100647816433720561e+00 1.412619742801709766e+00 6.574051954277790322e-02 -1.082332439651252587e+00 3.007493374570906930e+00
6.944085317673276414e-01 3.110714293420058230e+00 2.430286272293157523e+00 2.259893596805042648e+00 1.564243805987231839e-01 -3.613657971099623056e-01 -2.705486841724711766e+00
1.013527728110840798e+00 2.180163301368148066e+00 2.275293651192276556e+00 -2.769685970256636320e+00 2.502375425742106030e-01 1.460075060054052687e-01 -2.032898999387709793e+00
1.339377765457673286e+00 1.671832881966155870e+00 1.647143661073573684e+00 -1.142300054785051699e+00 5.919285772930906742e-01 5.653007819399235023e-01 -1.273220402933255446e+00
1.696327438656012321e+00 2.253983348387636365e+00 1.741891507829410379e+00 -1.392619074150143986e-02 1.057157282760446515e+00 1.000055696240331304e+00 -3.937493431613435790e-01
2.037491268319723492e+00 2.720022838686577238e+00 2.102567858768864983e+00 8.209308861320173678e-01 1.584525546095334247e+00 1.443147938438087419e+00 7.079914928966313248e-01
2.036757186857554913e+00 3.090942737552723418e+00 2.580983225695555827e+00 1.451170558944669509e+00 2.104604108324456657e+00 1.792211579553163014e+00 2.269795453098435889e+00
8.683974820733733058e-01 -3.057713127981065870e+00 -3.125565346466506078e+00 1.731532603614040156e+00 2.528606976208582768e+00 1.799160225825444659e+00 -2.118841678065424450e+00
7.850578839270833109e-01 2.449389030979704174e+00 -2.496614913294938898e+00 1.460375891636382040e+00 2.722031798913337131e+00 1.486855524134978790e+00 -6.619843443888293599e-01
9.969392616991772371e-01 2.382773448392883964e+00 -1.844004728611523314e+00 1.535703856138691537e+00 2.532270611980625752e+00 1.601325292414599977e+00 4.665156510102734244e-01
1.289602194436228810e+00 3.018973066423241036e+00 -1.216802292234682836e+00 1.932801427277897277e+00 2.540818603104636697e+00 2.003421491523908138e+00 1.360605614382709661e+00
1.619593152867589092e+00 -2.489909548000413420e+00 -6.432300664002424950e-01 2.427109762928098213e+00 2.807460765192915986e+00 2.534758905415159358e+00 2.123076746240860846e+00
1.920856758178771662e+00 -1.363763638576536374e+00 -7.208421100279009675e-02 2.984889286183316059e+00 -3.085651679903388622e+00 -3.139971256308402126e+00 2.832889495479420372e+00
2.101391633100565759e+00 6.105053682327657993e-01 5.953791337023972563e-01 -2.715073876366163930e+00 -2.670459077681874849e+00 -2.471010346391402379e+00 -2.752191914854845489e+00
2.106140695818899733e+00 2.109186562169778067e+00 1.437296954172782693e+00 -2.083534275749237885e+00 -2.217953073255821028e+00 -1.750895871368426393e+00 -2.021411453653119583e+00
1.955120116619331050e+00 -3.119524405146781643e+00 2.283325475431425389e+00 -1.411943579277475491e+00 -1.808215070762623444e+00 -9.779003732285749262e-01 -1.246274155936850869e+00
1.694022455360472579e+00 -2.082776731513172219e+00 3.056340930352616336e+00 -5.942650712580788142e-01 -1.539206991699599181e+00 -1.521319268825303550e-01 -3.078416880078387874e-01
1.588979879236938508e+00 -1.097259806823844164e+00 -2.484260053135009638e+00 7.994457463017039522e-01 -1.688374739477525477e+00 6.847750801839275203e-01 1.212777673802576839e+00
1.693821140413304338e+00 -1.938602590928849290e-01 -1.789455337211942831e+00 2.095317071608916670e+00 -1.991995634843775731e+00 1.428945435511244533e+00 2.494151373457491161e+00
1.796109034947601657e+00 6.752007423348944659e-01 -1.192860830561852215e+00 2.867351350457988612e+00 -1.915461848139993650e+00 1.903773823926575126e+00 -3.107555062713774241e+00
1.580513864086509956e+00 1.130065324977669539e+00 -8.016309713912371793e-01 -2.726372437007694050e+00 -1.669645770371992244e+00 2.938077174195213637e+00 -2.581581607798124622e+00
1.311178415310492840e+00 2.200998115941872890e-01 -5.780638707228160644e-01 -2.084307412203715959e+00 -1.409690311271433183e+00 -1.005863662523035940e+00 -2.127969994086797989e+00
1.372804299726513300e+00 4.762817782273390810e-01 -2.338770729654315317e-01 -1.462626582491255212e+00 -1.227348829490563897e+00 -3.783977570860327377e-01 -1.727543848454265341e+00
1.500492813026538697e+00 9.214903963114476904e-01 1.507242581499546596e-01 -9.072144388146383687e-01 -1.105021788855009124e+00 1.746781343268924147e-01 -1.406359497033023098e+00
1.527301999046826175e+00 6.983767827685646301e-01 4.995306883809222387e-01 -4.419658378534312981e-01 -9.125072623250658488e-01 6.542752712360300205e-01 -1.089453391741540322e+00
1.499886791469959624e+00 7.252909299420191580e-01 8.768327519094715194e-01 8.124208540202651485e-02 -5.530394946260156486e-01 1.006961305976619370e+00 -6.697118259319118083e-01
1.598699723358009361e+00 1.083103834522318065e+00 1.427736257449089941e+00 6.872656231973301999e-01 -1.969777452737015988e-01 1.250337365612726570e+00 -1.285523538382646047e-01
1.785459916607466058e+00 1.578664805990907416e+00 2.054772975911828059e+00 1.485016658879468432e+00 1.671168118258336277e-01 1.471898455567573372e+00 6.620541188074844374e-01
1.938564381014542537e+00 2.104932479209119744e+00 2.667634496130114830e+00 2.370526950137195943e+00 -2.977175757279709734e-01 1.766009022333736578e+00 2.292381554215952022e+00
2.005115692685298434e+00 2.609080576791928507e+00 -3.037948795767170029e+00 -3.074469692345773719e+00 -9.618649048929015510e-01 2.117696848720718172e+00 -2.331076566449978404e+00
2.026970666790748332e+00 -3.090540194463486046e+00 -2.513163238683543188e+00 -2.279960887179409035e+00 -7.982958609333959954e-01 2.454380848214696709e+00 -1.518204304120309933e+00
2.074431569475828407e+00 -2.448559964560560687e+00 -1.989322590755468356e+00 -1.640957426137061415e+00 -4.745375276561132338e-01 2.713023391865614808e+00 -9.167822148292992246e-01
2.095907403574966743e+00 -1.583486021176266911e+00 -1.457674859035712256e+00 -1.130556005819986609e+00 -2.386133370137716592e-01 2.795546849211760776e+00 -4.421691794796541175e-01
2.013397050121226606e+00 -6.479963753752771005e-01 -9.340850026070688372e-01 -6.910090774301103078e-01 8.685369730129915977e-02 2.670643958570591003e+00 -3.641619022870047021e-03
1.925877120005744958e+00 1.216128201711900170e-01 -4.465027249961827649e-01 -3.279385540817355560e-01 3.120161189051697814e-01 2.359460813487969322e+00 3.487398793237062034e-01
2.004884650580016636e+00 8.087038293569199787e-01 -2.849963135081278950e-02 1.221706588889036882e-01 5.460541960323767041e-01 2.282516803527700588e+00 5.966970498105528264e-01
2.214988990444580974e+00 1.251849813619650753e+00 3.526492205211970155e-01 4.846247334252682948e-01 5.424017566485940245e-01 2.455266213616436488e+00 4.466230900705386309e-01
2.512915988341951401e+00 1.510423343762124171e+00 6.574040316892524327e-01 8.939420028937166141e-01 6.410449218621648848e-01 2.802671130760352014e+00 4.440664571505112401e-01
2.854054690035250363e+00 1.407022235728793591e+00 9.032630690269054519e-01 1.144554734808700625e+00 7.681760715881713608e-01 -3.048569814371298925e+00 6.463924157596363518e-01
-2.983049447622987849e+00 1.410621476381850981e+00 1.158939475191455681e+00 1.418130519864054362e+00 1.165954050459680369e+00 -2.457418236468940531e+00 1.116549190184627394e+00
2.046821882595258213e+00 1.651972253085657982e+00 1.659713670127403118e+00 1.688444709792847442e+00 1.586383615855416318e+00 -1.704729908800637128e+00 1.669385234025624110e+00
