1.574665586170259868e+00 1.576388649316737389e+00 1.522681383945531319e+00 1.690540977183971005e+00 1.403487839871256915e+00 -1.470400925716872864e+00 1.742925058242218217e+00
2.280048557755371963e+00 1.999996572985518473e+00 2.360568996487485638e+00 2.492811468072658077e+00 1.073041606737989317e+00 -1.029123881178933164e+00 2.100441092907643803e+00
2.831326172474287972e+00 2.259784548093486833e+00 2.892349699849043443e+00 2.806393969412825928e+00 1.425210115106358755e+00 -1.553213686576377650e-01 2.266155851579908731e+00
-3.065631785505328111e+00 2.339920918967029362e+00 3.096571770063305085e+00 2.771648530735936422e+00 1.793197852545153514e+00 7.231281887135483366e-01 2.336677267743953568e+00
-2.678804212973088905e+00 2.467725371281553670e+00 -3.014096459295997121e+00 2.651077546736477331e+00 2.175280173656178206e+00 1.444358136310721408e+00 2.545880831712611148e+00
-2.380352265665462319e+00 2.575160799880651830e+00 -2.934260972642645626e+00 2.852565172638634294e+00 2.557063392909114885e+00 1.994843256029394274e+00 2.897280001127866544e+00
-2.088817225006110334e+00 2.691468219401833117e+00 -2.897307240782713844e+00 -3.138421152270832959e+00 2.844204983368267659e+00 2.381926377101886594e+00 -3.023097789333759167e+00
-1.825763434655018225e+00 2.803029905378460640e+00 -2.955902680738417221e+00 -2.864112430799933939e+00 2.999164950252645401e+00 2.571953199659024580e+00 -2.729737069823334306e+00
-1.566734826854279117e+00 2.950139560292787788e+00 -2.912475316389354862e+00 -2.722369780035904796e+00 3.028135056290526705e+00 2.594655539282125112e+00 -2.563517578152390453e+00
-1.344441638944730011e+00 3.077290645175843942e+00 -2.877080993088342975e+00 -2.784373909613219844e+00 3.096363059233972148e+00 2.697895610317203374e+00 -2.576485202204747971e+00
-1.127316991361746901e+00 -3.057721460360385279e+00 -2.815827233953616560e+00 -2.890506412978998352e+00 -3.012687446025904325e+00 2.955246597956403765e+00 -2.701532517140739831e+00
-7.588823323023632383e-01 -2.841460133612744965e+00 -2.687872095100119374e+00 -2.719916076224926371e+00 -2.706146337995396500e+00 -2.952906790076507360e+00 -2.594796095270588854e+00
-1.794236411823496302e-01 -2.505384045838293439e+00 -2.399880680472340710e+00 -2.330931827560111191e+00 -2.289672862924087671e+00 -2.502179816619641617e+00 -2.237524010480162584e+00
6.609437177957615539e-01 -2.081429190547070984e+00 -2.002552790650193426e+00 -1.823203275695230330e+00 -1.791647465089490243e+00 -2.000111629329156315e+00 -1.757359811850127906e+00
1.641310116811822484e+00 -1.615944221906707057e+00 -1.549082204434971688e+00 -1.270372899581033277e+00 -1.253168232582092312e+00 -1.473739638313524392e+00 -1.248412637012724424e+00
2.609761919550631415e+00 -1.171610653142543867e+00 -1.111074858432087309e+00 -7.244913092018483436e-01 -7.040130920168575779e-01 -9.487229680286104472e-01 -7.825448404744735909e-01
-2.820200891073926464e+00 -8.203191382497949657e-01 -7.698435747504983606e-01 -2.398194731271574287e-01 -1.555039994914958479e-01 -4.620780464042924529e-01 -4.465112091272940287e-01
-2.180442358873404984e+00 -6.360515510223634372e-01 -6.627250935589601433e-01 -1.779210056529285239e-02 3.902884134307139652e-01 -9.565907728820806366e-02 -4.667746751824641827e-01
-1.806238976252766637e+00 -6.305124892867184361e-01 -1.625451852554083532e+00 -9.171848318861953731e-01 9.428344295696439170e-01 -7.658783212433812465e-03 -8.399404054517616292e-01
-1.501692149963212985e+00 -6.354443586745590622e-01 -2.201882081343672581e+00 -1.035081832341163022e+00 1.435928823455040249e+00 -1.244320630942326311e-01 -7.266811994087679638e-01
-9.153332673672720521e-01 -5.960225020626523929e-01 -2.028890308203783022e+00 -7.376031846138915160e-01 -1.073257768648864019e+00 -1.912109681712525697e-02 -3.236025608708806844e-01
-1.039488315782042399e-01 -5.338054876518060210e-01 -1.691280243458192167e+00 -4.688798368028703756e-01 -5.713468848873677342e-01 2.090476266979000297e-01 1.536765974440899296e-01
7.655927146272588635e-01 -4.372709639148951166e-01 -1.292291229404469277e+00 -2.599470109051237321e-01 -1.504974538039459409e-01 4.123517821388604787e-01 6.193032346991473869e-01
1.590271784504132091e+00 -2.757450978410775355e-01 -8.951138308197366111e-01 -3.661173598560562431e-02 1.110992876675094831e-01 5.648721527391556974e-01 9.668590222639559251e-01
2.257358407743358164e+00 -7.325701412334068019e-02 -5.411799961101545486e-01 2.482847282468610695e-01 2.004551956474680541e-01 6.961691788292737604e-01 9.308155335115724238e-01
2.668148489315612881e+00 1.793870271164398067e-01 -2.128183859713577153e-01 5.512818040146799659e-01 2.596796780451421371e-01 7.696857343030025778e-01 6.133111845156823394e-01
2.936961667685316968e+00 4.598275086968791059e-01 1.038322237550512034e-01 8.211671443901864542e-01 4.292260148951398957e-01 7.448995430602857182e-01 7.340868720579504236e-01
-2.948019776325601082e+00 7.481687589358284596e-01 4.160585140685590377e-01 1.017427520989082179e+00 6.731444169491562768e-01 6.115280608141214769e-01 9.940880797584003004e-01
-2.393326353964570608e+00 9.519892636810988185e-01 6.227461291225215856e-01 1.190948168716859490e+00 9.382423171616994795e-01 2.608538250419143445e-01 1.115856207626716667e+00
-1.776734907658396034e+00 8.551689211341999552e-01 5.846829546391888455e-01 1.402864415692995914e+00 1.141164425321548936e+00 -1.423371494137656568e-01 5.306810866874117627e-01
-1.129026272328628400e+00 5.416911998322421207e-01 3.946144827577115488e-01 1.639277146898240112e+00 1.199430274360526516e+00 -7.226754193700660189e-02 1.571979769060887766e-01
-4.551323441864219554e-01 6.396032158649502808e-01 4.953139284531133391e-01 1.869777207958364107e+00 1.198909075398310708e+00 2.360109023361239844e-01 4.278942121610662674e-01
2.385775455617391572e-01 9.569126388698901975e-01 7.821288019998727803e-01 2.111601759085754981e+00 1.354173137129370597e+00 6.292672827979801653e-01 8.393748635059185004e-01
9.487398342250626948e-01 1.340525697841318253e+00 1.168246954741412047e+00 2.396652182887168525e+00 1.666515006537761856e+00 1.058322058389552289e+00 1.200218608819453747e+00
1.639853630235226456e+00 1.722314407647478784e+00 1.623959965643515746e+00 2.682706963257072807e+00 2.076318006201054445e+00 1.510912145133465945e+00 1.346269685620800072e+00
2.304037046743618866e+00 2.065761243664523850e+00 2.165339670455409316e+00 2.852356526028430928e+00 2.550091786462909571e+00 1.980130265544544299e+00 1.419715354500346471e+00
2.949668272976307737e+00 2.333938185460578740e+00 2.793091828077950201e+00 2.834231083669470852e+00 3.063853053784752589e+00 2.457029080917171093e+00 1.758587921723828496e+00
-2.713197326411989962e+00 2.443816840249500633e+00 -2.801777528911343573e+00 2.875607628725778575e+00 -2.665830973926322844e+00 2.918935558360036264e+00 2.267918301896029831e+00
-2.121431369513262943e+00 2.401663951175711631e+00 -2.031908672891177936e+00 2.980811652795532840e+00 -2.026356308514222437e+00 -2.971819577825605130e+00 2.836389616470170960e+00
-1.588371895204901296e+00 2.453232152876587691e+00 -1.130431966802825761e+00 -3.134790557900416719e+00 -7.029870755286867778e-01 -2.744685079847867915e+00 -2.829916043595589237e+00
-1.158663827798775747e+00 2.702445945674128769e+00 7.498489365892442582e-02 -2.793589428039913614e+00 1.380356442635331637e+00 -2.806737532325089379e+00 -2.110869065562513303e+00
-9.356877115599182559e-01 2.949549977016006519e+00 1.555447568591532992e+00 -2.297797373918700536e+00 2.106646346740979947e+00 -3.034937142501759055e+00 -1.088485595977089382e+00
-1.199207575568604689e+00 2.755901147198443368e+00 2.587629379839916588e+00 -1.802821175641308615e+00 2.647853351680299561e+00 -3.078419073550372254e+00 4.157783739760415598e-01
-1.701515902240635203e+00 2.310645906187902110e+00 -3.127407473260874315e+00 2.324953516958417232e+00 3.089905316978070804e+00 -2.847157279655209372e+00 1.404628285729081938e+00
-1.604237589636999139e+00 2.520598798002712027e+00 -2.865211696673609865e+00 2.775856160639655013e+00 -2.902158026235684751e+00 -2.424010381862329311e+00 1.664831529906501739e+00
-1.109648601862080142e+00 2.846003476382374497e+00 -2.977043065613809159e+00 -2.967089573086941989e+00 -2.912026111010301843e+00 -1.882040083640348804e+00 1.206468766530339298e+00
-3.957334949416637104e-01 3.068641069914041619e+00 2.206458855914461115e+00 -2.491265974588085186e+00 2.923499234326301099e+00 -1.260324798087857134e+00 1.355751966659484831e+00
4.441675212947390206e-01 3.113240120993781446e+00 1.902999345273016951e+00 -2.160327750944689651e+00 2.866200111526749694e+00 -5.636781991870082331e-01 1.742376606307422859e+00
1.278884228884459295e+00 -3.075181690064001661e+00 2.344198008375218745e+00 -2.237227465694600514e+00 3.124541614101967291e+00 2.353791592717619230e-01 2.165846969684137591e+00
1.981308429767789203e+00 -2.872667000438036577e+00 2.886543250848714770e+00 -2.531520831866605370e+00 -2.818848765726432060e+00 1.164103418792013400e+00 2.639872749572738098e+00
2.423944476238498069e+00 -2.793632097418745630e+00 -2.950943132541715475e+00 -2.351663650755072332e+00 -2.447401235480030746e+00 2.033595010830686611e+00 -3.111578568015761270e+00
2.546216240646362206e+00 -3.126786174991472045e+00 -3.045447213382575402e+00 -1.985059136929590462e+00 -2.028601690032686200e+00 2.486546615366290514e+00 -2.591875958905347055e+00
2.680602438826871659e+00 -3.130030542443613673e+00 3.020284995157061392e+00 -1.794249928977922792e+00 -1.594309973885421172e+00 2.830654310526647954e+00 -2.378356679818633967e+00
3.015695946515631665e+00 -2.787804676976057383e+00 -2.971496699756457804e+00 -2.239654293153545250e+00 -1.259963579087822971e+00 -2.945921538014982577e+00 -2.911499961241616141e+00
-2.826477890883633215e+00 -2.352070848786808277e+00 -2.595662009363942868e+00 -2.175575690649941052e+00 -1.426914766703769155e+00 -2.362865462529374572e+00 -2.725501528974628940e+00
-2.371188375187451403e+00 -1.928549299231471448e+00 -2.314806832457692032e+00 -1.695250378874206598e+00 -1.941159985345675798e+00 -1.781683300106839729e+00 -2.228469747659544087e+00
-1.950158264698757415e+00 -1.557737151332426739e+00 -2.091347307392426469e+00 -1.140178385104158698e+00 -1.771098754891123672e+00 -1.303520765339720500e+00 -1.755804833822213418e+00
-1.589404969509450982e+00 -1.254234527006503397e+00 -1.807942878405706555e+00 -6.006453616269492590e-01 -1.342038832031537288e+00 -1.294804935492763764e+00 -1.785027544432323365e+00
-1.280141502982393042e+00 -1.024163402511391263e+00 -1.426670138139245259e+00 -1.050909902726226558e-01 -8.040821073473709557e-01 -1.925393385507918165e+00 -3.043173126246699223e+00
-1.005706403690170614e+00 -9.354732400467822284e-01 -9.777258454008348476e-01 2.552721223003412976e-01 -2.111165762491150621e-01 -1.758720580109800702e+00 -2.786563311887731320e+00
-7.622702930497261553e-01 -1.269360706735207289e+00 -5.044112794950488254e-01 -5.173365405156430397e-01 4.097712130063283498e-01 -1.355385200739508189e+00 -2.370144245161913243e+00
-5.223392120050699416e-01 -1.667266579652441960e+00 -4.952072333903034806e-02 -8.309788445380835720e-01 1.033857693138073630e+00 -9.204198771546542313e-01 -1.997568619690662572e+00
-2.346711690160918906e-01 -1.581621892431234189e+00 2.662259906151007716e-01 -2.876635417116630775e-02 1.632980256336778124e+00 -5.070760284619587610e-01 -1.892142165352739713e+00
1.810165427166794128e-01 -1.358751686813689519e+00 5.269337694090561047e-02 1.411233612075014188e+00 2.169326980793391257e+00 -1.917915304374824548e-01 -2.276839797036919855e+00
9.055499593632591049e-01 -1.292950580313018349e+00 6.999145310878579496e-02 2.682453156895807656e+00 2.631772575887903809e+00 -2.659149349409650198e-01 -2.294428568903818633e+00
2.404299339938794855e+00 -1.752061217791754499e+00 1.661162579916985571e+00 -2.842125813704527548e+00 3.049201009177869182e+00 -7.633225412063207038e-01 -2.001067639775836238e+00
-2.804609440915076135e+00 -1.910946034362148049e+00 2.974394662962811964e+00 -2.328907261505368975e+00 -2.807376435821208993e+00 -6.614844010533256213e-01 -1.657300956604054853e+00
-2.195659157234139514e+00 -1.633814852477840862e+00 -2.563892106276880245e+00 -1.914625222204288768e+00 -2.318060137505333351e+00 -2.933080441329976029e-01 -1.319640936166164069e+00
-1.712746867311946142e+00 -1.249323130546063698e+00 -1.934114671716828271e+00 -1.557722736978734313e+00 -1.790891025320359597e+00 1.839611580667446233e-01 -1.001008326569730933e+00
-1.299308565157789586e+00 -8.617797776264408682e-01 -1.352422470755243022e+00 -1.359850997399540296e+00 -1.290952876961168228e+00 9.376857900155037839e-01 -7.424409968857015318e-01
-9.519253769160839207e-01 -5.184039272424761924e-01 -8.107031101950039620e-01 -1.419170325318944714e+00 -9.106016339942725191e-01 -2.894965308072300125e+00 -6.088688519233563801e-01
-6.710286363254740483e-01 -2.593189634228704188e-01 -3.360453764079648353e-01 -1.425703637304953864e+00 -7.937834851504028677e-01 -2.150284287143592099e+00 -6.471914234812699007e-01
-4.543940973324007704e-01 -1.474317831583251692e-01 -4.258986390041444303e-02 -1.220172658974338242e+00 -9.487686898235460076e-01 -1.663845697011243185e+00 -7.324304841688403789e-01
-3.002481461133074681e-01 -2.188398494269691019e-01 -4.262469566476156380e-01 -9.320801254259831747e-01 -9.831550251057270540e-01 -1.214999179186489808e+00 -6.769178754544337151e-01
-2.181069216379685205e-01 -3.853501213690041505e-01 -1.021325880729667679e+00 -6.378476154779257890e-01 -8.425872352611573080e-01 -7.903386721827155847e-01 -4.963788437442281376e-01
-1.966802636928050851e-01 -4.466823787516071009e-01 -8.993530373601198447e-01 -3.541183033042479278e-01 -6.768923879488403239e-01 -4.061453749788799805e-01 -2.524915801912808178e-01
-1.992605101660598066e-01 -3.532711629769284545e-01 -6.296453586972855510e-01 -8.198834723655255841e-02 -5.487190587697692301e-01 -1.054377209664693199e-01 8.179468808240631175e-03
-1.724393441835510021e-01 -1.586789795383605206e-01 -3.447102349270023680e-01 1.446425880685494880e-01 -4.004866856934612973e-01 2.967784815088076594e-02 2.226286438166646675e-01
-6.324991059825829653e-02 8.486336975076159972e-02 -7.447509582684490315e-02 3.128981312971750861e-01 -1.547676838388382659e-01 3.353902132438938560e-02 3.461882638798736145e-01
1.638715692460478435e-01 3.614547982411027149e-01 2.066640715492241709e-01 4.973951750993544363e-01 1.732576881491976750e-01 1.679572512815648289e-01 4.491457626885517751e-01
5.025954643790372378e-01 6.633766155745163262e-01 5.138625045942201153e-01 7.666935375624953641e-01 5.304729875153979535e-01 4.825996635910894672e-01 6.501648061821738711e-01
9.259516483797405328e-01 9.849784630130141716e-01 8.349177940857263058e-01 1.097554428361347645e+00 8.474982185260575562e-01 8.815079471086129104e-01 9.552784477568295740e-01
1.379030490892845684e+00 1.309971836349585805e+00 1.138326350553012567e+00 1.416593745218811762e+00 1.030170786287627926e+00 1.293222243488477030e+00 1.309944586199355498e+00
1.734662488621261822e+00 1.615766911574175735e+00 1.411427311920580019e+00 1.578134356642988623e+00 1.049630885732052432e+00 1.673248904543617410e+00 1.648849279311316529e+00
1.591138291772272284e+00 1.893203431483833299e+00 1.678548154609152077e+00 1.524399633945313859e+00 1.162914306068737691e+00 2.003113621658761279e+00 1.912586694392646169e+00
1.218302124163227251e+00 2.159094167859967328e+00 1.975885133894368151e+00 1.635322415288587239e+00 1.484333444870154173e+00 2.290396574059176960e+00 2.099241399797751928e+00
1.454982513739652150e+00 2.426847665184026503e+00 2.308332801447620763e+00 1.963259797350819680e+00 1.909554578521717838e+00 2.549243984561391230e+00 2.281423778899042354e+00
1.875704151538490461e+00 2.687256033726169502e+00 2.639018649725286547e+00 2.349805414267368331e+00 2.358909040323432293e+00 2.792458974796899085e+00 2.493187285866467651e+00
2.338463273839595402e+00 2.937992476232808237e+00 2.902411274320988444e+00 2.716713960806041328e+00 2.798493908610573122e+00 3.049090654136453082e+00 2.715872035166620346e+00
2.813070157060439058e+00 -3.090368124557862473e+00 3.055912937330607981e+00 3.044053611259307957e+00 -3.059701677749020909e+00 -2.932205816310031299e+00 2.955835346547089237e+00
-2.992720052949738196e+00 -2.830135418350593568e+00 -3.110833616571798910e+00 -2.960662582531148779e+00 -2.639290986896877023e+00 -2.594644258859504227e+00 -3.055520247369378328e+00
-2.531387163548435293e+00 -2.594090799736719077e+00 -2.940708992365805852e+00 -2.757984555214028077e+00 -2.218014187785521951e+00 -2.277456610733906039e+00 -2.781149511705249378e+00
-2.126821424665907845e+00 -2.385049103107441670e+00 -2.668062194755110639e+00 -2.602152780744452443e+00 -1.830912531068593641e+00 -2.049488062183772552e+00 -2.552809829043725998e+00
-1.828231136808940782e+00 -2.155904139997292468e+00 -2.279106595128729040e+00 -2.344764546910748759e+00 -1.558505812782937205e+00 -1.885407850253698392e+00 -2.338070397452457261e+00
-1.592471931365907256e+00 -1.884295406852534605e+00 -1.805262190822914725e+00 -1.945078048958197803e+00 -1.393310297518080887e+00 -1.643796525000655429e+00 -2.035501383464224823e+00
-1.250132379489240941e+00 -1.616305969536177445e+00 -1.301623914749595157e+00 -1.484510839142307637e+00 -1.095753452896534030e+00 -1.282278632250352102e+00 -1.624530308878476381e+00
-6.982078545571245298e-01 -1.446102894585546750e+00 -8.237337166259056653e-01 -1.086276302919185532e+00 2.284376572123100857e+00 -8.452555764837250685e-01 -1.136142560812004376e+00
2.322587943069212291e-01 -1.531839674749759794e+00 -4.788908563584554079e-01 -1.178131428075045450e+00 2.884842472942267477e+00 -2.756706203242254571e-01 -4.451939598024972078e-01
1.781226126587512448e+00 -1.987371428459618006e+00 3.088625069257771472e+00 -2.766683902794438321e+00 -2.869153145051853482e+00 2.796043201547099066e+00 2.183053923458174950e+00
2.776150642216201003e+00 -2.420249954224085176e+00 -2.887645776001692699e+00 -2.836442938448402007e+00 -2.408378054345331254e+00 -2.966441046647906532e+00 2.932408693985415482e+00
-2.937934152699450685e+00 -2.419277104330668671e+00 -2.507490243103267069e+00 -2.572782176477294680e+00 -2.079758948086073644e+00 -2.535151079589649914e+00 -2.822125321934296771e+00
-2.524150769003820294e+00 -2.154605742312437400e+00 -2.087573277680600636e+00 -2.150319200290562893e+00 -1.885922171549994530e+00 -2.081861561040324826e+00 -2.294019819373198654e+00
-2.149571228039011572e+00 -1.792108743437663021e+00 -1.693819947323993880e+00 -1.661736289806909905e+00 -1.694642527496142526e+00 -1.599052308824603363e+00 -1.761528912616181719e+00
-1.764657265635020789e+00 -1.415799618197578269e+00 -1.376587620676792856e+00 -1.151427879728617931e+00 -1.405051913089786719e+00 -1.084913326315575022e+00 -1.231013177679680215e+00
-1.421627179896972404e+00 -1.116048976575087393e+00 -1.190230313099631232e+00 -6.465344839049307346e-01 -1.018922000664216565e+00 -5.320577689528297460e-01 -6.879662560432998619e-01
-1.486788883201658473e+00 -1.106883073562718867e+00 -1.375364228868877881e+00 -3.102517139289637793e-01 -5.794153516331007614e-01 6.578598941601580818e-02 -9.729528151391472757e-02
-2.246030880074063152e+00 -1.306451573983500092e+00 -1.734523096384321228e+00 -1.735969755200127862e+00 -2.167465536386528890e-01 7.356045844012276680e-01 7.613382934961233639e-01
-2.067577456970769223e+00 -1.122686204950741340e+00 -1.635736567823610876e+00 -1.518031826290560549e+00 -6.787460246984527990e-01 -2.919766388084164888e+00 -2.164730779934437077e+00
-1.618498376201279898e+00 -7.189169291932777650e-01 -1.450294946144025765e+00 -9.826507675574994716e-01 -1.187391005280841627e+00 -1.455881535436008845e+00 -1.468952973501879811e+00
-1.114171917989349669e+00 -2.737500228908509858e-01 -1.454659071205541387e+00 -4.523154275186854201e-01 -8.304772963194413382e-01 -8.176031460448150989e-01 -8.132096079859195692e-01
-5.967565300111948856e-01 1.182245320208639844e-01 -1.456823905034085209e+00 -3.854527532325135748e-03 -3.718268544836946798e-01 -2.539448143657011547e-01 -1.716242519626592078e-01
-8.180345409436706738e-02 4.112028222487463802e-01 -1.173995958608570866e+00 2.740410949135266838e-01 1.742482706847567342e-02 1.984148348090882807e-01 3.770525329422491079e-01
3.808360585243961705e-01 6.738791693620699297e-01 -7.273940670094420913e-01 3.099336163831564184e-01 1.758211502513903068e-01 4.088375172039859784e-01 -1.921839424474245162e+00
-4.448709635492124892e-02 1.039897595796347218e+00 -2.329343661551016020e-01 3.678884272436831471e-01 2.060140561103105672e-01 4.273222375161678244e-01 -1.289223628707920177e+00
-1.095263501864343958e+00 1.527629831030717922e+00 2.214820078864562503e-01 7.118416688870567999e-01 5.168782534214313440e-01 7.124845896072992124e-01 -6.188801570289704790e-01
-6.259256602880854947e-01 2.125054206308709670e+00 4.971501088526719681e-01 1.250092644328218094e+00 1.057141326247675650e+00 1.344091766199129623e+00 9.141447635998367627e-02
-7.849885693614307158e-02 2.843939069076152126e+00 2.601247590347875449e-01 1.875801563505133718e+00 1.714811829784553376e+00 2.754677957984017933e+00 -2.460317338448919422e+00
4.436867777275372293e-01 -2.674220447166466119e+00 1.059410882558421869e-02 2.473630198887395437e+00 2.480938814315260199e+00 -1.537369918760443266e+00 -1.654459679277191064e+00
8.659026040194658380e-01 -2.295657766596467031e+00 3.070873199003557596e-01 1.682462712616971778e+00 -1.536093798585519199e+00 -5.923460185800243361e-01 -8.909042542539344911e-01
1.133368022281769028e+00 2.772393255553768476e+00 8.293104357088343370e-01 1.341741179892869784e+00 3.705987108697174626e-01 1.752565039630100963e-01 -1.080221654818718513e-01
1.369735627590268345e+00 -3.112540236634513402e+00 1.382626226990734120e+00 1.992573010222176366e+00 1.155257097894273333e+00 8.789145793526015327e-01 7.243575534652465509e-01
1.769951553246051468e+00 -2.641257408206246549e+00 1.736846670239119206e+00 2.690774376111386257e+00 1.886683034011395144e+00 1.514628222665072688e+00 1.692120398404633352e+00
2.326448900231431249e+00 -2.232457731381958688e+00 2.160633591834463907e+00 -2.915120299793948710e+00 2.601539224630116998e+00 2.005809095377567353e+00 3.007933577789700053e+00
2.970606276189989625e+00 -1.844179125095629423e+00 3.033927524861369740e+00 -2.292929416150613076e+00 -2.991483117387785828e+00 2.045551265699278698e+00 -1.872840248460926782e+00
-2.634522274419594634e+00 -1.423248219627075040e+00 -2.376348203782421287e+00 -1.783445275353793491e+00 -2.358591654960883410e+00 1.835634160537252146e+00 -9.942511879326242363e-01
-1.977160621461878431e+00 -9.714550543613711397e-01 -1.607613159569319938e+00 -1.474327835899189587e+00 -1.822488514272001092e+00 2.193969235786258576e+00 -5.349312274182923543e-01
-1.420812516623781718e+00 -5.216410960452877443e-01 -9.246103090283283032e-01 -1.284631150305368230e+00 -1.359419541107178109e+00 2.781753823160257433e+00 -2.694223499600998939e-01
-1.105745101953115039e+00 -1.334491541721301300e-01 -3.194880577788710152e-01 -9.481723800836375782e-01 -8.592572769603091798e-01 -2.795026047269812519e+00 9.440838134161677608e-02
-1.023648691546603873e+00 8.779354429916330638e-02 1.962989992313897980e-01 -4.638680533966938468e-01 -2.917366935045330734e-01 -1.927984701282200453e+00 4.845260841373364435e-01
-7.494195774718458436e-01 1.635832108043802358e-01 6.131823968475040854e-01 9.249002485481841451e-02 2.674511803313466274e-01 -9.086538797093026698e-01 5.422328494256332121e-01
-2.366916221575068591e-01 3.609260015705117453e-01 9.543349074132699839e-01 7.026161322030463063e-01 7.400781177213164863e-01 1.010905768571569996e-01 3.023217734755216379e-01
3.885638321433803055e-01 6.963560494449810845e-01 1.221031364365730010e+00 1.354400786258374678e+00 1.136168100742375398e+00 9.974383141805084341e-01 5.635748796863505605e-01
1.053212771619435495e+00 1.050220219287959944e+00 1.227566772601104805e+00 1.988751548961257276e+00 1.528326096173938220e+00 1.779035134494973303e+00 1.028754787828888295e+00
1.704422973784922579e+00 1.339698930198746529e+00 9.647516583663465761e-01 2.375456351344810813e+00 1.866409373293741902e+00 2.450787997734795276e+00 1.501447903352651547e+00
2.283183685595467693e+00 1.243040662368194438e+00 1.042262579941185541e+00 1.883932159968035425e+00 1.928232092593839653e+00 3.017050790658471815e+00 1.895240456498163528e+00
2.723490573333874121e+00 6.015059855236480901e-01 1.348693740506244465e+00 1.908356746711539653e+00 1.661793410367650381e+00 -2.775953534999098693e+00 2.076095599517076451e+00
3.020414164960569803e+00 8.409174766266063195e-01 1.742381411035180960e+00 2.149669896699444749e+00 1.594820030637762232e+00 -2.319957008321216207e+00 1.850949549106876146e+00
-2.970238414032388530e+00 1.343929494793423718e+00 2.189141742387246126e+00 2.046571928866562917e+00 1.810115317423549586e+00 -1.882786179026904705e+00 1.673113059103431111e+00
-2.579790608528879758e+00 1.826015382184060121e+00 2.655761958176762860e+00 1.967701580234730629e+00 2.211608943039201858e+00 -1.488508474510561452e+00 1.751708372128048419e+00
-2.120000398626295635e+00 1.701350573334189820e+00 3.114776327449980453e+00 2.152742532400754971e+00 2.708109307513366204e+00 -1.297566293172119467e+00 1.957929553671373668e+00
-1.648522046482042258e+00 7.520582001930522509e-01 -2.712032249324078048e+00 2.479057589619250379e+00 -3.052593679711162356e+00 -1.841277620082511612e+00 2.318532205481194541e+00
-1.240165889191127802e+00 1.200406216127679615e+00 -2.266812959306052644e+00 2.915489785167641124e+00 -2.568240788330247604e+00 -1.884259675126854106e+00 2.801644760121923650e+00
-1.137425052044856111e+00 1.864157045981007510e+00 -2.001738648758048189e+00 -2.856292319757353315e+00 -2.400572036345050897e+00 -1.426509810310618409e+00 -2.939714038088239167e+00
-1.840988082381045166e+00 2.600831792833700806e+00 -2.955641558258757406e+00 -2.301814657566135125e+00 2.677721517990770295e+00 -8.737837147804931037e-01 -2.376988241633416266e+00
-1.863407958899746308e+00 -2.906768486409911922e+00 2.590136451449418065e+00 -1.721717120480836805e+00 2.831709374353805320e+00 -3.787854786800933793e-01 -1.802960540314942683e+00
-1.520527175363131089e+00 -2.093435656707827164e+00 2.335923468324675678e+00 -1.089089789677380127e+00 -3.058810599848772682e+00 -5.816251871054564093e-01 -1.146416739136471019e+00
-1.143034301347582549e+00 -1.225885642959170463e+00 2.522486140365379992e+00 3.637966471009918545e-01 -2.671793764309682739e+00 -1.348008829721800028e+00 2.298314131238316183e+00
-8.057502480349584273e-01 -2.780760642384647596e-01 2.918231654298540700e+00 2.145095868009799567e+00 -2.312064612887220427e+00 -9.140118639891305907e-01 2.801057463248366464e+00
-5.114884361157897574e-01 8.105494230324998828e-01 -2.927862164506586318e+00 2.693898798668852734e+00 -2.024288184353469244e+00 -3.293535219331081842e-01 -3.059635334553666652e+00
-2.563237000750002714e-01 2.041576586878072419e+00 -2.585776802730745949e+00 -3.129390773510039470e+00 -1.988281019449309239e+00 3.271868906579001313e-01 -2.692917502061189960e+00
-8.222620558659871071e-02 3.138308324156767082e+00 -2.499839847584411245e+00 -2.714106910734968903e+00 -2.363835231071404586e+00 1.655061246410486797e+00 -2.425349612671124699e+00
-4.727519367781996169e-03 -2.262276973419448556e+00 -2.465235061337885281e+00 -2.338628516416898062e+00 -2.404848978729744235e+00 -2.405277960488430455e+00 -2.245627600262876111e+00
1.397088129877507579e-01 -1.506445725132069313e+00 -2.194938249187994295e+00 -1.936962102846181866e+00 -2.060921372110966487e+00 -1.610134579805587718e+00 -1.965168752668914776e+00
4.605283259349522429e-01 -8.540451160407822595e-01 -1.800139056854241915e+00 -1.462867619263522156e+00 -1.566839969223170925e+00 -9.170042178824123758e-01 -1.520851572674566166e+00
8.828534885520389341e-01 -3.241189273112087821e-01 -1.356151097973811837e+00 -9.407597726277858730e-01 -1.022371738762136273e+00 -2.472628405031092880e-01 -9.953118552841151434e-01
1.282925218049712823e+00 9.844974468024283998e-02 -8.725570936013801182e-01 -4.269150649691809130e-01 -4.852952636668398934e-01 3.843822451331077028e-01 -4.747158970641391917e-01
1.505323175571466887e+00 5.182600515463676727e-01 -3.511547457870057842e-01 2.444786826763227852e-02 -1.615753736652198597e-03 9.468439534594280671e-01 -4.157435991717589596e-02
1.488403701854472905e+00 1.006948936666572481e+00 2.079627135176481401e-01 4.103838478022085456e-01 4.086774124497506988e-01 1.410675651268627151e+00 2.461809777701181312e-01
1.560954876728087859e+00 1.536427212830963729e+00 8.107209175465235340e-01 8.172752688099254037e-01 8.060562368431086755e-01 1.780431700873349232e+00 4.767387395428702157e-01
1.855106361342963028e+00 2.036920472415808092e+00 1.459224590214877271e+00 1.330955479200438996e+00 1.305380145480379284e+00 2.113885413538551639e+00 7.788865799901603104e-01
2.283836382648737118e+00 2.411860326089357187e+00 2.171700327626813198e+00 2.024566397144011543e+00 1.989568087202861379e+00 2.461040307780209879e+00 1.051885699231335680e+00
2.790413306681897243e+00 2.534438466486866215e+00 -2.239855147150707104e+00 -2.633725026546200443e+00 3.023249494361147427e+00 2.846682270114941016e+00 6.217838064960111710e-01
-2.942103923404025601e+00 1.564546769744197263e+00 -2.068523268243373237e-01 -1.000029011334784945e+00 -1.912119333588402803e+00 -2.913686527128990456e+00 -2.310699430329683224e-01
-2.363960432414760948e+00 3.174809679971228871e-01 2.213858904766043689e-01 -3.696497504461386252e-01 -9.808717363809335010e-01 -1.927054820013692771e+00 -6.439487475331620581e-02
-1.758911198662715947e+00 6.071402591016729078e-01 4.284012003939889346e-01 1.203442630304446676e-01 -3.240938290064461769e-01 -4.569630162648937177e-01 2.990571111673309135e-01
-1.120885298688686804e+00 9.814809926278138530e-01 5.032551301727534732e-01 5.807626334471266416e-01 2.492373075034577112e-01 4.307826163869638014e-01 7.283480904330673633e-01
-4.568138058360511899e-01 1.318021763813481462e+00 3.992571162963706732e-01 9.788616736618656056e-01 7.839595533199024135e-01 1.040657446857919943e+00 1.144493112036292670e+00
2.043631443096426692e-01 1.598243946934112758e+00 4.554925997342804123e-01 1.188973976097180696e+00 1.280748138357374888e+00 1.555898685335843856e+00 1.444472550610627959e+00
8.376578400772261013e-01 1.830330332365809110e+00 7.659881357788276279e-01 1.040063098046261070e+00 1.742278410086095075e+00 2.005327181353742105e+00 1.502119724898726139e+00
1.465809260978239603e+00 1.967353013970683184e+00 1.092182608738758498e+00 6.862381748296606521e-01 2.189187052353096519e+00 2.335460950304291128e+00 1.399942400736311487e+00
2.157168136646494538e+00 1.982160987068231961e+00 1.338149210536839773e+00 5.388000751442970637e-01 2.643136635617548080e+00 2.402597352716751011e+00 1.402152947621874146e+00
3.085683226180163885e+00 1.998683837372910777e+00 1.602809668953034450e+00 6.360317459766841042e-01 3.117900128993203790e+00 2.178861713186513338e+00 1.428955207396831906e+00
-7.988493927617728030e-01 2.049518565959443706e+00 1.898899013617818099e+00 8.158577392542184503e-01 -2.424816441972825309e+00 2.018538169551845840e+00 1.346502212175344049e+00
3.279108525377124606e-01 2.088165714822074914e+00 2.056590723469063686e+00 1.029485563625460509e+00 1.123956687685253794e-02 2.049621823870604764e+00 1.375998930868955306e+00
8.975029954254627462e-01 2.184571419402007830e+00 2.076064871784319532e+00 1.342457329606387528e+00 6.787162187462125740e-01 2.238789445358118524e+00 1.662186764004985884e+00
1.246038428141744259e+00 2.372747927412370395e+00 2.242430252235608101e+00 1.757874118388763396e+00 1.229464918375611893e+00 2.504051157660638793e+00 2.088127681427001114e+00
1.553523946292583613e+00 2.593743947677774830e+00 2.490181425342431254e+00 2.189473252627694322e+00 1.786012224982611363e+00 2.764481281540299928e+00 2.544102987620184830e+00
1.971048697089082813e+00 2.805861624358832351e+00 2.647378396585367888e+00 2.437228490788290181e+00 2.316152503732510581e+00 2.970446308914107547e+00 2.914906058481067763e+00
2.456969802724709329e+00 3.006644565963441540e+00 2.733621037890088701e+00 1.813351090433410917e+00 2.773550264108948227e+00 3.118128750659117099e+00 2.944111646009468508e+00
2.936313772150319412e+00 -3.095256131777508468e+00 2.914840535833412627e+00 1.302777721635240749e+00 3.109231830126286678e+00 -3.033650337779098649e+00 2.564280285182946262e+00
-2.908387475142931500e+00 -2.990745532100664850e+00 3.121021388733146829e+00 1.272938306453824664e+00 3.133245626359550506e+00 -2.917073828318288431e+00 2.549709302778295772e+00
-2.519286873770179014e+00 -2.996684425531032758e+00 -3.134042128411437478e+00 1.344091187176726487e+00 1.652666845237464877e+00 -2.930151935476075220e+00 2.709175079866090297e+00
-2.259214307095751106e+00 -3.015180733360536269e+00 3.006714618764608993e+00 1.442578012388504360e+00 1.693918385722007036e+00 -3.104629970866953137e+00 2.838480820565308260e+00
-2.341903128067815754e+00 -2.955111373068114666e+00 2.885133205028509007e+00 1.356746242264486035e+00 2.025120218036958519e+00 3.106922173203628290e+00 2.544831805232332211e+00
-2.497090529095467470e+00 -2.819110128890517153e+00 2.660396908278999106e+00 1.278764072843508792e+00 2.307943347831171277e+00 -3.114570812898732832e+00 1.588169246422909353e+00
-2.335230294155961950e+00 -2.602073218693055523e+00 2.667080151315043945e+00 1.568736719042395089e+00 2.506194753324222813e+00 -2.998105017173046782e+00 1.808121447828375805e+00
-2.068916525236504267e+00 -2.285393683811627330e+00 3.029507249995194051e+00 2.096010980550863767e+00 2.799553734211265965e+00 -2.777602098989238488e+00 2.338505515834634618e+00
-1.751747743062315621e+00 -1.863380336804441040e+00 -2.694856314355896565e+00 2.740610371095833386e+00 -3.007168927111433021e+00 -2.402432672602045738e+00 2.979766888382969103e+00
-1.334510876502067012e+00 -1.360211925853492376e+00 -2.039888961719737104e+00 -2.845701412985312206e+00 -2.415585032212082872e+00 -1.908523227799173938e+00 -2.616523266783863377e+00
-8.312471472338058831e-01 -8.213022867691637252e-01 -1.349165739397690134e+00 -2.146196235076700098e+00 -1.782374318530897783e+00 -1.362102304788292750e+00 -1.932252064759989452e+00
-2.817852934246433128e-01 -3.042259925110329943e-01 -6.703178103376250530e-01 -1.494915976401469893e+00 -1.161163486244749299e+00 -8.287652160274708857e-01 -1.298174921766616308e+00
3.764974204361323240e-01 1.081267100589006075e-01 -4.562071097461824210e-02 -9.658418541548305924e-01 -6.059470858157628426e-01 -3.897298211313396932e-01 -7.684042451676311725e-01
2.483109187242785065e+00 2.312659356047284676e-01 4.841370998385700064e-01 -7.169494469264401371e-01 -2.499408530956759578e-01 -2.081101561085635099e-01 -4.095956876026660143e-01
-2.365869332362197319e+00 -1.783537400833281883e-01 8.155040319845461294e-01 -9.071385422671377485e-01 -7.988313983205360680e-01 -4.492825903280617816e-01 -2.841636343581812052e-01
-1.714955462633997119e+00 -3.486241051183151529e-01 1.559252917723170373e-01 -9.584039791389026286e-01 -1.238224819947601585e+00 -5.381594491254581003e-01 -3.050608310175135229e-01
-1.166531072008559544e+00 -1.738317935577036732e-01 -4.750554472266232953e-01 -7.190481725359849641e-01 -9.766156207334139028e-01 -3.315034127305591105e-01 -2.232229134944547499e-01
-7.028754907885742531e-01 6.691694609647222403e-02 -4.310159499724150467e-01 -4.171924749631129581e-01 -6.331423159671084600e-01 -5.494202135567675255e-02 -8.887976198450697404e-03
-3.430175311436508556e-01 2.502462142148891289e-01 -4.514204445963503343e-01 -1.952267899500961801e-01 -3.399241646821302698e-01 1.487662385335180026e-01 2.131770156911111658e-01
-6.944361007948292308e-02 3.160332657219316888e-01 -3.531562898900333369e-01 -1.662189563585187158e-01 -1.970274888583802841e-01 4.930582702349915053e-02 2.979635376052607865e-01
2.373023201742519017e-01 2.694113594936256018e-01 -1.046260641011231146e-01 -2.220244799578026396e-01 -2.482374898874208091e-01 -3.834826375915006968e-01 2.618410392224468364e-01
6.972901244131632925e-01 2.322636354109815782e-01 1.783407691837388120e-01 -1.054935962670534855e-01 -2.414549178572936994e-01 -3.467398429526148407e-01 3.518891744567785307e-01
1.332060283027594494e+00 3.816798777743929394e-01 4.507205631484235697e-01 1.912913087934210166e-01 3.004575372528300176e-02 4.321715946345971310e-02 6.131905174002816317e-01
-1.247814132676968502e+00 7.381861778840214106e-01 7.741382823788426348e-01 6.099025047292486734e-01 4.870434818039244274e-01 5.837607580572410360e-01 1.002889704618791678e+00
-4.986856684445137855e-01 1.208389625946107770e+00 1.209597801087809676e+00 1.097254714961807043e+00 1.022311763330662870e+00 1.191682531520047217e+00 1.498285835761514528e+00
2.060271887630147902e-01 1.683993355215837484e+00 1.747031198989872802e+00 1.543448440137237698e+00 1.528734154352792141e+00 1.814050263524135564e+00 2.055355356307929870e+00
8.188059807430851933e-01 2.007115768876245543e+00 2.341740258618187465e+00 1.497794651891685147e+00 1.771310207143520499e+00 2.397431949036730625e+00 2.581850466339980610e+00
1.195785079930406392e+00 1.937759894763030566e+00 2.917865480975209813e+00 9.136534243529778054e-01 1.351240706096883848e+00 2.842433428911365301e+00 2.271831410343406965e+00
1.180934210425518271e+00 1.839449427790475378e+00 4.614240588207169091e-01 1.207827264945863899e+00 1.375562166147083376e+00 2.793112900698157652e+00 1.121960485681114283e+00
1.255240151007325000e+00 2.082546360356004378e+00 1.051710134633424110e+00 1.698564318665102046e+00 1.785450981399370418e+00 2.295061711225009127e+00 1.476679953469792972e+00
1.608759664784681798e+00 2.459112937730329573e+00 1.622249393745975210e+00 2.206251369750619418e+00 2.276014332216345526e+00 2.469723000095132903e+00 1.861763090874748672e+00
2.052153762288811301e+00 2.851715876542773476e+00 2.163589634518447991e+00 2.695186259415567331e+00 2.770570732764103372e+00 2.866535214510380847e+00 2.239554768667302742e+00
2.494237447515953665e+00 -3.086681730243929334e+00 2.649020960745366526e+00 -3.138248174901091314e+00 -3.047305428425027163e+00 -2.995789386430814272e+00 2.611098463117899726e+00
2.895367903586351321e+00 -2.845321160654236348e+00 2.998157932033632012e+00 -2.802079621840316559e+00 -2.644336165161810470e+00 -2.652954063998328671e+00 2.922302634957404166e+00
-3.035231898821318275e+00 -2.707324909391546797e+00 3.134988091829264079e+00 -2.863150597816632725e+00 -2.370766263889497072e+00 -2.554283989821842127e+00 3.035600292438515257e+00
-2.711330261372358219e+00 -2.592914180731694440e+00 -3.016378281948616902e+00 3.078368451904240910e+00 -2.353153507267774280e+00 -2.760887815012540880e+00 2.956922361528732779e+00
-2.407738173772477452e+00 -2.475043635235866457e+00 -2.687936264928008523e+00 -3.068502813616536873e+00 -2.545981584312554169e+00 -2.784037280227412925e+00 3.095903189133269340e+00
-2.221994181412315417e+00 -2.451140656155147646e+00 -2.247027723252263520e+00 -2.798939398884453755e+00 -2.550343584946532793e+00 -2.625091251006490545e+00 -2.807365811072672024e+00
-2.503780518869020089e+00 -2.561049409157087009e+00 -1.758985747713910808e+00 -2.692737737366029727e+00 -2.355282093872348881e+00 -2.562896629092334955e+00 -2.345495487007080992e+00
-2.896207352067337482e+00 -2.603920307420903413e+00 -1.260815379222002486e+00 -2.775097829202133770e+00 -2.108304311396050235e+00 -2.723050672365620706e+00 -2.231333567391529105e+00
-2.761128313726581851e+00 -2.457110287803164983e+00 -1.447476184787318543e+00 -2.668799598501773840e+00 -1.962635572580705423e+00 -2.727322952587859284e+00 2.269141108376644844e+00
-2.471850258247735521e+00 -2.198577726885639017e+00 -2.897726374718069930e+00 -2.324448385497790426e+00 -2.063526624946815158e+00 -2.442621272661746445e+00 2.794758352174081750e+00
-2.199008244065921325e+00 -1.914450256816851770e+00 -2.326294743429057732e+00 -1.856659354551926766e+00 -2.126911990191881596e+00 -2.014313223745367143e+00 -2.873933095343432775e+00
-2.036647655277903812e+00 -1.697188462621946226e+00 -1.736964279466757244e+00 -1.322880909151582740e+00 -1.884709155047351592e+00 -1.537210911632345356e+00 -2.233121716024090819e+00
-1.965758950748300649e+00 -1.617843821543536231e+00 -1.293754720692346316e+00 -7.495777834957739749e-01 -1.481319325665553910e+00 -1.122895256073868087e+00 -1.561267808691193970e+00
-1.848996947187156792e+00 -1.578648531214986495e+00 -1.819717740504101622e+00 -1.213527124076038133e-01 -1.055223428034037791e+00 -2.171601954713108462e+00 9.806023056827573026e-02
-1.679397956156667204e+00 -1.426294018251137885e+00 -2.129860337475429244e+00 -3.005105731011363801e+00 -8.105673648397271336e-01 -2.630210239571585618e+00 2.628895215054985357e+00
-1.551942583816055432e+00 -1.239500856182663702e+00 -1.727761439707704794e+00 -2.312194744963462334e+00 -1.376168508985575745e+00 -2.211327979296367374e+00 -3.018280775132758276e+00
-1.448131596261447385e+00 -1.158929585514407501e+00 -1.339184665856341772e+00 -1.795093596227599342e+00 -1.634543794657646210e+00 -1.795037619234310045e+00 -2.519289478061458976e+00
-1.253559492537064557e+00 -1.095440167996899472e+00 -1.232800867484168617e+00 -1.324736055182310857e+00 -1.361204695869102643e+00 -1.478678036525456818e+00 -2.209807046049891976e+00
-9.744578102003338405e-01 -8.839709234139383476e-01 -1.491830781501361169e+00 -8.434062193379746608e-01 -9.836650955758667880e-01 -1.265272175257345033e+00 -2.004903516272300568e+00
-6.676573191475849711e-01 -5.866214515578012101e-01 -1.639252137899766426e+00 -3.156694911282944549e-01 -5.647708572687065720e-01 -1.072182114002107722e+00 -1.690982998739471110e+00
-3.412274329173056731e-01 -2.919970713207934998e-01 -1.405531980182257001e+00 2.525639614287301105e-01 -1.301025223747103721e-01 -8.399898817572463150e-01 -1.256062402392044808e+00
3.234878915048275405e-02 4.452220819716973949e-02 -9.194217473414746378e-01 8.415927200059357682e-01 2.821302133530927958e-01 -5.434871225273931739e-01 -7.369966894104459376e-01
4.557848292741518148e-01 4.626459279128244395e-01 -3.674126733842362214e-01 1.462282737606876326e+00 6.718064925859457137e-01 -1.684677054088089543e-01 -1.380093208574525998e-01
9.264525525129713168e-01 9.491279727865378213e-01 1.125657967571534329e-01 2.138310301684704484e+00 1.088469846191293389e+00 2.701242120503318245e-01 5.243030288995157440e-01
1.443704811077732186e+00 1.458273315087809996e+00 4.236851244957395290e-01 2.874209288426476938e+00 1.555798211903947514e+00 7.688782032532893718e-01 1.215255447121144528e+00
2.003573890483714592e+00 2.189998389803017975e+00 7.478736658266141868e-01 -2.675607283366450151e+00 2.000411316578396992e+00 1.359046532518966011e+00 1.691543976873222332e+00
2.582201835824185387e+00 -2.031332189423252998e+00 1.261069618412971938e+00 -2.227053918636569207e+00 2.303741889038354529e+00 2.104611996757086878e+00 -5.042523354855439344e-01
-3.137827159958563428e+00 -1.313532346074524515e+00 1.923782030038668323e+00 -2.161740175024999377e+00 2.635113654914769121e+00 2.998578062996998028e+00 -2.138261593868771460e+00
-2.596318152864614426e+00 -8.619395704110853762e-01 2.689986038524862622e+00 -1.796774475385379377e+00 -3.057459408573851789e+00 -2.406514813428796362e+00 -1.697175254145483203e+00
-2.070143038677897174e+00 -4.298085135877972029e-01 -2.692387775362356628e+00 -1.261846574314667180e+00 -2.345278126030029942e+00 -1.655928846287669121e+00 -1.069130842113290791e+00
-1.557775260142846951e+00 -5.951302136174910218e-03 -1.591609512071238575e+00 -7.342193770758573823e-01 -1.655584312759073917e+00 -1.053703579311224159e+00 -4.776541104785778091e-01
-1.074892112820656109e+00 4.302707797090767894e-01 -5.744784780024662085e-01 -2.513822562077113187e-01 -1.041647154106360107e+00 -5.984336418121000145e-01 3.856529920405157158e-02
-6.209624781080305134e-01 8.304421496574712069e-01 1.722570883974054168e-01 2.027108747761908469e-01 -5.230688468053160678e-01 -2.331923067840628305e-01 4.870551369358026017e-01
-1.744581407593442657e-01 1.096141297427476458e+00 6.764939787568986507e-01 5.987497371086760722e-01 -1.219910287775797519e-01 1.138929088222579156e-01 8.763711666763218666e-01
2.453835442231487030e-01 1.035366518329334795e+00 8.751343533053372870e-01 8.073583438605588247e-01 1.402285590905012758e-01 4.336430922575232327e-01 1.149152243126498441e+00
5.156556287179874243e-01 9.414870415061494802e-01 1.094255759605628153e+00 6.121857522860774115e-01 3.288149684865854239e-01 6.578166841950118249e-01 1.064900920358254455e+00
3.458448667723496017e-01 1.173172743561434750e+00 1.467587608752685124e+00 5.850035212607344048e-01 6.204538203154486009e-01 7.949464265442933719e-01 9.707023049722727226e-01
2.987796995221232987e-01 1.578909094407358937e+00 1.513347945962614460e+00 9.204683809168132669e-01 1.046788501399000371e+00 9.500332671132384332e-01 1.323325653992529327e+00
6.692989632487901241e-01 2.030578626808721587e+00 1.985022968253632170e-01 1.370625213325383562e+00 1.546664389832560271e+00 1.177026768904811505e+00 1.841289823956292260e+00
1.176358277447220324e+00 2.470038845684541684e+00 6.020539729258264083e-01 1.816039024562808413e+00 2.059060393412913026e+00 1.481904111887960784e+00 2.341771780234714218e+00
1.700207346405665509e+00 2.892428868841567358e+00 1.150819353744505946e+00 2.224526073686348582e+00 2.544266956483513642e+00 1.881410912637644373e+00 2.711261985018546206e+00
2.196016088424827650e+00 -3.000531914527466704e+00 1.608293127031655168e+00 2.632861512720056751e+00 3.018573806045689256e+00 2.370940540341789582e+00 3.020417683081238813e+00
2.643517975867879954e+00 -2.653624602983877256e+00 8.339228764931694293e-01 3.097289670126543548e+00 -2.722100172117930761e+00 2.943562653519360861e+00 -2.787346141527312415e+00
3.034792833618698005e+00 -2.380839557301158482e+00 5.417462990169996662e-01 -2.513405916886848335e+00 -2.038178655628974489e+00 -2.609664233381197906e+00 -2.104329797056732509e+00
-2.849328269324468810e+00 -1.998510916919728819e+00 8.449094217499923953e-01 -8.709341402219888950e-01 -1.222870766629606809e+00 -1.444926018713088123e+00 -1.289812076619456738e+00
-2.358088089711971147e+00 -1.337570208263600291e+00 1.045993465324984717e+00 4.401511332712316205e-01 -3.658013636159673787e-01 -1.008719353702270533e-01 -4.553493940659213979e-01
-1.626447622882789767e+00 -2.052259609044269628e-01 1.168805305023570718e+00 1.067457512405335818e+00 4.160407280703590227e-01 7.352408020631804320e-01 2.876185207034495095e-01
-5.547670941321748428e-01 1.363425755183358623e+00 1.385991263946151797e+00 1.561571342584691102e+00 1.080328236790072838e+00 1.372992230652928525e+00 9.589789535312521762e-01
4.078485019504251019e-01 2.615374644391263992e+00 1.549931481892722118e+00 2.024606384405666759e+00 1.673064859801411508e+00 1.983883162614374029e+00 1.646961578214078514e+00
1.058713529791388996e+00 -2.557766315482931319e+00 1.365998919250346555e+00 2.511486754028261270e+00 2.218947199368355161e+00 2.615755831765421480e+00 2.379607548479121260e+00
1.345969690785723261e+00 -1.375262792952884894e+00 1.211060009988035757e+00 3.071883486321314471e+00 2.694799148703002079e+00 -3.005186556531796782e+00 -3.111852542646723840e+00
1.181456508775245107e+00 -2.352333605706669606e-01 1.442392386507468593e+00 -2.476989515741538472e+00 3.123593456601556184e+00 -2.292350677950560023e+00 -2.221548150937441513e+00
1.220669681018397235e+00 7.679699545153721996e-01 1.795116607344823700e+00 -1.431575852620602163e+00 -2.616658785352146577e+00 -1.500156570305651194e+00 -1.245414583539591336e+00
1.589847097219514449e+00 -3.047909762519082744e+00 2.081632483804963574e+00 -2.390309898503790720e-01 -1.735061594161658505e+00 -6.157113909327937007e-01 -3.315970468850564790e-01
2.064609509006915200e+00 -1.228282964325971616e+00 1.271224204701677962e+00 5.775054390218997691e-01 -6.561025123907541223e-01 2.660843354715239917e-01 3.779501852151446184e-01
2.532416153120730318e+00 -5.035389443859984437e-01 5.608228059364526175e-01 1.102786408962633580e+00 2.219541246129166923e-01 1.008328114415126375e+00 8.740459349513840515e-01
9.872945292333192013e-02 7.372855982466308689e-02 8.189678411627148158e-01 1.541169168938603562e+00 8.899994042482759493e-01 1.638354731609448223e+00 1.224791332731727023e+00
5.789521995319906189e-01 5.943733692865674767e-01 1.158499601274741497e+00 1.961708602903371235e+00 1.431090514652522128e+00 2.233637870652783075e+00 1.311377817432509030e+00
1.058020114392158817e+00 1.044126244809331361e+00 1.470939424022724262e+00 2.345480384591867473e+00 1.927319404048304152e+00 2.830701229873669345e+00 1.060425069558252442e+00
1.503234523212762408e+00 1.457336710715326555e+00 1.726918466061112323e+00 2.614349140735995114e+00 2.425664186638660347e+00 -2.823017475555921862e+00 1.139853248909300509e+00
1.873225127352069030e+00 1.822664067263978227e+00 1.931422356633960113e+00 2.565305942641174841e+00 2.929284728779687264e+00 7.546086516260018806e-01 1.496253984821192207e+00
2.155734880798979347e+00 2.151680787867293443e+00 2.151218787524585618e+00 2.405226295662245661e+00 -2.833279706987386515e+00 1.381102414261601297e+00 1.874705960771536173e+00
2.389920328818615936e+00 2.511900263817277157e+00 2.460996002359194357e+00 2.490468905182083414e+00 -2.372136774535567483e+00 1.919526682812166651e+00 2.102537316996168304e+00
2.574150862065588186e+00 2.895533469858786901e+00 2.804969961640647380e+00 2.639484480186124582e+00 2.267025963001645827e+00 2.415312481411668433e+00 1.862272646511112129e+00
2.757444351491946666e+00 -2.806119107101593180e+00 3.042544856777658513e+00 2.356841469772524178e+00 2.095078690852132386e+00 2.843484492825011589e+00 1.464623934355158363e+00
2.879304829752098893e+00 2.291419803040356251e-01 2.424984034705008007e+00 2.027219014709786826e+00 2.396325403635493068e+00 -3.082867949565428312e+00 1.653354243344984376e+00
3.042962767487357389e+00 7.659371087524077248e-01 2.008844146849707801e+00 2.069723363211026346e+00 2.357891180657171404e+00 -2.794941406868192590e+00 2.050996563086632030e+00
3.110798880069250316e+00 1.215011806457659604e+00 2.199693756747937989e+00 2.157335283656595770e+00 2.279183545853473714e+00 -2.489063585719303529e+00 2.456485710525842858e+00
2.884688620698818262e+00 1.604406127124890613e+00 2.497824699893756772e+00 2.186760219165432062e+00 2.447008275047590331e+00 -2.178109085741094741e+00 2.612103881122984195e+00
2.264310467327794729e+00 1.955527432900896034e+00 2.762167255704411684e+00 2.331478288845590274e+00 2.799789596382195267e+00 -2.058354464716736665e+00 2.208105179854651379e+00
2.387414780984152607e+00 2.280608697448103239e+00 3.017464489665731442e+00 2.578592238139039594e+00 -3.107995237018859491e+00 2.856020015640704734e+00 2.097535276418478478e+00
2.637523145453155138e+00 2.426569096226883548e+00 -3.090466947010122478e+00 2.953444102070665434e+00 -2.641795801713294090e+00 3.014081514510651871e+00 2.382159707392776049e+00
3.008350594776550757e+00 2.221042910611736865e+00 -2.853921188201374637e+00 -2.930329841185811635e+00 -2.188941801999711778e+00 -2.859677885626727978e+00 2.702795902953902374e+00
3.087374252748554593e+00 1.670419498849525786e+00 -2.581380781108098432e+00 -2.362537046803142804e+00 -1.526942891444639683e+00 -2.313814397926764688e+00 3.063276237903704402e+00
1.940393291094143713e+00 1.615234497922132695e+00 -1.859990761630477829e+00 -1.497129450283088525e+00 3.474533789696914177e-01 -1.745472047651328351e+00 1.733364191804477317e+00
