1.646248127548088691e+00 1.637940507337378282e+00 1.640996149623958233e+00 1.622572394689449027e+00 1.571931586086816157e+00 1.696594387809206905e+00 1.586865575536411388e+00
2.057814039662044792e+00 2.327669282263249428e+00 2.179067486176330615e+00 2.236451331254880603e+00 1.983434316787356710e+00 1.905917370289331503e+00 1.843053158146571668e+00
2.455242043685319508e+00 2.929440258634668393e+00 2.702641906544716033e+00 2.828400805363130655e+00 2.437273161661653642e+00 2.266781840676224125e+00 2.193527910632604438e+00
2.795346662333195731e+00 -2.930086280225501216e+00 3.054042074808180462e+00 -2.888958015232452770e+00 2.915670160516265597e+00 2.678434192581279127e+00 2.615267807771769704e+00
-3.134145154311684056e+00 -2.642891451778277556e+00 -3.031439047328225111e+00 -2.269255777698616861e+00 -2.800284685182507616e+00 3.086011187885615570e+00 3.086842260423838802e+00
-2.836643560553504972e+00 -2.657584246955583929e+00 3.131593156573804659e+00 -1.701651560845673039e+00 -2.217193954162671066e+00 -3.007671287887243139e+00 -2.915138914390687841e+00
-2.553116588118092167e+00 -2.502989556643022251e+00 -2.974344856623930777e+00 -1.326336440511207471e+00 -1.491250014785278299e+00 2.976141790015721877e+00 2.655733225290875854e+00
-2.295796330535297525e+00 -2.247894171092663651e+00 -2.613258943002292334e+00 -2.498285666645707614e+00 2.069693577681881003e+00 2.726560674428162745e+00 2.310634176622188729e+00
-2.000145358584878963e+00 -2.301025860842884185e+00 -2.192995317269780475e+00 -2.515317515762620193e+00 2.789934093638857249e+00 2.988057212656280992e+00 2.671930242160740931e+00
-1.664401192089798087e+00 -2.922463420442004800e+00 -1.941677323374267239e+00 -1.968300662628207132e+00 -2.789641478439620847e+00 -2.860682693219665840e+00 -3.132555894711924083e+00
-1.262598699108073763e+00 -2.762891307304946142e+00 -1.869797617663244260e+00 -1.256294875963110957e+00 -2.016416604934486934e+00 -2.346928443164653988e+00 -2.592482192472794544e+00
-7.787921775989327111e-01 -2.468444527373400366e+00 -1.731572854180389420e+00 -3.954192442654702599e-01 -1.115908248841390948e+00 -1.824546641793844515e+00 -2.035230933370591355e+00
-2.273820283870972847e-01 -2.232097718525174024e+00 -1.523727917841953605e+00 6.676216129479942696e-01 2.197246860690607595e-02 -1.410995343558823167e+00 -1.565113160176361706e+00
4.180228471390222689e-01 -2.099172823435449420e+00 -2.056982979077508933e+00 1.969606038169423812e+00 1.288209050501028852e+00 -2.459791515259205141e+00 -2.745807993828473847e+00
1.202950763702448356e+00 -1.854188265847069861e+00 -2.457907029661650977e+00 -3.024485327371076337e+00 2.359890857893898630e+00 -2.620976566870685254e+00 -2.738587213814401178e+00
-3.024991704896025979e+00 -1.424415747369088159e+00 -2.045382143800962282e+00 -1.895118176067918325e+00 -3.003683797239716569e+00 -2.106046791799694340e+00 -2.145153127822059691e+00
-1.105287909380030742e+00 -8.571377409165046313e-01 -1.427248626782410712e+00 -8.484872929722890866e-01 -2.070560974235470475e+00 -1.522133291632217000e+00 -1.478813250994670314e+00
-1.900530601410675424e-01 9.531299919656262623e-03 -6.976507883082863071e-01 1.671687973199253163e-01 -9.027630426466384250e-01 -9.742637876783674100e-01 -7.637435750952805691e-01
6.373872048576911808e-01 -2.893719266847909033e+00 3.156680525351424071e-01 1.150607373240304598e+00 6.297562375160329351e-01 -8.338596625575440680e-01 2.107161390623294578e-02
1.453357066164727929e+00 -2.211757001153628277e+00 2.407243757195886680e+00 2.085396700412306181e+00 1.780710189994697989e+00 -1.805094133463636119e+00 9.117398836663979100e-01
2.234325475320099841e+00 -1.587569782465318546e+00 -2.963526703636869541e+00 2.922191918428632906e+00 2.549069815448874898e+00 -1.440103598505080518e+00 1.864075019362740449e+00
2.914009538740448768e+00 -1.057426802761173734e+00 -2.672568780165843094e+00 -2.748703472047779428e+00 3.103943653776731981e+00 -8.155436795119739291e-01 2.660523301887895098e+00
-3.047021904272621651e+00 -7.166867206128387791e-01 -2.516715072453807434e+00 -2.513142690173063354e+00 -2.785217885937371740e+00 -1.370293491648587880e-01 3.070983765948384292e+00
2.682907411510285112e+00 -6.169543600726874466e-01 -2.150746335493159744e+00 -2.235550802362396450e+00 -2.482945084387468526e+00 6.073214045047731213e-01 -2.944801475539788438e+00
-3.020979695573198232e+00 -6.277363486219877942e-01 -1.506481394918267824e+00 -1.597068143904787130e+00 -2.142196225377944963e+00 -1.822084115737025112e+00 -2.459898016457063186e+00
-1.906152715621257432e+00 -4.172411198160195789e-01 -6.299198559962803090e-01 -7.976137798196493156e-01 -1.735575696497171805e+00 -1.049482253406676335e+00 -1.847924491754860954e+00
-4.793955994163473511e-01 7.160799664191691560e-02 5.207541811662300679e-01 4.968558765421998008e-02 -1.264770247585566221e+00 -2.332968730040457794e-01 -1.163488022897242624e+00
6.551466022191924088e-01 8.808004271658059769e-01 1.701445980742813502e+00 8.917829303317258427e-01 -6.999855397693516279e-01 6.385188461864057530e-01 -4.068937376156500640e-01
1.519105172869197329e+00 1.847948904613643029e+00 2.581548312190145023e+00 1.683602023314642482e+00 7.705272250670185119e-02 1.534614647338749860e+00 4.243171466194253783e-01
2.272488727534972774e+00 2.699657772988991677e+00 -3.069676345014036301e+00 2.404898404772791043e+00 1.406842368741019866e+00 2.405961776706309951e+00 1.256766017998042662e+00
2.965768850334902229e+00 -2.903768573260628649e+00 -2.613833799791659640e+00 3.037621490080581577e+00 2.624468639104394541e+00 -3.072588184504494890e+00 1.879446190053095433e+00
-2.687172976923572598e+00 -2.313547198968394003e+00 -2.339220638013200571e+00 -2.769996811517896784e+00 -3.044330438427473862e+00 -2.358277076479144529e+00 2.275790606510090797e+00
-2.143055562963311012e+00 -1.741028290995000560e+00 -2.153060409473686043e+00 -2.615690507592201897e+00 -2.784840774931832907e+00 -1.749014982658377404e+00 2.601740381755264675e+00
-1.839635916304169339e+00 -1.210247717574447046e+00 -1.961141472808994424e+00 -2.640998307136914303e+00 -2.668693170263770398e+00 -1.312782109710201706e+00 2.970621928531786526e+00
-2.018477627587374368e+00 -7.169138605754666882e-01 -1.621705535086220173e+00 -2.308801409449152242e+00 -2.402076811334411754e+00 -1.059936459988300994e+00 -2.855071582994108681e+00
-1.968994554664056373e+00 -1.993131615733488293e-01 -1.144768760902832305e+00 -1.756864776089809954e+00 -1.992764424755865793e+00 -6.694934689774034720e-01 -2.327380116825021883e+00
-1.520778227059252918e+00 3.516623199927912946e-01 -6.785462924136009821e-01 -1.128478073216270472e+00 -1.509810101347628164e+00 3.222370220275706104e-02 -1.759913122066760094e+00
-9.528467619117105825e-01 9.124328010407106726e-01 -1.838046007556351391e+00 -4.955286924103347035e-01 -1.011889921415256799e+00 1.030216818954303948e+00 -1.193380376601577142e+00
-3.592230668571049779e-01 1.419006012146907469e+00 -1.902373715415457855e+00 8.586663674858520390e-02 -5.500012645340410788e-01 2.175402088387771826e+00 -6.739387895401879325e-01
2.639882711696437401e-01 1.920093257232048822e+00 -1.260927558415553706e+00 6.104278594578106398e-01 -1.611596076204409589e-01 3.131553283459052039e+00 -2.539602444909230816e-01
9.296636680791412477e-01 2.480560259272006185e+00 -5.117805505272409183e-01 1.135297695353857161e+00 1.333544902607530502e-01 -2.451868135145162331e+00 3.894399878703984352e-02
1.623649971426345706e+00 3.045690288794820511e+00 1.002579534293167818e+00 1.697828660680599011e+00 3.606304203945689402e-01 -1.907896581222124688e+00 2.802722445152572850e-01
2.244575681111281362e+00 -2.747023846566122973e+00 3.040888853192680763e+00 2.236936897453611461e+00 5.657460114514040184e-01 -1.404842797853403713e+00 5.389946820536928307e-01
2.688071404971770662e+00 -2.410896804453917408e+00 -2.708658940697823425e+00 2.704632644086428783e+00 8.968805813171105701e-01 -9.037309490887395214e-01 8.232668085768670707e-01
2.998068231358461233e+00 -2.173729823145984952e+00 -2.352841493849010313e+00 -3.131505412289324219e+00 1.495894859852138215e+00 -4.503268647145071690e-01 1.159109917908914822e+00
-2.935450683311372710e+00 -2.008198012758351414e+00 -2.009421396225031575e+00 -2.647272844213734544e+00 2.379655956098237546e+00 -2.406983036752859961e-01 1.620533315173740885e+00
-2.474880064443154559e+00 -1.850534734696461125e+00 -1.626703307048125602e+00 -2.122249829599212934e+00 -2.912423395746160271e+00 -8.060402939821157409e-01 2.228607404163652994e+00
-1.965048417680803183e+00 -1.554853737146502102e+00 -1.239489080431871004e+00 -1.598546673814050356e+00 -2.023487057790368304e+00 -8.132129694416539989e-01 2.932066924013365661e+00
-1.458570445180326525e+00 -1.121692136848488008e+00 -8.982229379531440072e-01 -1.119213140658003480e+00 -1.265337528506784492e+00 -3.944680371037866951e-01 -2.624110461380869896e+00
-1.002940238530311667e+00 -6.539889843105319844e-01 -6.482174765015621398e-01 -7.062934085776204629e-01 -6.173591472262011104e-01 5.398476294434222805e-02 -1.944127169950096157e+00
-6.468972446280923938e-01 -2.841631385956286948e-01 -4.930537695424746514e-01 -3.423973991694856389e-01 -6.473102111707007555e-02 -7.838569760710945022e-02 -1.351912492437784774e+00
-4.310144556564611817e-01 -1.093307107592805943e-01 -3.136464703425205225e-01 -2.317019449694769726e-03 4.278868858514247586e-01 -6.170395104274951636e-01 -8.933701258588196970e-01
-3.244821772309592900e-01 8.611209576315440040e-02 -3.544506214332576732e-02 2.855388248689451069e-01 9.079058508925008653e-01 -1.067859788429174062e-01 -8.584764474627996078e-01
-1.491001368516443881e-01 5.349993782547007859e-01 3.326407195904563796e-01 4.906912785281664635e-01 1.408313895359593282e+00 6.507129751066793588e-01 -1.550555147135389555e+00
1.485749727331132364e-01 1.074674441614064113e+00 7.350421949309423608e-01 5.814120665238096120e-01 1.901670098984839186e+00 1.486572302883673480e+00 -1.360222444855544888e+00
4.967058768225997567e-01 1.579351792314037217e+00 1.140843625431050334e+00 6.478351004419361514e-01 2.280087531365315723e+00 2.344500874102584120e+00 -9.098332750228267374e-01
8.261237009132771369e-01 2.037045744641639455e+00 1.546504419296623078e+00 9.090650384640599491e-01 1.475192011725665830e+00 -3.109328407157140095e+00 -4.366922853590040621e-01
1.150276812424690709e+00 2.510424842428909287e+00 1.982847582068924641e+00 1.380019262489110110e+00 9.434412775975482557e-01 -2.372602487772120572e+00 4.276875891263459684e-02
1.520116633625911762e+00 2.988364927689886485e+00 2.464002336822802786e+00 1.956090304847539985e+00 1.424416236116593737e+00 -1.814023455797861839e+00 5.220228097570025483e-01
1.956862852654005724e+00 -2.927071993288556051e+00 2.953520351514389741e+00 2.563011874288070757e+00 2.053693345065186193e+00 -1.555297156283196314e+00 9.790505209416637822e-01
2.445757177732575727e+00 -2.741603007226748989e+00 -2.928563671572840477e+00 -3.131906394515940217e+00 2.744312663238044347e+00 -1.392252693086468041e+00 1.404142012426044195e+00
2.966460926968637946e+00 -2.572536220183774258e+00 -2.847963008716339672e+00 -2.606043420331712213e+00 -2.827442943549149934e+00 -1.006126939950342525e+00 1.861946265497274045e+00
-2.770874182002822650e+00 -2.182756267501975600e+00 -2.817366205759725517e+00 -2.133878063132535807e+00 -2.115589836616237118e+00 -4.726340520479230256e-01 2.385710685368364725e+00
-2.208302212174108270e+00 -1.624259100181468574e+00 -2.352720345055424378e+00 -1.640840162197781948e+00 -1.424695151959126660e+00 1.151394581131211098e-01 2.932999567015137643e+00
-1.640622514250874131e+00 -9.753783620900914331e-01 -1.590710034830849384e+00 -1.083375140956953420e+00 -7.666416835747608127e-01 6.666978141028633287e-01 -2.765960070456150000e+00
-1.115777191320161066e+00 -2.856949398486672287e-01 -5.757624198512850677e-01 -5.021898685933330331e-01 -1.533842643198591593e-01 9.736010151449072669e-01 -2.114233472202692088e+00
-7.250665984849958834e-01 3.953553406989235852e-01 6.369750412595951428e-01 2.573048629044514049e-02 3.873426303160268924e-01 5.550508720814745223e-01 -1.442137213496166082e+00
-4.791579728553141404e-01 1.009046895620618667e+00 1.720887484084852037e+00 4.292700976377669120e-01 8.287971112656428163e-01 5.792455036412511582e-01 -8.728243034924645372e-01
-1.680363561710938036e-01 1.503765634441647903e+00 2.336157111271280673e+00 7.514622957307517392e-01 1.168551424919992865e+00 1.044586400655287184e+00 -5.278304871621490868e-01
3.047338397792089815e-01 2.057901251897124695e+00 1.290482356490576965e+00 1.191912930624111189e+00 1.482913189335306248e+00 1.637806618796505909e+00 -2.967144864064077403e-01
8.603471820035203388e-01 2.842646860474788983e+00 1.672537575508056262e+00 1.779104491840269420e+00 1.834019121667011865e+00 2.284206667748764019e+00 3.240347625320030150e-02
1.443036332095270824e+00 -2.514370421490024210e+00 2.293755594288538813e+00 2.435896760557824781e+00 2.229903570755494613e+00 2.947533857584815120e+00 4.170096268882913515e-01
2.009912139521974339e+00 -1.532804826738260351e+00 2.792916970323591208e+00 3.097828527441064850e+00 2.663328413804429751e+00 -2.680753492996172938e+00 7.466742942779168724e-01
2.512704610001686767e+00 -5.392014375305737017e-01 2.304725291829287315e+00 -2.593589936733698753e+00 3.107293560856997150e+00 -2.065843005287646417e+00 1.011607189505840276e+00
2.852677918818669944e+00 4.423770039679278954e-01 1.944473773548744733e+00 -2.387604021058133075e+00 -2.763384497907610982e+00 -1.537617575218394705e+00 1.288892616532411051e+00
2.810956711927508955e+00 1.386951455825694568e+00 2.362762208090657623e+00 2.622752230863491185e+00 -2.482838573738860966e+00 -1.217046517742847778e+00 1.626577129383755649e+00
2.687422622554104024e+00 2.266342349522314947e+00 2.867360337371137380e+00 2.829069763385038794e+00 -2.719826985138104725e+00 -1.381925892772034814e+00 1.982636508524554531e+00
2.939638001149679880e+00 3.095407300517997840e+00 -2.924649269414898889e+00 -3.069683010096377451e+00 2.939544447664089954e+00 -1.589903035686210497e+00 2.311365394999117751e+00
-2.930167996024437560e+00 -2.386070229183307134e+00 -2.482749322293566152e+00 -2.687292643139158610e+00 3.105726430586397857e+00 -1.339045544770726792e+00 2.655723485300272912e+00
-2.563702452081205507e+00 -1.614023114376823775e+00 -2.223665934139301914e+00 -2.296914745523002566e+00 -2.794288660728200480e+00 -9.042488327822137961e-01 3.083259295839275715e+00
-2.487867645286218288e+00 -8.649150757448016424e-01 -2.503145131262725531e+00 -1.891462303313052873e+00 -2.401185948060955866e+00 -4.095191634550943149e-01 -2.702784156777622737e+00
-2.679783161714055506e+00 -1.136478863956532359e-01 -2.724038190365040801e+00 -1.576154380016921763e+00 -2.099935554599023479e+00 1.022672378114946184e-01 -2.315799952104335535e+00
-2.490941738499480085e+00 9.434137394010227995e-01 -2.428989519426846044e+00 -1.601462362929767513e+00 -1.908327467298362112e+00 5.903132212906663234e-01 2.711374388315009210e+00
-2.043122709339751264e+00 -1.942222703727034094e+00 -1.964310095814289614e+00 -1.654378777424151847e+00 -1.700670812375248087e+00 9.873944807764191145e-01 2.832125749335874243e+00
-1.486508453970525334e+00 -1.143243050129389760e+00 -1.437001249968602234e+00 -1.281757937663954294e+00 -1.372534696477517135e+00 1.196897964325160935e+00 -2.904174399491621816e+00
-8.611643768225729634e-01 -3.666463554313766915e-01 -9.010559406422672390e-01 -7.282780468979129784e-01 -9.684913532310678308e-01 1.394447103232159924e+00 -2.369583765785646445e+00
-1.535478498061999819e-01 3.804392689808599459e-01 -4.362523799692536453e-01 -1.386753883137662180e-01 -5.868085449837020517e-01 1.879600826172914907e+00 -1.903139654909089984e+00
8.972229345514983745e-01 1.042541296565940856e+00 -3.039306861908840918e-01 4.290809677832521651e-01 -3.885952037416194327e-01 2.964875517016035467e+00 -1.598070454832322351e+00
-2.929220530936172295e+00 1.360385831454069550e+00 -7.620689574033314706e-01 9.114866161476637973e-01 -7.238862044372811333e-01 -8.309202034195501962e-01 -1.833798478935178222e+00
-1.998193071748529226e+00 1.025323540428165536e+00 -5.873413847521681275e-01 9.851275839240295484e-01 -8.749689056784843988e-01 1.960275616380105154e-02 -1.773700705371955122e+00
-1.361530657783528220e+00 1.342520016609257683e+00 -6.118885898816010804e-02 4.496681649992942398e-01 -5.086568194797024267e-01 6.998311903792370225e-01 -1.137024809888840027e+00
-7.820198082214268043e-01 2.006999668109175072e+00 6.375512261242791689e-01 8.178547082454926676e-01 4.874022567129428912e-02 1.373371405033482429e+00 -3.168406553683973392e-01
-2.390423846385450191e-01 2.751989834426018522e+00 1.615977343828575163e+00 1.498195688020192096e+00 7.002390864478932331e-01 2.066227117224794796e+00 5.645353303827890246e-01
-1.297625667259965920e-01 -2.766642895262567237e+00 3.071072518795177064e+00 2.286546635216282208e+00 1.441595198135146250e+00 2.780981491168736053e+00 1.450648575909150972e+00
-1.939357101823153018e+00 -1.983358944889297648e+00 -1.966953125698278626e+00 3.139404125308375537e+00 2.338697704325971127e+00 -2.763448538265379284e+00 2.294322899755371736e+00
-1.467799355375047243e+00 -1.177914369985866738e+00 -1.090541338342662980e+00 -2.254726645283678277e+00 -2.540031581829516938e+00 -1.980814161950659402e+00 3.021161768132293535e+00
-1.001276159955069689e+00 -3.619738483061599177e-01 -3.576074437452777532e-01 -1.365113976640269344e+00 -7.506797126481739024e-01 -8.138490099489672502e-01 3.059750527703376743e+00
-6.281624907345887410e-01 4.134929721050735196e-01 2.927807735036340175e-01 -5.293057353663798148e-01 3.785998984863952477e-01 2.157055721882112920e+00 2.241365237191313753e+00
-3.594307100539113065e-01 8.171781742880870336e-01 8.211072586496267478e-01 1.600548347946916805e-01 1.370475985894376247e+00 3.015447811671675638e+00 2.775387907760636264e+00
-9.968115440482348821e-02 1.301899042224924918e-01 1.111155171911820227e+00 5.131686602476728254e-01 2.525342724155525076e+00 -2.523018474053895677e+00 -2.860532086676339070e+00
2.178338543355105295e-01 6.738097328490706417e-01 1.187166790531116289e+00 6.042201192926683895e-01 -2.294640223762291154e+00 -1.778013198535615125e+00 -2.248251251113734472e+00
5.888708440253235255e-01 1.527757865012267402e+00 1.370509427274663183e+00 1.103560057793029570e+00 -9.450876967698060849e-01 -9.555329730351940221e-01 -1.733911594662176370e+00
9.242869387395136194e-01 2.427172143739916521e+00 1.512565645505799194e+00 -1.716457149899882628e+00 1.300176097653220897e-01 2.660261226175388294e-01 -1.319080339460786844e+00
9.065582293451049933e-01 -3.058203675102784569e+00 1.446186998558949943e+00 -8.654460573022931813e-01 1.146109596061789748e+00 2.127972099507768000e+00 -8.862447338344929815e-01
4.069018246967361918e-01 -2.483191997438250809e+00 1.707621205482783955e+00 -1.081137211174902357e-01 2.405646043630577324e+00 -3.121601849661135741e+00 -3.140554033646862919e-01
5.921899620505252093e-01 -1.863040720123383176e+00 2.292837368047434321e+00 6.363439705349289710e-01 -2.407165373716471102e+00 -2.402880741980114809e+00 4.271103306597008875e-01
1.027675689940317882e+00 -1.004594353783033300e+00 3.018147201417383574e+00 1.340865764479862499e+00 -1.841592466857431054e+00 -1.772704449737484200e+00 1.331944522616015592e+00
1.257514501039294075e+00 -1.986692021314726692e-02 -2.483661190110690420e+00 1.921472603749456054e+00 -1.480595091899082227e+00 -1.170218753784274757e+00 2.299130400914225270e+00
-8.123505222210373189e-01 1.083528321040388098e+00 -1.699581037992093924e+00 2.224365209924208386e+00 -9.265978980024678346e-01 -5.728454031461336360e-01 2.613713312359386975e+00
-3.941226632061400337e-01 2.448088901920881355e+00 -9.991917170208015619e-01 2.694755343593494334e+00 -3.198496839901651123e-01 5.575607632139911382e-03 2.464203551931920533e+00
-2.023004806902627822e-02 -2.304450514609992506e+00 -5.403801889347757959e-01 -2.635623931476840820e+00 1.803552297216723943e-01 5.117789001284516193e-01 3.123779718658250548e+00
1.937088294896451290e-01 -1.096448274677863433e+00 -3.654852239732396812e-01 -1.595162250734716292e+00 2.996247354561180076e-01 8.852794634795134732e-01 -2.403591633943253481e+00
3.269934121537624860e-01 -1.601929040667235404e-01 -3.678488166577833368e-02 -6.620980045613499287e-01 1.237582516024202661e-01 1.165556509713283173e+00 -1.663966866832127023e+00
6.176631041001087175e-01 6.307040063138147357e-01 5.109849502747392247e-01 1.620566292100979466e-01 3.962275917821311277e-01 1.523158070630048933e+00 -9.587941221231137678e-01
1.060130461055703188e+00 1.319562618750142136e+00 1.120164985388722334e+00 9.037094303079078461e-01 8.848986746682829807e-01 2.023229603885239314e+00 -2.898828213229289741e-01
1.570969870791222744e+00 1.930484925001075602e+00 1.723271935021732926e+00 1.583127636051792297e+00 1.423146636371948714e+00 2.641214000704688036e+00 3.355246366640953770e-01
2.091225146344132924e+00 2.478601476084107080e+00 2.303514074577825532e+00 2.201832646175965635e+00 1.948756468599894376e+00 -2.919800602863582561e+00 8.632095964530138721e-01
2.563503532932478013e+00 2.940772647799728912e+00 2.864756809604734222e+00 2.710029646485445642e+00 2.423971504391139398e+00 -2.088885922117704741e+00 9.037198777346853173e-01
2.841319129179488367e+00 -3.090220490312491464e+00 -2.883254447422188615e+00 2.794139485826589997e+00 2.793709548598249270e+00 -1.126278659384751801e+00 -1.165573016327865474e-01
2.421680656730309078e+00 -3.138923855577339328e+00 -2.492771419796351307e+00 2.157461537118082084e+00 2.757469809361771329e+00 -4.472108898599328614e-02 7.800377947901493414e-02
2.112185150429307878e+00 -3.000174440943439436e+00 2.644803567886917062e+00 2.359471865607637664e+00 1.968061203588716834e+00 9.643532003005826914e-01 4.549213521520813486e-01
2.308756648583806470e+00 -2.636043759254373064e+00 1.869150989486396908e+00 2.820773769341499371e+00 2.026435853723833613e+00 1.625690771969412474e+00 8.131094569308741082e-01
2.555276135753915323e+00 -2.326036007064316458e+00 1.601085018346532385e+00 -3.020348067618870314e+00 2.336768154622916871e+00 1.951614445731439940e+00 1.123877511302172394e+00
2.772312741128663660e+00 -2.591637744500503437e+00 1.722630969173532423e+00 -2.748941065367267456e+00 2.678520182939749361e+00 2.346570567823124787e+00 1.458398273825658231e+00
3.033760348402989582e+00 -2.850384947617553788e+00 2.134680347940523415e+00 -2.642672272102588593e+00 3.069660602565146057e+00 2.918438549251558101e+00 1.853237387982735074e+00
-2.896205755031123097e+00 -2.500148052208291283e+00 2.632401174893560736e+00 -2.450486669769234904e+00 -2.763406841672928937e+00 -2.689188428774530237e+00 2.207795812829977500e+00
-2.479722370921521257e+00 -1.991140565228606940e+00 3.121070577321569228e+00 -2.153404274763438764e+00 -2.290156458672004458e+00 -1.713232050810131080e+00 2.256482235137397652e+00
-2.077316244736369999e+00 -1.461683533125242906e+00 -2.774099140532336083e+00 -1.903213012207876087e+00 -1.881767320038356450e+00 1.529947490459806048e+00 1.904075175735820080e+00
-1.897161611920570312e+00 -9.907183032042424786e-01 -2.555022228885726054e+00 -1.842919703210551541e+00 -1.990896611983357323e+00 2.297830043486051910e+00 1.852645206538388267e+00
-2.838094470057864527e+00 -9.226043321761790983e-01 -2.427629621919741520e+00 -1.993391436592098831e+00 -2.982605764923287772e+00 2.974725811828716981e+00 2.034174729523379188e+00
-2.977753508309388231e+00 -1.940362981100661521e+00 -2.200773880993861287e+00 -2.089235754070509099e+00 -2.728976325703577732e+00 -2.662292716770251033e+00 2.390201888095856209e+00
-2.629242685474348473e+00 -1.638251576023139977e+00 -1.844749866314149056e+00 -1.932013459410122147e+00 -2.265906663195405457e+00 -2.034014661777526101e+00 2.909085878206373099e+00
-2.208727969993462104e+00 -1.033290532532307848e+00 -1.378013591297794216e+00 -1.579060462470715853e+00 -1.773935608937220021e+00 -1.401899575121629216e+00 -2.746762139951295367e+00
-1.793499586646932986e+00 -3.356688786879986064e-01 -8.097163832142707518e-01 -1.125909803199955483e+00 -1.296190767091452978e+00 -7.334232125269563030e-01 -2.051220355930462702e+00
-1.410429945774397842e+00 4.127741583130924430e-01 -1.469158917898571726e-01 -6.184754165596927367e-01 -8.332575380265212495e-01 2.034502949077843584e-02 -1.298601292155453946e+00
-1.054133418156209645e+00 1.211774676520639860e+00 6.015386428364909444e-01 -8.034060396944005256e-02 -3.690062728626944955e-01 9.210623051168407294e-01 -4.906959482159727326e-01
-6.937485221693349136e-01 2.085848513032881879e+00 1.406364109157407061e+00 4.461257674720390254e-01 9.686166486838422574e-02 1.968384192820786360e+00 3.596534292797113341e-01
-3.196530106064708332e-01 3.071747988026785947e+00 2.224790933621865641e+00 8.909508364962067661e-01 5.495481493501199743e-01 3.001617113022107652e+00 1.214711243682434327e+00
1.610918118060322701e-02 -2.487358990240585932e+00 3.001016154373175038e+00 1.158639287904549731e+00 9.535317815519361861e-01 -2.395723741736826007e+00 2.006740376993688457e+00
2.282778590687294384e-01 -3.086227762974319333e+00 -2.627341297162628209e+00 1.264311979294025168e+00 1.222204932559866286e+00 -1.635412552491533722e+00 2.643768016518022623e+00
3.618011630851403204e-01 -2.548507399943287677e+00 -2.270361240780314649e+00 1.508541068896383619e+00 1.271716674320014340e+00 -9.431250618321779244e-01 2.505825799669781695e+00
6.675974356575482549e-01 -2.047883153936933542e+00 -2.670166599184816913e+00 2.011270874580845636e+00 1.420716600487565984e+00 -2.869565653546113371e-01 1.704694468022379006e+00
1.180037722309299708e+00 -1.697791701418443600e+00 -2.834070262914815785e+00 2.658476814876369776e+00 1.864908466232224615e+00 3.441645921955169829e-01 2.166300859634292308e+00
1.817605901487875375e+00 -1.361536481548899058e+00 -2.576217208321484264e+00 -2.937954706858960652e+00 2.478650655949244275e+00 9.783162378247778346e-01 2.759188802750458080e+00
2.524130890126485838e+00 -9.137211766159256676e-01 -2.237149981466024951e+00 -2.268996381751573033e+00 -3.107828880609543099e+00 1.705704207207691114e+00 -2.901890805794852479e+00
-3.020792293114840987e+00 -3.710409387630808631e-01 -1.894824749760237292e+00 -1.643770667614918191e+00 -2.376989162212931994e+00 2.841467792619417843e+00 -2.265247841885674074e+00
-2.282423307702531101e+00 2.026570787779168881e-01 -1.554832177730482323e+00 -1.072933194141064472e+00 -1.644183367664642015e+00 -1.732495568539087483e+00 -1.621120527024293212e+00
-1.574499876080195371e+00 7.228421188825212562e-01 -1.220328058947078631e+00 -5.679875238980145458e-01 -9.353361234457931994e-01 -6.563363381109512673e-01 -9.878516899120594053e-01
-9.113690683111447255e-01 9.910292528537938406e-01 -8.869208978798616139e-01 -1.381645292172272999e-01 -2.727545380591741009e-01 1.247380146787985117e-01 -4.108923165893622609e-01
-3.017265971780669909e-01 7.824983842342323470e-01 -5.156755721468984088e-01 2.171352557063918332e-01 3.139157178334212039e-01 8.037656907207101353e-01 -2.599804757859334667e-02
2.257370190245004959e-01 6.935288205450840238e-01 -6.982870774410029902e-02 5.139427239969261985e-01 7.825588310223051680e-01 1.387673804676311518e+00 -6.636769790038281325e-02
5.997842972727958077e-01 8.099032668057697393e-01 4.454338345338423877e-01 8.164944865010059782e-01 1.129429831496018277e+00 1.828065976543638005e+00 1.549550491555643124e-02
7.732463817953276752e-01 1.005520272774946378e+00 9.807361816366427787e-01 1.177596364132964313e+00 1.433518090686661361e+00 2.079800540291445898e+00 4.514516911056515314e-01
9.826789449084404326e-01 1.326172612995816458e+00 1.487714533498749159e+00 1.597821033605204999e+00 1.772414682188320434e+00 2.259880925556611686e+00 9.986533339487282390e-01
1.387743407683617924e+00 1.725027904288692016e+00 1.929065674001875008e+00 2.073859204046464288e+00 2.172153034727110743e+00 2.576606139656020478e+00 1.836709161043843963e+00
1.915182125581463612e+00 2.136483085361952750e+00 2.274561732589499119e+00 2.603945847940762448e+00 2.639308761067706843e+00 3.047972691977394177e+00 -1.292689745681929292e+00
2.497477592273996905e+00 2.534722731840709731e+00 2.499649332695192072e+00 -3.132729806517115634e+00 -3.125753649727317729e+00 -2.670635644818081911e+00 -6.372332198028877182e-01
3.097328666708015543e+00 2.929167290654564493e+00 2.718932214345634701e+00 -2.733922342753310808e+00 -2.587947705752977168e+00 -2.068039338302847696e+00 -2.894517552638484550e-02
-2.592600029175852416e+00 -2.958292694275100221e+00 3.102960760505463877e+00 2.769600915555053167e+00 -2.049012600804652084e+00 -1.467467412983790798e+00 5.342677550064303116e-01
-2.032498353999415475e+00 -2.751461378558273108e+00 -2.776760386403015701e+00 2.669501497267976475e+00 -1.513750486058483169e+00 -9.307815717725731464e-01 1.044573028209806242e+00
-1.531620708287101174e+00 2.464078837982752734e+00 -2.728135045534404224e+00 -3.007434241221175419e+00 -9.713808390360501033e-01 -6.628812789149522988e-01 1.495823265693687398e+00
-1.095601021324572377e+00 2.526874601851983204e+00 -2.890323327836344269e+00 -2.098160108199501828e+00 -4.062492211022831756e-01 -9.365042016963397442e-01 1.845654260179162343e+00
-6.661429577905410016e-01 3.003465390144272273e+00 -2.520656183416763341e+00 -6.962691204264795930e-01 1.733698834609785910e-01 -8.128307740866685949e-01 2.043776620711772463e+00
-1.695070310340147379e-01 -2.807162635465901612e+00 -1.996397752975527018e+00 5.436427897552730260e-01 7.456015335945029854e-01 -3.526039112785684382e-01 2.162735607922741554e+00
3.996803566521744400e-01 -2.513426735069483886e+00 -1.668822232102951775e+00 1.377555603869327960e+00 1.306782571548801508e+00 1.918991114490694594e-01 2.313335281973714519e+00
1.018099893202805584e+00 -2.632960102998811891e+00 2.752285987089832187e+00 2.064549697867192446e+00 1.879041013195206888e+00 8.192218862787068456e-01 2.550523514318816964e+00
1.665704666073035023e+00 -2.680724546157732480e+00 -3.007336145847225417e+00 2.698076280893272560e+00 2.471310966638759155e+00 1.540537019580825007e+00 2.923242286331589668e+00
2.332526990964021607e+00 -2.343164158218578486e+00 -2.380240340290386669e+00 -2.970221296184724746e+00 3.075263534333275928e+00 2.326342741724636731e+00 -2.874406148968954078e+00
3.007391059679455303e+00 -1.832671546429043730e+00 -1.728563769919782223e+00 -2.359582379429311594e+00 -2.608154402848324782e+00 3.129879314471157414e+00 -2.308404325974739102e+00
-2.611647291595062814e+00 -1.242604958590244335e+00 -1.072930915740647473e+00 -1.763329202700901766e+00 -2.039606059587433684e+00 -2.413057587783742797e+00 -1.625701079368034208e+00
-1.977650955691800494e+00 -6.166463295014940060e-01 -4.305428933117173562e-01 -1.226608559868441972e+00 -1.540793460201405951e+00 -2.259799597030684115e+00 5.453943102361916706e-01
-1.393692651759137480e+00 -7.966417423241925477e-02 1.539772796509470965e-01 -8.431753486344089055e-01 -1.150611713415451653e+00 -2.868190471904018768e+00 2.363413624186944340e+00
-8.624990293211893810e-01 -1.761840004646243685e+00 5.710103397298250671e-01 -6.272473835986718260e-01 -8.269939577875879966e-01 -2.196529023806988334e+00 3.134342866438622366e+00
-3.520264924280624985e-01 -1.319727840597836988e+00 7.681741495853364743e-01 -3.017610622269232268e-01 -4.450645957281783027e-01 -1.353669025893979194e+00 -2.445985498872156771e+00
1.809263935696114323e-01 -6.398446196789492335e-01 1.042315691297496016e+00 2.354361473858725129e-01 3.392730694640872652e-02 -4.892858212994194433e-01 -1.784658310665210745e+00
7.510141022963152668e-01 4.429525784690453022e-02 1.534936586995999663e+00 9.035481570613239644e-01 5.915330303289555447e-01 3.755663252955761533e-01 2.005393992058885910e+00
1.345402955040011728e+00 6.833153116546606398e-01 2.139767216771662373e+00 1.649671350042571039e+00 1.223464426636043711e+00 1.280246409545195085e+00 2.574502108618860419e+00
1.960028840085638491e+00 1.146118599704230245e+00 2.811498577571464708e+00 2.450519479823275670e+00 1.938457934684917117e+00 2.361723414515700892e+00 -3.132005105006878232e+00
2.610858543080662120e+00 -8.962005105665210580e-01 -2.684453162686637473e+00 -2.987813774013567070e+00 2.731958694499176055e+00 -2.588886997686140390e+00 -2.539096126908501727e+00
-2.951061721904442603e+00 -4.386035197174680822e-01 -1.684999014736154654e+00 -2.094473822552249231e+00 -2.701390654086040843e+00 -1.380592285767016092e+00 -1.920532969351358421e+00
-2.106062326039035870e+00 2.005174210232551490e-01 -5.160867235521440222e-01 -1.120999553935526860e+00 -1.821838340878244367e+00 -4.035521470320068693e-01 -1.275635857372118265e+00
-1.090245700165509923e+00 1.203151176525256494e+00 5.559186352730797198e-01 -2.774913113463603823e-02 -9.349992914314044778e-01 4.644910809951707242e-01 -6.029640931193196440e-01
2.444597171872662372e-02 2.647741360717972725e+00 1.460242215839526736e+00 1.126299549717821202e+00 -5.465313158517304259e-02 1.284695921122412932e+00 1.124988581297748230e-01
1.031708542956890851e+00 -2.600363359982572842e+00 2.256506894304194155e+00 2.175540809075658721e+00 8.071288745546945087e-01 2.085088008122992775e+00 9.178112913723694977e-01
1.863357600744671050e+00 -1.829525385456856945e+00 2.987077783772613238e+00 3.069316893523990952e+00 1.629518981627329888e+00 2.887382561356204302e+00 1.941473871275495755e+00
2.557230244020483934e+00 -1.142409266055540495e+00 -2.607118802772550037e+00 -2.442646845687969748e+00 2.383624397174735510e+00 -2.544260149690499961e+00 -2.940244775256732002e+00
3.137953742694297610e+00 -4.950959811455822868e-01 -1.941604596057351362e+00 -1.768539914894915910e+00 3.035711464835019857e+00 -1.410928993214113580e+00 -1.672372144216722534e+00
-2.675201437952192673e+00 1.275515970252675824e-01 -1.296633077654820054e+00 -1.179809766488504774e+00 -2.717477627926106365e+00 5.619328601279945934e-01 -7.549284253828488778e-01
-2.292819329045802768e+00 7.386668267869728188e-01 2.737684862035845601e+00 -6.647790305957380630e-01 -2.274632289236250937e+00 1.763390501197438009e+00 4.081402276867293448e-03
-1.941670414013474399e+00 1.380057797954345800e+00 -3.124171857307592504e+00 -2.250563821354011618e-01 -1.861063877667559652e+00 2.540139209662753750e+00 6.892684601475242978e-01
-1.578748264539860502e+00 2.237681547045900832e+00 -2.505354279341015289e+00 4.274879032615794966e-02 -1.451566965363519701e+00 -3.077151124498043178e+00 1.351804984135553278e+00
-1.206919470618329271e+00 -1.610062426256665402e+00 -1.900397567208511829e+00 -2.239296199810379973e-01 -1.048968603731785132e+00 -2.462010920819305948e+00 2.089217680060606153e+00
-8.370590374527491218e-01 -4.916471500561179764e-01 -1.324776616532799656e+00 -5.093189755185811851e-01 -6.513901565639514946e-01 -1.877272927996480378e+00 2.990077774197605898e+00
-4.712481218722640031e-01 1.882679216940940092e-01 -8.006055757427322783e-01 -2.434027543509611757e-01 -2.298633064797389602e-01 -1.314467560944987623e+00 -2.330823079888520333e+00
-1.125264592488565696e-01 7.556962845407466656e-01 -3.482528056201207312e-01 1.978245198160858975e-01 2.488651633975821897e-01 -7.692631510754819324e-01 -1.446911191703562638e+00
2.380386975145972472e-01 1.220084520370037895e+00 3.819208506707407608e-02 6.748795815081526372e-01 7.913505699877200206e-01 -2.464845945253430204e-01 -6.625751527313730183e-01
5.500091715900961020e-01 1.542907818110188956e+00 3.918047675115114425e-01 1.108181254026968876e+00 1.374806979915124572e+00 1.066902671348323450e-01 2.578854648561321530e-02
7.597470289791830034e-01 1.709217838382708132e+00 7.504623881795529083e-01 1.419531805655312784e+00 1.970881806342322573e+00 -1.943279794930767412e+00 5.568804821562929330e-01
8.951624981690837757e-01 1.853719863836632342e+00 1.135494082738515376e+00 1.591604371699600229e+00 2.498744150906821115e+00 -1.476120761213440380e+00 4.258230796662945683e-01
1.139309295085136231e+00 2.108710997592031955e+00 1.559818168599687027e+00 1.784622737132504300e+00 2.559398330547314693e+00 -9.448020732799013999e-01 -1.601648379890641405e-01
1.526406086296175024e+00 2.452609861713039408e+00 2.020843174253274199e+00 2.087429771796366573e+00 2.227558208025760766e+00 -5.143169132166472979e-01 5.261676440948966083e-02
1.977802817494822119e+00 2.822005147441115191e+00 2.502629079526657030e+00 2.414889487881894059e+00 2.708644951792061217e+00 -3.057923692822650530e-01 2.785307871317965756e-01
2.417365878612258712e+00 -3.121671988658401897e+00 2.976351201729878326e+00 2.689019061133015587e+00 -2.773976540112763622e+00 -1.512134819019507193e-01 4.178064253970662500e-01
2.773896851832697408e+00 -2.836614291235009411e+00 -2.899393146332611249e+00 2.939275719993535763e+00 -1.440311520336207796e+00 2.478036450941288049e-01 6.045001257834571318e-01
3.013496466463827073e+00 -2.558253630686817104e+00 -2.646375527903403135e+00 -3.035240848568038885e+00 1.181104759026059714e+00 8.258034075136305718e-01 8.780989390754184720e-01
-3.053162095480039806e+00 -2.249965743953114661e+00 -2.546816213337296020e+00 -2.660349816370239040e+00 2.337836682028566315e+00 1.494123460984499108e+00 1.228626720779549597e+00
-2.736036895158957982e+00 -1.938595448931641929e+00 -2.340533662936578718e+00 -2.244796533476510536e+00 -2.967675561053519484e+00 2.224216010444485470e+00 1.632903157105307423e+00
-2.330136487625018127e+00 -1.654537885904002303e+00 -1.935061410861102171e+00 -1.822145875283522454e+00 -2.052602048241682020e+00 3.083542491040298206e+00 2.097420988834417077e+00
-1.892846643020205111e+00 -1.379941176978286332e+00 -1.404016178156356487e+00 -1.462938579500056013e+00 -1.236363426212560235e+00 -9.815660681612764504e-01 2.671989339273357356e+00
-1.472581121522282821e+00 -1.068564301683513795e+00 -7.963396905632021960e-01 -1.263503076612355391e+00 -5.912761350787893999e-01 5.455643461943356920e-01 -2.901273219030588990e+00
-1.089916140105801068e+00 -6.798939274050976866e-01 -1.176387619967066145e-01 -1.109986179281195806e+00 -1.324652607645838143e-01 1.215613113258395384e+00 -2.066603324256424123e+00
-7.155398625743030205e-01 -1.909342404147654215e-01 6.455670397145019113e-01 -7.230852955799172976e-01 2.805004764237642445e-01 1.742123569601705890e+00 -1.138801729443501332e+00
-2.541159613916877946e-01 4.877275993905630935e-01 1.463937796479797493e+00 -1.322825757468068172e-02 7.532173452184747209e-01 2.209872367116008984e+00 -1.844907817945456163e-01
6.780934208703340849e-01 -2.979409447595549487e+00 2.275762545170640916e+00 1.284497874427054320e+00 1.304390586239427607e+00 2.656201989029067345e+00 7.207214326724523668e-01
2.604734199804667583e+00 -2.084051590018847655e+00 3.045477347164235571e+00 2.698124516795813665e+00 1.933939008037067087e+00 3.091344889520443395e+00 1.570080577185917203e+00
-2.845906437787283583e+00 -1.471690253018347994e+00 -2.506202959335452007e+00 -2.681791855808046243e+00 2.633885929836597306e+00 -2.759369366715799021e+00 2.418241403239765219e+00
-2.276620266098700718e+00 -8.571429458759072251e-01 -1.792126398779544827e+00 -1.945342788396592804e+00 -2.902806990790223640e+00 -2.303589747349592542e+00 -2.940493723730550624e+00
-1.778980234107439218e+00 -2.036287657174231380e-01 -1.089822206670538307e+00 -1.263646242569879119e+00 -2.145197903423780694e+00 -1.904804120223847708e+00 -1.751688760335286199e+00
-1.327001673745223931e+00 4.954838316909032647e-01 -4.198131765591608944e-01 -6.260099820155898831e-01 -1.417067344889417768e+00 -2.891884112365944226e+00 4.256721068445862288e-02
-9.152669155974291204e-01 1.281655175750261888e+00 9.955906514582787969e-02 -7.882064352443848843e-02 -7.976541027417964891e-01 -3.066189420553317113e+00 1.448868770456823496e+00
-5.323913205426640260e-01 -2.313811005724919934e+00 -5.277264107508140567e-01 1.333340414752839098e-01 -5.655181863827818400e-01 -2.500082798697837116e+00 2.418187583050558143e+00
-1.561038748950264454e-01 -8.584889789966515528e-01 -7.156837315301425306e-01 -4.593151668420909495e-01 -1.000935153967714486e+00 -1.864754027469701869e+00 -3.036411491622026837e+00
2.133870150453512637e-01 -1.525221562828894539e-01 -1.851683073754210318e-01 -3.578082568907886563e-01 -8.416960876973446082e-01 -1.231628987831215660e+00 -2.275638542068827430e+00
5.230126520582292216e-01 4.702884423976333439e-01 4.040935668123768476e-01 8.704357091103069599e-02 -4.011367374951962939e-01 -6.429990841196097096e-01 -1.567705946332027311e+00
6.397666342629790837e-01 1.026516375472092957e+00 9.536788116386553105e-01 5.603615888432823544e-01 7.474357535418925391e-02 -1.404816364781934501e-01 -9.050101927087594866e-01
6.249898399543818428e-01 1.516368620573664394e+00 1.454422312581348242e+00 9.939062740135247154e-01 5.482470343993840478e-01 2.916317950835063399e-01 -2.569198841096920760e-01
8.549600147908724690e-01 1.960848674184068274e+00 1.946306393188350858e+00 1.404265930582158095e+00 1.029581742534668276e+00 7.728221085937408974e-01 4.216765536082370258e-01
1.315170375906673517e+00 2.404337297397036277e+00 2.471079965486764785e+00 1.841641366042335193e+00 1.538627482989742168e+00 1.417643171940128344e+00 1.142581640687718947e+00
1.869333732499152578e+00 2.874105076668969083e+00 3.033253052050500109e+00 2.323753629810168420e+00 2.076832739480101164e+00 2.333991791604704158e+00 1.877050273253503487e+00
2.442623858405062354e+00 -2.925754412778523772e+00 -2.667193790142336152e+00 2.838922811883672459e+00 2.630843229161684338e+00 -2.575526693037052617e+00 2.594934694082227544e+00
2.996890145086427815e+00 -2.460176026817972428e+00 -2.072266672197909720e+00 -2.910737183674662720e+00 -3.095811306063519730e+00 -1.372059500545658839e+00 -3.001280340947115821e+00
-2.770187324533166517e+00 -2.058055492943586806e+00 -1.468799730381392443e+00 -2.374518331418062900e+00 -2.543056632239129922e+00 -5.962666661777555888e-01 -2.351232569583769916e+00
-2.296867612490099297e+00 -1.804645627634104965e+00 -8.559324286370243451e-01 -1.853393310439871211e+00 -1.994045222244315019e+00 -9.184570325871460811e-05 -1.733792480172925643e+00
-1.866866930412919068e+00 -1.952795663437534079e+00 -2.210164504419809550e-01 -1.375938443028242864e+00 -1.457115478774293260e+00 5.136809620969573498e-01 -1.129427607402258005e+00
-1.473926973843758370e+00 -2.159148160628496793e+00 2.937369924658020270e+00 -1.014289822040065792e+00 -9.575490656421152824e-01 9.943653238405349981e-01 -5.230368152603973586e-01
-1.131112444116711080e+00 -1.891003231951928321e+00 -2.356149024564853089e+00 -9.167013082879442720e-01 -5.457547773635922361e-01 1.484020676782578541e+00 4.276548496280156014e-02
-9.238248566818206831e-01 -1.442098443719860068e+00 -1.805717316942806239e+00 -9.244604153402212754e-01 -2.927988167183346868e-01 1.994170471471518047e+00 4.479921078683117841e-01
-9.340093990763750353e-01 -9.686984130507494406e-01 -1.288210077457738967e+00 -6.672488731816058616e-01 -2.222090539676040699e-01 2.519434107000509293e+00 8.753605612003940717e-01
-8.948367333842045523e-01 -5.440814807658354013e-01 -7.844609780502883600e-01 -2.931076071791419158e-01 -2.353141737919875187e-01 3.064563689060972429e+00 1.856086460035249353e+00
-6.527898998458153690e-01 -1.971986400627177283e-01 -2.930874785648955871e-01 5.577357145935099743e-03 -1.720787506816402468e-01 -2.639372516749542985e+00 3.134278978871294807e+00
-3.435109547641201910e-01 1.183466058929100173e-01 1.845074487807811803e-01 9.013268813864140638e-02 2.177475190256742115e-03 -1.994955484419809633e+00 -2.107789033813934232e+00
-6.839799480544062060e-02 4.720604297171070995e-01 6.537888608340660657e-01 1.579779876193022556e-02 2.124499711426876269e-01 -1.200443764516246237e+00 -1.262950195708976375e+00
7.335147571642472442e-02 8.136730868842741993e-01 1.090119658860837948e+00 5.113965750484624623e-02 4.059010166069558778e-01 -3.464223444905507876e-02 -5.303368417400798895e-01
-8.664221248335657322e-03 1.019566427446241041e+00 1.354007094734972272e+00 2.615132015854904068e-01 5.844677968059538431e-01 1.369880733553497265e+00 5.000236901191713185e-02
-4.036207842103668036e-02 1.122045970826294203e+00 8.806725590150472627e-01 5.823846394488619849e-01 7.469581296960030592e-01 2.442747429072740228e+00 6.656296853421116155e-02
2.184470469746437327e-01 1.374965413738373110e+00 4.933544579560939503e-01 9.805370099143850826e-01 9.688687939314047926e-01 -3.005088132523003441e+00 -1.476431041670427657e-01
6.394933189179309307e-01 1.776059619508695286e+00 5.259254996633812018e-01 1.432998467545810062e+00 1.321795394546691149e+00 -2.321377440742426135e+00 3.858150833027390036e-01
1.108101681334023869e+00 2.143855282250331840e+00 4.449399548017783923e-01 1.900448515935297955e+00 1.774719287714537241e+00 -1.692780590491842485e+00 1.200966464820275359e+00
1.524204139552283177e+00 1.722370992977759308e+00 4.418656400613111823e-01 2.312163878053790533e+00 2.262406645451623177e+00 -9.767690351487964273e-01 2.389614905240371456e+00
1.722523384474575092e+00 1.165413418938749279e+00 7.009165547815984221e-01 2.529035276271506483e+00 2.688018534925562086e+00 -1.883922075693947318e-01 -2.007711781047996080e+00
1.584514568399087553e+00 1.533826943518903585e+00 1.110023002607112508e+00 2.420203121553106573e+00 2.537233928000705241e+00 5.997290415584654033e-01 -7.679372373407786778e-01
1.618617751438175434e+00 2.026286526449445624e+00 1.586940371081990264e+00 2.386665253145600740e+00 1.646911725862384657e+00 1.354777476393342672e+00 7.449914653529146613e-02
1.939666770845434041e+00 2.537132028276767759e+00 2.090318758424337009e+00 2.628948661777571694e+00 1.931003066528472312e+00 2.067783171282786547e+00 7.767998589845561686e-01
2.373961826511034712e+00 3.046113613017410682e+00 2.595961573025111768e+00 2.989280063551201128e+00 2.396409830618755343e+00 2.739611119695165797e+00 1.387645054160838498e+00
2.850515595752070030e+00 -2.735684959477906464e+00 3.086607434041413800e+00 -2.903147856851867825e+00 2.896138892769784423e+00 -2.905085517665401795e+00 1.919445354237329315e+00
-2.942587291458585330e+00 -2.252036174368338362e+00 -2.737724539983161343e+00 -2.524916231615774276e+00 -2.882666494128882206e+00 -2.286573538798784888e+00 2.385049070492641921e+00
-2.458960548595516826e+00 -1.801954703792534085e+00 -2.329710742116530842e+00 -2.179490667760085820e+00 -2.394550771789966781e+00 -1.674862789484994563e+00 2.783460343321317865e+00
-2.012187631877194072e+00 -1.412111615306311574e+00 -2.034263793389156305e+00 -1.890416337695579152e+00 -1.977115913177202033e+00 -1.093637505993582115e+00 3.064554445463606669e+00
-1.658248048579144873e+00 -1.101690566421285711e+00 -1.945055443684412744e+00 -1.686478453086676321e+00 -1.774987300790519473e+00 -1.403321296687307429e+00 -3.048578707006048827e+00
-1.499936019578996138e+00 -8.385924504351389697e-01 -1.870323298248709243e+00 -1.506687014929968038e+00 -1.903247777910499705e+00 -2.566712617207770109e+00 -2.797721602176894251e+00
-1.520500016516598940e+00 -5.389168479211099427e-01 -1.527628990451638247e+00 -1.223662930133222027e+00 -1.863979775037455822e+00 -1.980764753261431643e+00 -2.398351316763245755e+00
-1.383618263855508790e+00 -1.440267054885993325e-01 -9.976505902416447080e-01 -8.263518795212611012e-01 -1.543237492668729782e+00 -1.334132127072076068e+00 -1.912123478888682726e+00
-1.012461002271141330e+00 3.519609594154813337e-01 -3.754012581414020722e-01 -3.506490963117698811e-01 -1.105179677349366285e+00 -6.704874329495864593e-01 -1.359619301721475937e+00
-5.031399166615215801e-01 9.372644219324715031e-01 2.967970651555064121e-01 1.951592421156743140e-01 -6.103461957729254816e-01 8.767084629619247872e-04 -7.424072952349647370e-01
8.357424301805738143e-02 1.574965866905820633e+00 9.860324442830111780e-01 8.064860884496629634e-01 -8.687450478958209932e-02 6.645858200567105190e-01 -8.502215931624054757e-02
7.141382830516929126e-01 2.208430198725296556e+00 1.656867880454265807e+00 1.464133857843715747e+00 4.353461500774256643e-01 1.296559771728349686e+00 5.576045322033038598e-01
1.359226872882032255e+00 2.774951849499839529e+00 2.261391259909034446e+00 2.130375095261885399e+00 9.167776189588077163e-01 1.863848640956845992e+00 1.060738769989505004e+00
1.995727166903309646e+00 -3.030071504221052425e+00 2.750683427613502818e+00 2.750785841941464138e+00 1.343776550817942450e+00 2.353467898049910190e+00 1.225422230954547942e+00
2.610429791081293693e+00 -2.564298234465296034e+00 -3.136425412532585888e+00 -2.976714799242647480e+00 1.833938337253111284e+00 2.848116127188595303e+00 1.497942891568848855e+00
-3.080250532961813281e+00 -2.037111198443605886e+00 -2.704065616524641502e+00 -2.399739952660181252e+00 2.622293148558400677e+00 -2.799343082139965411e+00 2.269296463219635296e+00
-2.500973914412066623e+00 -1.447005754264082844e+00 -2.156529370348742258e+00 -1.747627878943673663e+00 -2.563911265844143195e+00 -1.999790421934506846e+00 -2.825058274452169726e+00
-1.931099655983424812e+00 -8.339840335251214043e-01 -1.534872181471825803e+00 -1.062571567397743388e+00 -1.538227548601283523e+00 -1.107727573164641210e+00 -1.296344536252470148e+00
-1.365249337314345501e+00 -2.748966046232826921e-01 -9.162567860062541536e-01 -3.872212576648356719e-01 -7.003872419642402924e-01 -1.859940531687063747e-01 5.756092309981356708e-02
-8.022274364090271614e-01 -2.813765852559692027e-01 -5.444811573419776618e-01 2.637472451788896444e-01 3.332654383342011084e-02 7.501001509442656312e-01 1.161529161001655597e+00
-2.628442783477956679e-01 -1.328651260788501487e+00 -1.776196004994032629e+00 8.911420868172689191e-01 7.156423311720688796e-01 1.739183344461505243e+00 2.156331152159773445e+00
1.004347768451166051e-01 -8.862385911070392863e-01 -1.506531208661921806e+00 1.481015053363671674e+00 1.375728987609592391e+00 2.894005786743165221e+00 3.096352310348990944e+00
-1.063533528717179655e+00 -2.819800479120034842e-01 -9.212428259768316030e-01 1.263432953689519467e+00 2.035479651779600552e+00 -2.027725944328344632e+00 -2.298016859549830038e+00
-9.913083416394097291e-01 3.556671059523076606e-01 -2.748825274708458499e-01 -6.726984944134434263e-02 2.804829588776254212e+00 -8.169460544318821738e-01 -1.472158383543322069e+00
-4.604589790190653509e-01 9.864739927145764753e-01 3.934773533342978413e-01 5.034566357278684734e-01 -8.024236315160852839e-02 1.257997030614657619e-01 -7.009271877467505574e-01
1.137250451105058652e-01 1.557744385971136403e+00 1.057404296003499056e+00 1.096697691721497669e+00 5.955553149603424190e-01 9.043898677127810704e-01 3.100938229695979209e-02
6.632636755395501238e-01 1.868724995689654778e+00 1.669385135504733109e+00 1.608977353939647914e+00 1.145661058302064550e+00 1.546844727399061092e+00 7.056357935571264672e-01
1.149721986127461459e+00 1.492054416261488159e+00 2.160007475390405496e+00 1.874881331480513280e+00 1.593891681703615060e+00 2.007569651191063897e+00 1.269601589115950668e+00
1.532367949588053113e+00 1.617586036992595178e+00 2.478394018456508974e+00 1.874852111485238337e+00 1.927560705734732149e+00 2.275208250596949533e+00 1.708917004916029603e+00
1.816951723170572519e+00 2.196744445670371082e+00 2.812043937947786176e+00 2.155684623172381187e+00 2.226973050941716270e+00 2.658932702163947059e+00 2.213322486382778731e+00
2.118566474361203600e+00 2.940025798957187408e+00 -2.851608052389426717e+00 2.734428329242693412e+00 2.635697840536146419e+00 -2.909765232073920682e+00 2.973170505938886432e+00
2.528755008998820664e+00 -2.372735131071017189e+00 -1.971436842861067573e+00 -2.795965005919216040e+00 -3.084961626435566817e+00 -1.959495843072200039e+00 -2.283110355875610509e+00
3.019605744438049744e+00 -2.138737448104580385e-01 -9.272702434404654914e-01 -1.826291526759054484e+00 -2.381478755598940289e+00 -9.494223260106600115e-01 -1.139915026331896453e+00
-2.793560108587860746e+00 1.324865562673831709e+00 1.585013683985677102e-01 -4.326608320485142989e-01 -1.530068264279825785e+00 -1.415063805659857836e-02 -1.088336198322220061e-01
-2.667329783082104999e+00 2.241700923614255103e+00 1.198253968490139210e+00 1.022126109200503841e+00 -4.849800002105966734e-01 8.248361544095570430e-01 7.684292397267747932e-01
2.792053692460191971e+00 3.067680588911685824e+00 2.173359334891376449e+00 2.050785864262121283e+00 6.816370278085179812e-01 1.587209446261839130e+00 1.536040603936038140e+00
2.934167461529707754e+00 -2.417162143359053328e+00 3.081917852368917909e+00 2.864223846667065754e+00 1.707048834564255158e+00 2.283626667896937246e+00 2.225788898024523732e+00
-2.912594092884864150e+00 -1.660412196498347148e+00 -2.369406472989185275e+00 -2.714331024470150844e+00 2.545358489561813542e+00 2.914795427285739038e+00 2.859703907527206823e+00
-2.438670826623541288e+00 -9.621083644841070814e-01 -1.630236902003719957e+00 -2.080565927110229474e+00 -3.003353312317621704e+00 -2.798635611688502500e+00 -2.820607880831171865e+00
-1.969571906294182995e+00 -3.290995013528090207e-01 -1.049946749654532940e+00 -1.494513362671268109e+00 -2.320850556435366752e+00 -2.279068472163946257e+00 -2.224615315404808502e+00
-1.502937526700086623e+00 2.183977675647486572e-01 -7.833603443747464423e-01 -9.434379530277584580e-01 -1.671328181646439814e+00 -1.804247146022830428e+00 -1.630277886188096437e+00
-1.035877498034120991e+00 6.017167277437761586e-01 -7.427230837885243631e-01 -4.367217549225944073e-01 -1.066395358424506279e+00 -1.390305356388027214e+00 -1.083830458481781056e+00
-5.744633387377886535e-01 7.069086101080011009e-01 -4.522019061209288093e-01 1.638485636959456648e-02 -5.324204494835527157e-01 -1.015373580203869253e+00 -7.087993626353384924e-01
-1.197954469818418299e-01 8.332281774950002218e-01 4.050788965871239544e-02 4.538684895127506058e-01 -7.113814447675741170e-02 -5.947916524426325457e-01 -5.631620155874018652e-01
3.376912941551854508e-01 1.205153213624518882e+00 5.999693437363712301e-01 9.221722715616984534e-01 3.609132405971601787e-01 -1.007316733671109049e-01 -3.218879697007366869e-01
8.090899980969900041e-01 1.704068675735784577e+00 1.185282484330855812e+00 1.415422116421923393e+00 8.074437958596842879e-01 4.263314910649148026e-01 1.062795518642235537e-01
1.285254047765490348e+00 2.245548383891098343e+00 1.771441526062887073e+00 1.899637119626348181e+00 1.272195095019572841e+00 9.433660420219126541e-01 6.123422344249261906e-01
1.750438761622798101e+00 2.786464466989512445e+00 2.340537251470895086e+00 2.365206021678661230e+00 1.753396636790804486e+00 1.445709280900484783e+00 1.186333139251192881e+00
2.206106564244275425e+00 -2.983236106710912772e+00 2.905517714869494839e+00 2.840890962421709798e+00 2.253049762695594538e+00 1.957584945373325613e+00 1.838803707712361346e+00
2.688534849581194930e+00 -2.497309997802827475e+00 -2.726544773824090662e+00 -2.915561678943896506e+00 2.779956840757834780e+00 2.528433142400693168e+00 2.559280031975065484e+00
-3.024460217331498502e+00 -1.963471649440732714e+00 -1.856522379440467718e+00 -2.304584260856270994e+00 -2.920897247134440544e+00 -3.003656393584053674e+00 -2.944101496491854597e+00
-2.298329175152858284e+00 -1.295896288625771220e+00 -8.697462185573646698e-01 -1.589614683268028905e+00 -2.234723196752717467e+00 -1.790464909299620988e+00 -2.102703409364190978e+00
-1.336686940255543243e+00 -4.736127351963319576e-01 3.072031441771932297e-02 -7.628937732911983405e-01 -1.375511976788168722e+00 -3.553922575180851751e-01 -1.200296364500793356e+00
-2.507547883386856413e-01 4.589845506139600961e-01 8.241790051679148688e-01 1.494782337298879438e-01 -3.386778577844118399e-01 6.472531215887160627e-01 -2.787042984021796954e-01
6.726730672295296865e-01 1.410037784661146709e+00 1.539056320991007754e+00 1.066320904416500959e+00 6.809449133029862322e-01 1.434872961664980684e+00 5.870368658941195195e-01
1.420687086648552144e+00 2.313933857783159631e+00 2.191839157753292078e+00 1.899127213936508296e+00 1.540953531302273083e+00 2.120336180246043423e+00 1.353637118192571265e+00
2.054224356551225039e+00 -3.107270418487640740e+00 2.776220616802869579e+00 2.592271650435179708e+00 2.266335213188046094e+00 2.716102492309209637e+00 2.028827821375151608e+00
2.580067344636497673e+00 -1.816557765158218318e+00 -3.058643134739326808e+00 3.073464708912151178e+00 2.895147611292594458e+00 -3.094937620281161372e+00 2.643293654100778767e+00
2.951567239903358342e+00 1.275366572427503842e+00 -3.105843331869741597e+00 -3.124198636372907512e+00 -2.843244689222745869e+00 -2.821669252234487058e+00 -3.077476583205256855e+00
3.096508486845372943e+00 2.032195714807692344e+00 2.598452129661283028e+00 2.977386015495404603e+00 -2.391667992269611354e+00 -2.723937947572189877e+00 -2.597197248859846042e+00
3.139227427123302050e+00 2.684042607128310998e+00 2.796686108710812135e+00 3.114038991428455194e+00 -2.049164103548587246e+00 -2.515481010506587456e+00 -2.228416864160041921e+00
-2.981879811173119510e+00 -3.074769805835372072e+00 -3.090940667436725242e+00 -2.877178427773598557e+00 -1.831879928886281483e+00 -2.146730417347035846e+00 -1.974394832758164853e+00
-2.727710571715345811e+00 -2.708874667742891429e+00 -2.699661597191440165e+00 -2.587691622111639056e+00 -1.744981311493696063e+00 -1.750988076435776586e+00 -1.884067564941564799e+00
-2.465838089023933755e+00 -2.375987935018476715e+00 -2.345345742414555179e+00 -2.327764972709556623e+00 -1.740543767708702338e+00 -1.456903215666754292e+00 -2.025692713109245702e+00
-2.201120052781551983e+00 -1.898543131125690619e+00 -1.970300201553497832e+00 -2.048287465687342657e+00 -1.669004604127082292e+00 -1.311799478403479213e+00 -2.058465290792451885e+00
-1.897539858042351923e+00 -1.299929528125318257e+00 -1.519750470220421867e+00 -1.708778356345837857e+00 -1.460069593495779694e+00 -1.137547229510432301e+00 -1.807484671103855245e+00
-1.527960749954686781e+00 -6.400725600440855256e-01 -9.840115023886144563e-01 -1.301706331181423204e+00 -1.157228263770629262e+00 -7.961338314958090745e-01 -1.376155158621566565e+00
-1.098628042372774338e+00 6.023585750176180253e-02 -3.719747793120946056e-01 -8.357887415256251007e-01 -8.027916368442159500e-01 -3.278905012857304957e-01 -8.422947770246166366e-01
-6.301885320226033871e-01 7.983538856607472756e-01 3.152442249138336927e-01 -3.270892284161411312e-01 -4.162609905531016175e-01 2.176401308784744471e-01 -2.644972918911420723e-01
-1.390776771174609683e-01 1.575016840509368299e+00 1.114206622842496275e+00 2.068787819620789836e-01 -1.367658242902917813e-02 8.290088286935950457e-01 2.932551114765026834e-01
3.394203212319968910e-01 2.368302215916151976e+00 2.092921526922327580e+00 7.497738158744318149e-01 3.642192357238662193e-01 1.528807409628572644e+00 6.549596123686641791e-01
-2.277290556949014722e+00 -3.129748502059080284e+00 -3.099356925588443445e+00 -1.918504617867253348e+00 6.436940862198263780e-01 2.463650594407604366e+00 -1.630774632812702907e-01
-1.822383332910257225e+00 -2.357491641068187427e+00 -2.162749870526041285e+00 -1.425964094115703906e+00 6.399743060211872114e-01 -1.994133353742598702e+00 -3.359316064226361975e-01
-1.414126339732322268e+00 -1.597773792181881980e+00 -1.425474925878591481e+00 -1.002118435825005260e+00 4.029278611849869407e-02 -6.144416748171697140e-01 6.100476040922447191e-02
-1.099098537945501830e+00 -8.418817703390977236e-01 -8.235425525281484527e-01 -6.564865052423742853e-01 -3.689439828286711909e-01 1.348210713786387460e-01 4.985431733872244253e-01
-9.039470205105341050e-01 -8.265660248910586261e-02 -3.664287453369903247e-01 -3.859148084764381648e-01 -2.973941332178887120e-01 6.075744742982733815e-01 8.481156124094549886e-01
-7.481137995769437943e-01 6.790400413606786367e-01 -2.108396918288798771e-01 -1.289382966449789392e-01 -2.981186845749915840e-02 5.108785848740069468e-01 9.744092282949936568e-01
-5.062736998962064083e-01 1.441125096849659393e+00 -3.431460566750290653e-01 2.008847193339707848e-01 3.322776166207799808e-01 2.797263090945287800e-01 1.001625133352125774e+00
-1.770078694517311924e-01 2.149961104207960716e+00 -1.778102547270072054e-01 6.202955603539178631e-01 7.326952256919033735e-01 6.231578495961411779e-01 1.247928164165832188e+00
2.139022119053724524e-01 9.271556883893151968e-02 2.449649369051604131e-01 1.108975245571532930e+00 1.142596484965220816e+00 1.155583363225665128e+00 1.665694630260474707e+00
6.406647942504929416e-01 7.686000310304440530e-01 7.576784454568801230e-01 1.645327172711111618e+00 1.542120782358776587e+00 1.742246318368019464e+00 2.157105334070931413e+00
1.095766280977443330e+00 1.555614470495443102e+00 1.321027088719194387e+00 2.219753904149017742e+00 1.915418238403862938e+00 2.343431600416139293e+00 2.683313804616932696e+00
1.574911212504899183e+00 2.362983164695531269e+00 1.925687528841862894e+00 2.844008982854020484e+00 2.228071170963313197e+00 2.928313916519129201e+00 -3.055920988984255349e+00
2.105782828841114007e+00 -3.121972275019707865e+00 2.564338672388761342e+00 2.258336253645274738e-01 2.404145447606879316e+00 -2.841116790031672945e+00 -2.527526950770650149e+00
2.787321509572557421e+00 -2.422703876655291744e+00 -3.042470861983588293e+00 8.617051372420672095e-01 2.397100080277211998e+00 -2.449000413527585795e+00 -2.064601008399890691e+00
-2.560206639771568593e+00 -2.460669535650024109e+00 -2.304843227799001859e+00 1.427812516255229758e+00 2.353295416462195977e+00 -2.111554765364749731e+00 -1.602523096375616296e+00
-1.684657551757720251e+00 -2.672678954380707683e+00 -1.508060422449322369e+00 1.842040780007277778e+00 2.402043894743929986e+00 -1.674568681706817497e+00 -6.145309816064435937e-01
-1.050633580641065601e+00 -1.993622031708537801e+00 -7.619603406192546613e-01 1.864374170282590226e+00 2.440959565107847062e+00 -1.139811988715907054e+00 7.499418359929966860e-01
-5.246184662984391123e-01 -1.152327721514774694e+00 -7.840218526654603448e-02 1.705143321029463532e+00 2.304205855778953982e+00 -5.812957114199789332e-01 1.644830994517877398e+00
-2.733009984951247778e-02 -2.563698170441561230e-01 5.757965089895177302e-01 1.901872907840802984e+00 1.854431911231264163e+00 -7.914825455360809114e-02 2.351044179317836047e+00
4.710294933034382958e-01 7.056844565880483477e-01 1.210060778406814475e+00 2.156927662738189699e+00 1.648108361641663189e+00 1.874276845547621917e-02 2.981295754043711721e+00
9.901893598393171070e-01 1.846804980976119781e+00 1.841284265937422227e+00 1.973936766740101323e+00 1.809552109892669902e+00 -1.121295659342208095e+00 -2.720705595654685283e+00
1.524847568928052732e+00 -2.970224851465085969e+00 2.485401826887883026e+00 1.468904647290961485e+00 2.151820035083338745e+00 -1.051425074067014354e+00 -2.170075490149030006e+00
2.069419511332892370e+00 -1.576548708691690504e+00 -3.091513885225561253e+00 1.568076415019515890e+00 2.590726145182627782e+00 -7.676284176735347353e-01 -1.670841609579789333e+00
2.622916933695100372e+00 -5.308432985156870121e-01 -1.916708241159574388e+00 1.873704959023688277e+00 3.094146164450272352e+00 -4.379099715477421384e-01 -1.440804727577905453e+00
-3.089875438077102743e+00 3.445224996626192748e-01 -9.468819889964720515e-02 2.242792380721936762e+00 -2.654415328104579697e+00 -4.168041466708414383e-02 -2.141452065487861489e+00
-2.391472328483240428e+00 1.153154185918714436e+00 6.510508067387793529e-01 2.626952879211395420e+00 -2.115336130329061870e+00 4.061089171519477459e-01 -1.938475595880307267e+00
4.114778592563968496e-01 1.981202926816413523e+00 1.057618416753089097e+00 2.907258694190292481e+00 -1.857490609688527083e+00 8.822222885322169583e-01 -1.299256957729815642e+00
1.353286047345630072e+00 -2.643783820201295764e+00 1.303735425701515016e+00 2.882600094337492092e+00 2.335492070945484055e+00 1.359711297108324501e+00 -5.391249229692598455e-01
1.934162294788152714e+00 1.829010218950284303e-02 1.594408942812028940e+00 2.853071706864023671e+00 2.806310008030510783e+00 1.823944207510484139e+00 3.433482308487506574e-01
2.445985251350326628e+00 8.382311559040800386e-01 2.001570783642001583e+00 -3.101262473611322346e+00 -3.003453451539475516e+00 2.260833269440015947e+00 -2.688864592799243614e+00
2.889454822391049671e+00 1.570259581074675781e+00 2.455930353736056837e+00 -2.630850025194801933e+00 -2.583130382458637797e+00 2.651255306446834936e+00 -1.566122375161556057e+00
-3.005414474686854742e+00 2.229366847064084389e+00 2.894887348854046749e+00 -2.157487337363428903e+00 -2.189839499591907046e+00 3.018577065196519804e+00 -7.823448412450428879e-01
-2.646735410979534464e+00 2.799790410415074149e+00 -3.001953006897811971e+00 -1.726381941988780921e+00 -1.776886438118111977e+00 -2.816347387703997729e+00 -7.076129185602873795e-02
-2.259177124411686943e+00 -2.938761942080788891e+00 -2.561615654982052348e+00 -1.259541664664281635e+00 -1.323279494128415834e+00 -2.194903491497891768e+00 5.808109909058936093e-01
-1.828828449695973468e+00 -2.282293936653235988e+00 -1.685460306485441206e+00 -6.444405403568207458e-01 -8.532895417140012873e-01 -1.420869156771025876e+00 1.203423712724924322e+00
-1.348186282693563776e+00 1.364364647304004530e+00 1.225039218015293141e+00 2.834393496592650941e-01 -3.917776387036161490e-01 -5.796210557679124520e-01 1.851102631360063144e+00
-8.201949902865701691e-01 2.218942938343004823e+00 1.929184962458937669e+00 3.012883810907250659e+00 5.945457736370772517e-02 2.224633865859188264e-01 2.711424100916490332e+00
-2.630379961106576459e-01 3.107663597919879450e+00 2.473922017263804563e+00 -2.110688377056566978e+00 4.668758324424019390e-01 9.202478088861686389e-01 -5.142011692424165448e-01
3.188356236446771574e-01 -2.249542701911797060e+00 2.694877639102513101e+00 -1.361922352663363256e+00 7.761480676457453987e-01 1.537609993063133063e+00 3.191201290365778820e-01
9.233396540622053061e-01 -1.272121229548702548e+00 2.679787916754376997e+00 -1.125848903965366521e+00 9.566292488237353453e-01 2.147206772124691465e+00 9.354604110807163142e-01
1.662882589431243119e+00 2.738611544219570870e+00 3.078155211317004536e+00 -1.728974182004350491e+00 1.176203141691905207e+00 2.804153866245708393e+00 1.441770307063155565e+00
2.754384052834448315e+00 -2.527938475060042656e+00 -2.495686480301820165e+00 -1.240555556309586693e+00 1.469684259488394762e+00 -2.755742926887081889e+00 1.799363236340434602e+00
-2.340182503501274880e+00 -1.606106074755526469e+00 -1.655208316300277760e+00 -5.036207422422565028e-01 -5.102171836205028344e-01 -1.961495913823712911e+00 1.994040156749947279e+00
-1.459391316093683111e+00 -7.425918758551007803e-01 -7.592238236423817233e-01 2.733012906918318441e-01 -1.636666857675224407e-01 -1.072685125976263087e+00 2.059789570557877258e+00
-7.538918088393861128e-01 6.013080013591306366e-02 9.472851713945952545e-02 1.063055999615266645e+00 4.431661329509504754e-01 -5.595900030762348404e-02 2.037628656944492356e+00
-1.306121622147463079e-01 7.840137025243840707e-01 7.593498973713573852e-01 1.574549830533991779e+00 1.043482907375152813e+00 1.077160951495441665e+00 2.083168650025323920e+00
4.422203127834852809e-01 1.395804138413711648e+00 1.054383453723450881e+00 -6.997680023692144646e-02 1.560589609117662091e+00 2.309687597587664509e+00 2.182202225343996549e+00
9.512364468886389535e-01 1.793985162032223357e+00 1.058580753620615544e+00 7.268033069828043757e-01 1.886977756763189351e+00 -3.690563739302281654e-01 2.249600413149209555e+00
1.389464403471005749e+00 1.975628276892143154e+00 1.302238209069761954e+00 1.569461922245001029e+00 2.000580181204763885e+00 6.545946935945459177e-01 2.408624067303095639e+00
1.749077876151392985e+00 2.257183207399184877e+00 1.677258159760453449e+00 2.359162201491256106e+00 2.172046029565606329e+00 1.461364689358057634e+00 2.736324211248629901e+00
2.031242876105001649e+00 2.686181422237611027e+00 2.048380538262307038e+00 3.054740258199214242e+00 2.505404972152982079e+00 2.209193060933241082e+00 3.137070039050446457e+00
2.220685998716228404e+00 3.127892945965471849e+00 2.383991437120904777e+00 -2.656096199107707001e+00 2.917161530091814559e+00 2.918701125833648380e+00 -2.781786547535135767e+00
2.308800753303961173e+00 -2.872579436108908535e+00 2.678055774648497867e+00 -2.263067642184122263e+00 -2.950054049620851160e+00 -2.705820932021561376e+00 -2.591626497460882028e+00
2.419273747614814951e+00 -2.711293304424232886e+00 2.966412710857302848e+00 -2.081358067774705223e+00 -2.566043417119329817e+00 -2.117737958095462503e+00 -2.521931233730778210e+00
2.632693474101871711e+00 -2.421341651560514396e+00 -2.994156099803344961e+00 -2.008918191895843641e+00 -2.256688516594687055e+00 -1.634539905335824495e+00 -2.285625919142932450e+00
2.927376641311226546e+00 -1.946804995333059951e+00 -2.600998667756852178e+00 -1.809464758905575454e+00 -2.026508511997416662e+00 -1.247012725343342510e+00 -1.869500325198558466e+00
-3.080898144756408996e+00 -1.404178884288416640e+00 -2.151031973327246050e+00 -1.464140334916587793e+00 -1.817219037674392190e+00 -8.442418678636454121e-01 -1.374528652596884726e+00
-3.007528983797583599e+00 -8.541393569328210589e-01 -1.661064786696581752e+00 -1.075983742565380652e+00 -1.544015741746089798e+00 -3.232862992288260129e-01 -8.303804568189002699e-01
2.818867265204334949e+00 -3.508010416565226497e-01 -1.202111537471170610e+00 -7.916853248762675266e-01 -1.209222398185292313e+00 3.298758792750704494e-01 -1.664057411860141167e-01
2.820801111751114920e+00 1.856132068925414255e-02 -3.017264819036522550e+00 -8.239608250563453806e-01 -8.709035993354601324e-01 1.121852137737820110e+00 1.084417634023761901e+00
-3.074329306411376805e+00 2.649119025323223853e-01 -2.968784465412551921e+00 -8.729997788313029750e-01 -5.768456538631879793e-01 2.294496744183416315e+00 3.036544238500213488e+00
-2.594570903781598936e+00 5.516399012710063721e-01 -2.476523688252128874e+00 -5.754019465613791073e-01 -3.283549558729357276e-01 -2.265575528630263236e+00 -2.312381521985088284e+00
-2.141276025718391818e+00 9.767344824905165313e-01 -1.951262331685398088e+00 -1.130924917848909333e-01 -4.692368677352382750e-02 -1.255365616691638708e+00 -1.571413250199715783e+00
-1.727949772661037331e+00 1.465303128117022124e+00 -1.391749851150219097e+00 3.849784372844615166e-01 2.779935277609753008e-01 -5.890324248408305152e-01 -8.838903773817519127e-01
-1.305546175946538767e+00 1.939095594351748719e+00 -8.026474990392989950e-01 8.644814257339793473e-01 5.970800591349613162e-01 -1.577135297853259760e-02 -2.601754187296797527e-01
-8.268294914899076975e-01 2.357980937362555096e+00 -2.067964909127016082e-01 1.288508810889612777e+00 8.534288570958171727e-01 5.308267737556161547e-01 2.507315615121251118e-01
-3.296522147829392679e-01 2.789664278311720036e+00 3.561985359418312069e-01 1.632467362405454647e+00 1.081453247174939181e+00 1.066831052874621433e+00 6.370530344708268400e-01
-2.144300233138820566e-01 -2.896578734788428200e+00 7.463103681268729028e-01 1.820298418077257896e+00 1.227056953288274688e+00 1.542513307332314287e+00 9.752610517994231287e-01
-1.298172642732478455e+00 -2.082379012226777792e+00 3.704089157185441183e-01 1.632700150873689582e+00 1.089829474981844903e+00 1.860651244810057836e+00 1.356494856166300611e+00
-9.618708593936434736e-01 -1.048159143703841556e+00 1.803120410205323945e-02 1.455098314505865797e+00 1.010433130088334464e+00 2.052123632322659486e+00 1.770050357654445516e+00
-4.112105438741575081e-01 3.298544456510534018e-02 3.336625499933550953e-01 1.706448181988606372e+00 1.293239594979895601e+00 2.404192289303320518e+00 2.136724319407035999e+00
9.904906021269278826e-02 9.066627066191529360e-01 7.214593368906765392e-01 2.113939748870649282e+00 1.698810516769748036e+00 2.998320934891698375e+00 2.070574671852767779e+00
4.843908868651089494e-01 1.531708788200100813e+00 1.032550704231867567e+00 2.487332955769518961e+00 2.075704144385652761e+00 -2.426210098273446025e+00 7.791306030597128229e-01
7.036324337359523007e-01 1.867678306941729094e+00 1.140891090575337552e+00 2.615547665292314861e+00 2.314294372059625182e+00 -8.717018868362390593e-01 8.436582238211588480e-01
9.877601103168094365e-01 1.974157683968523980e+00 1.168596117292350911e+00 2.471589460811230321e+00 2.369818751563655290e+00 6.566840085402231297e-01 1.187883123839528432e+00
1.446858920453164998e+00 2.186346154436189959e+00 1.393344795000113878e+00 2.617100617926914286e+00 2.483424286621880750e+00 1.555608190568013249e+00 1.639987641165920218e+00
2.036489496176036251e+00 2.425473409455824125e+00 1.779262541626954963e+00 2.998254553975308490e+00 2.788616759552263069e+00 2.282569647351330389e+00 2.192431937110123741e+00
2.717147043886328550e+00 1.642634250606269886e+00 2.216629743016120813e+00 -2.821458531485769861e+00 -3.060514802523305100e+00 2.953885870140365633e+00 2.965691003189869335e+00
-2.805606446270018317e+00 1.202696947667244665e+00 2.578153800062363388e+00 -2.355091459248123353e+00 -2.607137251014755019e+00 -2.673764152211223877e+00 -1.145101184778518411e+00
-1.878486377378361549e+00 1.531691638705030778e+00 2.424582869465651935e+00 -2.029500749886785638e+00 -2.253755302760517054e+00 -1.987171273357720258e+00 2.363281809527366939e-01
-6.850035033588703914e-01 1.932899274171261172e+00 1.750919330969386900e+00 -3.077892607275120262e+00 2.478712348529262144e+00 -1.172225074258923083e+00 9.861696899477396805e-01
5.378363277298621181e-01 2.324778095339293138e+00 1.918290224685650802e+00 3.012284000148068852e+00 2.347957873708451437e+00 8.043749977256503536e-01 1.658208041168747204e+00
1.478761230633766743e+00 2.608766191106407284e+00 2.225369430339631638e+00 -2.911142767928736941e+00 2.706028122861957819e+00 2.345389423554816499e+00 2.328485049184120026e+00
2.171441747272675027e+00 2.757089306036902610e+00 2.548133775654365607e+00 -2.520963012742098552e+00 3.107532059541084024e+00 2.971419656750757365e+00 3.031426384767911930e+00
2.690032950719564386e+00 2.913103798330096250e+00 2.889960838196668380e+00 -2.161260056182014999e+00 -2.804632135312776331e+00 -2.885247470382570789e+00 -2.494608240460036708e+00
-3.120195402267977425e+00 -2.975666420535101331e+00 -2.981752228252444237e+00 -1.819638594134767473e+00 -2.439758726552865298e+00 -2.477738584575341907e+00 -1.614084611226047183e+00
-2.642452471764964894e+00 -2.410714080277877258e+00 -2.521171355099314226e+00 -1.483473320937677808e+00 -2.048999433907672696e+00 -1.995985651725565413e+00 -6.040506145146731232e-01
-2.080632440704277997e+00 -1.660360122444790809e+00 -1.978104416293466894e+00 -1.117544512168151316e+00 -1.583454386028300354e+00 -1.407685875511874185e+00 2.741910876292463217e-01
-1.514953337032414193e+00 -7.649755671905827947e-01 -1.377108533442360061e+00 -7.059216752075389012e-01 -1.064643316964409392e+00 -7.446372920905418580e-01 9.184375819740306923e-01
-1.025636909448296441e+00 6.658439412572424165e-02 -7.544779071415292915e-01 -3.359309721560034823e-01 -5.461172780186570597e-01 -4.979002817039739071e-02 1.404240150397799036e+00
-7.636724551848567133e-01 6.926527158950039897e-01 -1.544142783642557248e-01 -2.459262910278195435e-01 -8.287407180437175724e-02 6.583122782609241996e-01 1.866918084420602808e+00
-8.818921593544125637e-01 1.099022745478254182e+00 -1.092713920834642360e+00 -6.061668197069502995e-01 -2.859813518053958351e-03 1.304014855471972600e+00 2.398085187245450722e+00
-7.693017990414856566e-01 1.474298704965979923e+00 -1.125814180863129899e+00 -4.495338033757820262e-01 -7.513013995038300141e-01 1.774383056237154310e+00 2.996148439976857425e+00
-4.653652578981691823e-01 1.810028921397883961e+00 -5.761361539662352982e-01 -8.529797480964057196e-03 -6.506253043278760195e-01 1.596437190282293361e+00 -2.621270384309519752e+00
-5.821890995156089182e-02 2.062351656127828115e+00 1.078647128493590568e-01 5.060943454079704917e-01 -1.830304477899354354e-01 1.093284116258010030e+00 -1.869109629104615200e+00
3.022718573863421576e-01 2.268069600155584453e+00 6.443655434280763927e-01 9.251565842886776414e-01 3.306689367706325822e-01 1.174241528660918910e+00 -8.621713394981762590e-01
6.483625898696300238e-01 2.310640373968756212e+00 1.234331865579944676e+00 1.186932204165879190e+00 8.644224278995128463e-01 1.463655310906184281e+00 4.209970934870834736e-01
8.170124185817504436e-01 2.185111912976045012e+00 1.780989258099865191e+00 1.322482445430404274e+00 1.330570788371257862e+00 1.857852241169863916e+00 1.384429322130840356e+00
8.373463409498248522e-01 2.144493458667152019e+00 2.093527945933524759e+00 1.455223091027330051e+00 1.660122409611828331e+00 2.247066366596359721e+00 2.036333182810845077e+00
7.998656293615491464e-01 2.376486225655185969e+00 2.463356327535470847e-01 1.571335646883893711e+00 1.689904677904665586e+00 2.253039611368980122e+00 2.418313329760882979e+00
9.584465635418417673e-01 2.584703017584095708e+00 6.537655221432134844e-01 1.731146507955306113e+00 1.433390349121187013e+00 6.918531796138113199e-01 2.062639132603117709e+00
1.145047668293585952e+00 2.802316922012273448e+00 9.244164364355166308e-01 1.884058944041486106e+00 1.312914969339827875e+00 9.021350026643419895e-01 1.592360176850752262e+00
1.365488527074614211e+00 2.557995616274611805e+00 1.268560468349811510e+00 1.750549739268918659e+00 1.406926146123606225e+00 1.306542709196175878e+00 1.611204127574284772e+00
1.540150248425338431e+00 1.564139624743336787e+00 1.543145874203581958e+00 1.424667522952070886e+00 1.543369548455397755e+00 1.686566800319771353e+00 1.783064515480239587e+00
