1.586327907267596427e+00 1.495953191900905033e+00 1.598252008607401464e+00 1.554962367395289036e+00 1.607463717245229740e+00 1.653342029694872872e+00 1.611321083602149651e+00
2.110381675582043925e+00 2.340800269359498920e+00 2.357443982088679668e+00 2.609799370567356114e+00 2.400341255179513578e+00 1.940528585686636998e+00 2.479241213415912082e+00
2.554435184883982579e+00 2.967069606451444130e+00 2.922048804479249196e+00 -2.833401013355658193e+00 3.083164444042742591e+00 2.318769107969222087e+00 -3.016612798351259617e+00
3.021505040385565888e+00 -2.799966170642291363e+00 -2.774206078247344998e+00 -2.203966645665603963e+00 -2.565030446425937694e+00 2.870672744422505751e+00 -2.418296860671062642e+00
-2.792724791206889545e+00 -2.285505297890362719e+00 -2.260764756198405223e+00 -1.704555046670550356e+00 -2.008801148907452205e+00 -2.634728310702268761e+00 -1.776887431407306872e+00
-2.311146518223377022e+00 -1.857938343836504691e+00 -1.765722394030541986e+00 -1.558525935883843694e+00 -1.542363455098705982e+00 -1.611128492883024066e+00 -1.098928017579324568e+00
-1.947460625923207012e+00 -1.634268303139242207e+00 -1.319351681816494315e+00 -1.700891626929665001e+00 -1.186006180232062723e+00 -6.086966197503136389e-01 1.531492813781733853e+00
-1.961254105546802906e+00 -1.759134234793593432e+00 -8.986429012775529745e-01 -1.511439958319576338e+00 -9.175459712437220583e-01 6.868890306157440784e-02 2.834742303883271752e+00
-2.153902470425431481e+00 -1.694319215901566977e+00 -4.653979028003608076e-01 -1.051676490529201091e+00 -6.581032770955973499e-01 2.258690365539263445e-01 -2.701197024953296832e+00
-1.822112531207087383e+00 -1.317432580793095109e+00 -5.119371032189990595e-02 -4.796309553584300334e-01 -3.651293546082347019e-01 1.439280172601976604e-01 -2.038271487516294833e+00
-1.230058490076032074e+00 -8.330920254346493303e-01 3.149976767515235698e-01 1.011411493330409278e-01 1.179481224022765028e-02 2.810322537214854921e-01 -1.347745373464070529e+00
-4.974508464124237639e-01 -3.225919715867009985e-01 5.436661685393748833e-01 6.687078492123881279e-01 4.314744721359635160e-01 4.309489506008311044e-01 -5.719136325471253501e-01
3.616028335571968566e-01 1.619124151280413315e-01 7.241723526949862544e-01 1.165720282414812292e+00 8.781855618651523976e-01 7.133016584183213826e-01 5.498897130067434968e-01
1.255973952781090475e+00 6.293478789690972741e-01 1.003850580350844401e+00 1.614573656852871686e+00 1.319030832501030703e+00 1.214983783835383857e+00 1.933008826234055011e+00
2.063266534160592691e+00 1.078319784062812703e+00 1.410477633143567555e+00 2.075506614127890614e+00 1.797301020343251787e+00 1.905903096330882951e+00 2.724033462575441877e+00
2.713092972648648793e+00 1.561504063572979994e+00 1.863394260419120485e+00 2.632386687045885854e+00 2.433830510510003542e+00 2.796805384709200037e+00 -2.921935099451564710e+00
-3.061882816967926857e+00 2.077751885387093544e+00 2.311371391323773672e+00 -2.915072696647299733e+00 -2.850976595867685148e+00 -2.407092826237578809e+00 -2.243656866157523577e+00
-2.615245482869390958e+00 2.574961077875347115e+00 2.755647736104607670e+00 -1.985520678714653320e+00 -1.630923802385282340e+00 -1.410710900070108575e+00 -1.567550676281598721e+00
-2.201634973031727505e+00 3.014874514756255675e+00 -3.068817947112630673e+00 -7.788269423646588807e-01 -7.522359742607053201e-01 -6.981208716278618498e-01 -9.266606000122259434e-01
-1.772142237747606819e+00 -2.892542712323110443e+00 -2.506386977446743103e+00 5.493965460101073450e-01 -9.447443647159604885e-02 -1.950939927616113234e-01 -5.087473375022322220e-01
-1.317879818204109155e+00 -2.475264271383132542e+00 -1.829385762516689828e+00 1.633950658611792894e+00 4.874635731558380480e-01 2.358293046932213310e-01 -1.482307810670565607e+00
-8.210767352260969210e-01 -1.960812025566820216e+00 -1.060485496932246807e+00 2.486828893197267298e+00 1.032674316511319246e+00 6.826464314407438838e-01 -1.331724023041143345e+00
-1.970227198102561528e-01 -1.311920160684401981e+00 -2.723164994366404912e-01 -3.134936916263070472e+00 1.577231285854637566e+00 1.178922838369207637e+00 -7.899287630515966496e-01
6.702421368487727626e-01 -4.228438728841699135e-01 4.347237296722914479e-01 -2.713677933170955736e+00 2.139216983222579582e+00 1.736549521979097177e+00 -2.208417967161722950e-01
1.755459978440939262e+00 1.327779195762998743e+00 9.482742384552331760e-01 -2.300513819519458103e+00 2.750608441241197522e+00 2.352048555763655902e+00 2.321218507640626372e-01
2.706445382975305236e+00 2.801768196207901074e+00 1.036850737193562022e+00 -1.687376392644006629e+00 -2.724491575135780774e+00 2.996068940901990274e+00 5.854542660889668904e-01
-2.831263952089759783e+00 -2.751197302425997027e+00 1.158375382902274264e+00 -8.540767929600754371e-01 -1.055019435386918003e+00 -2.689050459676568750e+00 9.767804878706363159e-01
-2.206688982463469895e+00 -2.799258270693544048e+00 1.654201116492253876e+00 3.210950176344242735e-01 4.158839497653286643e-01 -2.400589759635170850e+00 1.535603672874278791e+00
-1.687782723320993883e+00 2.729928852873673595e+00 2.340563708787776864e+00 2.052329904803263716e+00 1.231262680311949964e+00 -2.936269455545934992e+00 2.194098772447846901e+00
-1.288201335769757927e+00 3.098103633878125596e+00 3.141274047718928042e+00 -2.901812453025441219e+00 1.948177372180959432e+00 -2.754217398555516727e+00 2.885675749866289941e+00
-1.045206744084270278e+00 -2.668801819845882939e+00 -2.282386189037382884e+00 -1.978619280028716565e+00 2.718933549019252105e+00 -2.204956176647161925e+00 -2.710030984988105907e+00
-9.452470787231492810e-01 -2.172654269190790632e+00 -1.420734414874706975e+00 -1.225271685436783331e+00 -2.539328037871221522e+00 -1.591667904603491834e+00 -2.106736705279986133e+00
-8.534721800387903290e-01 -1.726476634243591768e+00 -6.632233229197624924e-01 -5.900679943157398633e-01 -1.357098053217880240e+00 -1.011946844471874662e+00 -1.678122786637718189e+00
-6.762978166145600101e-01 -1.328275284411545965e+00 -8.114557815579254152e-02 -5.223868942059631953e-02 -4.799464821330957087e-01 -5.683143874204764634e-01 -1.448280597430773975e+00
-3.784959959768393611e-01 -9.384827062857749036e-01 4.023210672269738053e-01 4.292514362292933483e-01 1.947697748678076934e-01 -3.682116058850898321e-01 -1.133003209882506912e+00
7.459723196508356163e-03 -5.101716057192133835e-01 8.605507093307562805e-01 9.300714819539526168e-01 7.824176366771912194e-01 -2.527227932748321582e-01 -6.153807883344838414e-01
4.375237031454517478e-01 -2.228040344997493649e-02 1.255803798085666445e+00 1.463763789407492188e+00 1.334639558651674607e+00 4.355872314426733477e-02 7.029712807880010746e-03
8.584844665197371993e-01 5.427714376945389496e-01 1.217500787094123016e+00 2.029221879001226192e+00 1.877348739017510093e+00 4.712658822957830895e-01 7.175932164821908765e-01
1.257454273753204843e+00 1.188027102557497550e+00 8.872413100210736481e-01 2.632417472147301041e+00 2.429095366521511590e+00 9.274068592384281384e-01 1.646736367029716153e+00
1.640676302901503458e+00 1.912164989354752320e+00 1.106267501479082593e+00 -3.001849487000400440e+00 2.988786750217542032e+00 1.267455119235569194e+00 -1.380661728044707992e+00
2.024988088220856408e+00 2.689692580523686427e+00 1.496775854564917907e+00 -2.255566821536836297e+00 -2.747202383919722379e+00 1.126975641789165428e+00 -4.689447404050205437e-01
2.420787888355560913e+00 -2.846699280587662084e+00 1.901281465896160983e+00 -9.181571358994526921e-01 -2.207910623351423407e+00 8.272351836190651175e-01 3.268993186514880800e-01
2.810596034199573268e+00 -2.297283302692382900e+00 2.317439058190889245e+00 1.467599881335894807e+00 -1.604330416464486264e+00 1.060615561344502522e+00 1.064125691337460600e+00
-3.138033360669498784e+00 -1.875113640622637856e+00 2.780693463096881146e+00 2.291596277048435049e+00 -3.307508926555175477e-01 1.476185703438670060e+00 1.697388942310632531e+00
-2.988921365387236850e+00 -1.194986298145987114e+00 -2.968898788411019396e+00 2.889732342949880017e+00 1.581999273753781798e+00 1.920193183331327935e+00 2.050500440828261883e+00
3.134025117760777857e+00 -3.561904681015102270e-01 -2.326514988958657604e+00 -2.957249427602885117e+00 2.300757570521148931e+00 2.329484479563393773e+00 2.058435526286712225e+00
2.724713047309223590e+00 5.075484072276356118e-01 -1.539450135100272288e+00 -2.647004202589876343e+00 2.841749066843438865e+00 2.717891001980310861e+00 2.327080164350150859e+00
2.628317198698976842e+00 1.316113564621925969e+00 -4.196440026834725168e-01 -2.352900563169634918e+00 -2.941746679457970082e+00 -3.117909857726315348e+00 2.830334168205841383e+00
2.887784695487965347e+00 1.290119512289386705e+00 1.211242304701406258e+00 -1.986639886956482304e+00 -2.447506978679447442e+00 -2.581573088914723257e+00 -2.894195491319930369e+00
-2.975474179752374937e+00 4.163642675388586900e-01 2.347156782309907097e+00 -1.585914949338980584e+00 -1.936257924239114470e+00 -2.003539823732455094e+00 -2.365125749558996571e+00
-2.516243071602304759e+00 1.095769039238443376e+00 3.114033839081180588e+00 -1.242644140697698241e+00 -1.410807127267849292e+00 -1.548597525977858158e+00 -1.868186157698872529e+00
-2.058136864700448765e+00 1.813614854910308383e+00 -2.490375240143757996e+00 -1.075140402577305476e+00 -8.836923449384359586e-01 -2.131892574525735551e+00 -1.377349493349814269e+00
-1.607649567067047869e+00 2.457995059845017316e+00 -1.818920972360214217e+00 -9.625666010083003821e-01 -3.745799935726341068e-01 -2.227746262045586789e+00 -8.260829016555455429e-01
-1.129164286798369110e+00 2.940982651337504361e+00 -1.074956059458257229e+00 -6.270653221483664108e-01 6.965982122922392827e-02 -1.683014708644870794e+00 -1.112247819695958290e-01
-5.790283996898036856e-01 -3.063757349050305390e+00 2.411731895600451203e+00 -1.459677897981973282e-01 3.435292376241285695e-01 -1.137575373968215509e+00 1.048608479048153130e+00
8.688562512265546323e-02 -2.786923550672726346e+00 -3.101370301705510091e+00 3.426900564937123694e-01 3.262982012981539559e-01 -8.172629817217152981e-01 2.990623770745781673e+00
1.077273263112320079e+00 -2.308316083077473380e+00 -2.496009507584791454e+00 7.221978939234733330e-01 3.767361501504382093e-01 -7.809768494678166473e-01 -2.121383633474192898e+00
2.872400763759104247e+00 -1.679869013759510032e+00 -1.962892531609396141e+00 1.014623593033249449e+00 7.214554356045439487e-01 -5.905628785027180472e-01 -1.258988594924326021e+00
-2.184847912421054250e+00 -9.494000231990616934e-01 -1.516570752674586409e+00 1.409363137225497331e+00 1.243413763726398447e+00 -1.945247194864605234e-01 -4.672048122465770059e-01
-1.335416957092358858e+00 -1.142173419459591305e-01 -1.142706623402713451e+00 1.966873469161467769e+00 1.859335735588381944e+00 2.517104382767565984e-01 3.119546360979680855e-01
-5.088413456017539804e-01 8.593650941999807502e-01 -7.751654889831539608e-01 2.614854783788842507e+00 2.519625767697031282e+00 6.626932783797603310e-01 1.071529816063766738e+00
4.343600475557283236e-01 1.974020706674719516e+00 -3.382907329182178180e-01 -3.007123485558485410e+00 -3.103433228665103627e+00 1.023268789804836043e+00 1.187012759783585558e+00
1.658856005121885024e+00 3.008695650731850080e+00 2.306894284794625827e-01 -2.403093611759948622e+00 -2.498130799503326838e+00 1.419920495794904536e+00 -1.744295798078405457e-01
2.908897760146365030e+00 -2.850168300055700765e+00 9.934913283019873864e-01 -1.962785064744465124e+00 -1.998560829880603462e+00 1.929919327283449837e+00 7.691997059892855537e-01
-2.511612185446729040e+00 2.905858872845152874e+00 2.371705353822357143e+00 -1.750056780894321484e+00 -1.618807372698037206e+00 2.546064498741346771e+00 1.873291478010527200e+00
-1.909346458094852039e+00 -2.981709769100277629e+00 -2.307732068902115685e+00 -1.565044746743296633e+00 -1.268816386524500572e+00 -3.053343314719328738e+00 3.076461167532094532e+00
-1.455221092959079865e+00 -2.369651814401844803e+00 -1.455558167954208448e+00 -1.221998685499389614e+00 -8.830173546591273404e-01 -2.348350063271623878e+00 -2.140738454092362186e+00
-1.081152399149241550e+00 -1.741688089560526009e+00 -8.243547884189358355e-01 -7.706001447837276253e-01 -5.036207645024696200e-01 -1.693732697169393342e+00 -1.329889965931280393e+00
-7.272181514432231042e-01 -1.132751464458990220e+00 -2.831608399772235218e-01 -2.929790199556159269e-01 -1.780423870685215737e-01 -1.269704949009663020e+00 -7.288525043389538771e-01
-3.599887166675005412e-01 -5.522843187072807858e-01 1.868264125644970020e-01 1.528345233052626206e-01 1.043176463740718429e-01 -1.300456487986280996e+00 -2.805387448934273942e-01
2.160141335983714952e-02 8.243164409937039916e-03 6.333242177798850125e-01 5.405214064401807628e-01 4.127792994592613951e-01 -1.031012712140885856e+00 1.141356672791577070e-01
3.938986237550669012e-01 5.733389090673424171e-01 1.083218815398205415e+00 9.123145338827782780e-01 7.738453423343069071e-01 -3.587560252362439472e-01 5.808683298958631225e-01
7.748537364957414075e-01 1.161001918351435513e+00 1.525924258225632268e+00 1.308453554123194529e+00 1.169291299975364851e+00 4.749323072207993768e-01 1.105162535149966319e+00
1.207735359503468775e+00 1.781749303319709599e+00 1.934523040239156666e+00 1.738073693609434089e+00 1.569241821957336525e+00 1.386996683633837213e+00 1.648520125544894244e+00
1.725536979069864696e+00 2.428536062932575845e+00 2.345186574967963899e+00 2.180039650334474555e+00 1.964216281699314948e+00 2.339392674100497338e+00 2.144287564999080686e+00
2.322321630462251374e+00 3.075188181577615865e+00 2.809125500435127432e+00 2.590877983135873031e+00 2.359370711237303464e+00 -2.976419516256412212e+00 2.466779638717773171e+00
2.979825065844140752e+00 -2.615529051395671711e+00 -3.002879029768759089e+00 2.917721702461412381e+00 2.752895912453896976e+00 -2.001088237252972579e+00 2.498057882555377862e+00
-2.586700579332863903e+00 -2.239629821696028866e+00 -2.616480890625793698e+00 3.117556463721880000e+00 3.127426813121954030e+00 -9.040486389989633720e-01 2.506435644773687521e+00
-1.765545993423428994e+00 -2.418920392121352680e+00 -2.359728142327895295e+00 -3.026987646410677524e+00 -2.847102544491502130e+00 2.108676540022165202e+00 2.720998534803980018e+00
1.364752563720795231e-01 -2.491619796964853251e+00 -2.032317434223633423e+00 -2.833116197249174295e+00 -2.646633535739451482e+00 -3.069557531982582965e+00 3.012133982098697427e+00
2.080564633493603210e+00 -2.227946727414655381e+00 -1.562414573424006914e+00 -2.557581277575339485e+00 -2.490244011399995294e+00 -2.463529484483959475e+00 -2.917398533651848869e+00
2.764851958432236412e+00 -2.038772040419197573e+00 -1.047795567749659984e+00 -2.252118747901675988e+00 -2.231532979089814628e+00 -2.103932622618559733e+00 -2.520652963039758276e+00
-3.100420247053692790e+00 -1.880447240871338188e+00 -5.771172257395579264e-01 -1.939459794188103769e+00 -1.866431690257165821e+00 -1.775606846136213335e+00 -2.049722397573105592e+00
-2.847855596591172933e+00 -1.491581104577914374e+00 -1.790497372478163929e-01 -1.612189719566759827e+00 -1.457725115926152615e+00 -1.358324527011509630e+00 -1.501173066280510060e+00
-2.623149115658392372e+00 -9.317825389584836193e-01 2.014094078632805429e-01 -1.267376376293586793e+00 -1.059717709351381432e+00 -9.993004449274728307e-01 -9.348061232149041944e-01
-2.377939736559046224e+00 -3.293297631645105139e-01 5.122312588440578462e-01 -9.320087165925116102e-01 -7.036611474009639711e-01 -9.506900869968625267e-01 -5.771396512774765730e-01
-2.136994208371534310e+00 2.006571723357509773e-01 3.882158147632672751e-01 -6.066517247378011568e-01 -3.665159218131324170e-01 -9.637970772324607749e-01 -6.919829485113672130e-01
-1.836261770825323270e+00 5.314173335906884343e-01 1.846319525846896459e-01 -2.244473299428144941e-01 2.559548754761557798e-02 -6.080007014850431490e-01 -3.710144427251254595e-01
-1.442822066205803777e+00 7.221337649571908379e-01 5.989744891234377588e-01 2.501253919372790069e-01 5.415852752217499289e-01 -6.362240731527006588e-02 2.950423000524123873e-01
-9.801806736093328087e-01 1.123000660677968110e+00 1.198384039203675977e+00 7.970058175477127138e-01 1.206625873253445613e+00 5.299795167592108447e-01 1.057945295741258063e+00
-4.945946700816244435e-01 1.730200178524635701e+00 1.826715495141420176e+00 1.362488962316610541e+00 2.057751772161456216e+00 1.040865898915885213e+00 1.819399063464582911e+00
-6.435385413451535919e-02 2.414879291770565484e+00 2.400036125510311091e+00 1.837654917398872989e+00 -3.123101926905465398e+00 7.085711735129187616e-01 2.465687816168076196e+00
1.895053926513121378e-01 3.057996153615157198e+00 2.691003897416902824e+00 1.726369508866038460e+00 -1.873620618000961580e+00 2.679546113174702815e-01 9.727331376700134591e-01
2.251266046838241996e-01 -2.968080504255050212e+00 1.989665735865965512e+00 1.428645647165032839e+00 -7.854779692341925523e-01 7.935920464851280443e-01 1.306466693437957183e+00
4.665446151554842324e-01 2.882416507768597924e+00 2.073452967848088413e+00 1.951698455949635314e+00 1.126670236052089991e-01 1.434736973087478162e+00 2.012512397244448970e+00
9.898202687336657979e-01 -3.011308315520417445e+00 2.582163692494179319e+00 2.689353262749419216e+00 8.921063276131060427e-01 2.050015722313944799e+00 2.744098569488088391e+00
1.735059294748207970e+00 -2.324269873474633208e+00 3.140002175859490041e+00 -2.786956103851307098e+00 1.561965065899422189e+00 2.550066456931832537e+00 -2.819498807067353674e+00
-1.253097915837233511e+00 -1.567035476647109515e+00 -2.601443198033594584e+00 -1.954365156059782782e+00 1.806343476131751391e+00 2.802399421839042670e+00 -2.211026679771304959e+00
-3.206799329552086908e-01 -7.678773462880037481e-01 -2.090440885064150933e+00 -1.032651606080207340e+00 7.238151179492735565e-01 2.696711645471323138e+00 2.979431548038224520e+00
4.131656129055129578e-01 1.065863974437463724e-01 -1.585324858633037737e+00 2.624391195763906559e+00 1.138134111696739836e+00 2.755751761354566565e+00 2.690343557918907003e+00
1.123545324431708625e+00 1.173219857973497149e+00 -1.064884719366220311e+00 -2.840407378400397143e+00 1.783807522020873337e+00 -3.070628281790728664e+00 -3.127104676301654784e+00
1.816077168219060400e+00 2.641292889076437334e+00 -3.084504072241173178e-01 -2.154209862094245587e+00 2.478512918776926810e+00 -2.439644602399883677e+00 -2.852853224787051278e+00
2.483791148153809303e+00 -2.311670060928921355e+00 1.449552702630477530e+00 -1.595229496555183424e+00 -3.072985098885676170e+00 -1.785504010978532285e+00 -2.818689240462776802e+00
3.103146148292688089e+00 -1.546981976683776461e+00 2.149404045497984139e+00 -1.149223063366869857e+00 -2.283216174043389834e+00 -1.205509517271761366e+00 -2.557874616302066251e+00
-2.663905375322867197e+00 -1.306708299461090572e+00 2.671045802623720267e+00 -6.921848454068593171e-01 -1.438564564782064847e+00 -7.259750024180336991e-01 -2.009884211236824481e+00
-2.294595178119545498e+00 -1.180737986274200235e+00 -3.063249025762861955e+00 -1.385032072042672868e-01 -5.715978136368224938e-01 -2.685102807100124278e-01 -1.330278642604775463e+00
-1.985650405015243258e+00 -7.632347955169701548e-01 -2.504368903801023727e+00 4.949993613586662344e-01 2.798712640981464439e-01 2.385147097211558487e-01 -3.008481271044222694e-01
-1.569251263432114740e+00 -2.344670831441759973e-01 -1.949469011019579812e+00 1.185753087704130238e+00 1.092658841016511895e+00 7.948615891046592052e-01 2.734722099793814198e+00
-1.040842887032163544e+00 2.960249452871297482e-01 -1.417676326118335162e+00 1.916279829685683112e+00 1.861861675549683737e+00 1.388575519521913826e+00 -2.761648829411250450e+00
-4.687136629485234574e-01 7.949003403145820101e-01 -9.102853382124296289e-01 2.668959151473113245e+00 2.577168434730553237e+00 2.011899074425407719e+00 -2.086330048236136214e+00
8.126480660368308462e-02 1.027690844689850502e+00 -4.176980154775611909e-01 -2.879111254531450559e+00 -3.108179159360437094e+00 2.644715960018702461e+00 -1.430948799092985002e+00
5.357169325946101734e-01 4.266859823288164377e-01 5.524628762511595015e-02 -2.698885743439882745e+00 -3.067837091082549872e+00 -3.052776846727354609e+00 -7.869756571729362715e-01
9.107360043486049106e-01 7.217983011317263831e-01 4.952743117609371692e-01 2.193439349527997351e+00 2.495587772915589753e+00 -2.756040465761337099e+00 -1.545696549815101795e-01
1.351742192055483294e+00 1.426238181433855390e+00 8.726776930686672706e-01 2.884602666681705063e+00 2.836643049073620304e+00 2.941838959944568455e+00 4.662294716628693769e-01
1.929640264456153886e+00 2.251653418506488258e+00 1.162263231947183506e+00 -2.616076803326268241e+00 -2.908631761782561664e+00 -3.129234897283675210e+00 1.028669912434190481e+00
2.589410631656110962e+00 -3.082368749928085183e+00 1.348041584104828994e+00 -1.794725716414059313e+00 -2.318265470123600736e+00 -2.495172799248702500e+00 1.252899656955253516e+00
-3.023438590967008288e+00 -1.392246221702713171e+00 1.577329394754394709e+00 -9.491619458533261389e-01 -1.690862716912925112e+00 -1.748891467117289711e+00 4.917123138242115998e-02
-2.401269060986717552e+00 8.977519815637047262e-01 1.974603204283676749e+00 -1.023080387920357742e-01 -1.021361158140921432e+00 -9.441777625502053573e-01 1.989791271053394928e-01
-1.926468086344844011e+00 1.930182057503809112e+00 2.474589571192165049e+00 7.172928471029602626e-01 -3.047567504723997511e-01 -9.877636247815115011e-02 4.714386143170098409e-01
-1.733147895780690950e+00 2.816583066526741064e+00 2.984765622476123870e+00 1.484931933108265101e+00 4.579384571418260719e-01 7.443655384120790863e-01 7.470353612258556764e-01
2.652588009571149819e+00 -2.592097898373689091e+00 -2.849480501047710224e+00 2.173018721565348699e+00 1.260995165911743987e+00 1.455029794496942364e+00 1.176838633153114655e+00
2.384942374572725399e+00 -1.691384264644679947e+00 -2.464247231441952124e+00 2.731743785092272780e+00 2.087348969647035091e+00 1.993196818542059212e+00 1.741046158223524376e+00
2.755237668280354324e+00 -7.560534479048500733e-01 -2.094626581746336758e+00 2.990090936577142866e+00 2.915189696730154711e+00 2.609340651920183163e+00 2.317142729636759046e+00
-3.141010139087962116e+00 1.723529516207542855e-01 -1.693020882797236837e+00 2.823568859319671276e+00 -2.559722271662566051e+00 -2.946238130447958792e+00 2.828545369595135472e+00
-2.790976013656970345e+00 1.015910255730072542e+00 -1.235119493691624104e+00 3.021525232167300512e+00 -1.796003288232228323e+00 -2.171575515626742447e+00 -2.922943256267755974e+00
-2.388869296621894733e+00 1.710074140554071365e+00 -6.924508574052118393e-01 -2.780521550102006856e+00 -9.324859097891577964e-01 -1.365353763509707941e+00 -2.260078894274485162e+00
-1.925024389351915222e+00 2.199168783518762105e+00 -6.167995076656511422e-02 -2.299578400378354370e+00 2.602318871998642980e+00 -5.146932197309764812e-01 -1.459032501729782938e+00
-1.933013244044313961e+00 2.516627903452106629e+00 6.296581654443437204e-01 -2.109318034329606295e+00 -3.100484012263794664e+00 4.186754506450086066e-01 -5.270686073852837161e-01
2.519213054932855300e+00 2.874742111703995295e+00 1.368305394508817940e+00 -2.212180545597480563e+00 -2.510434941852751400e+00 1.548496750272418732e+00 -3.093317501691842164e+00
3.130057038457360274e+00 -2.915936245859846565e+00 2.161796534043557205e+00 -1.875569657362508025e+00 -1.866283068410957480e+00 3.031771055783343272e+00 -2.061449598191676280e+00
-2.506924490088662694e+00 -2.340369430821660490e+00 3.025218652334164204e+00 -1.251917920662055872e+00 -1.173368645138812782e+00 -1.878790108675950865e+00 -1.147104124500815558e+00
-1.849514413748849728e+00 -1.748145574562259608e+00 -2.369811201565994008e+00 -5.141717560835394885e-01 -4.482135139230751797e-01 -8.632395949983423522e-01 -2.595962395531977163e-01
-1.189183906466081408e+00 -1.215613565090658543e+00 -1.549714233003618213e+00 2.948446327911334319e-01 2.919337840854427935e-01 -2.586044184208941693e-02 6.040939529194675472e-01
-5.270614130466305669e-01 -9.056108811916385726e-01 -8.175191667631451775e-01 1.182868617348723284e+00 1.030418171777347514e+00 6.467511763532975966e-01 1.450755886480664669e+00
1.304092962482570339e-01 -9.543136476110677391e-01 -1.428197002358762291e-01 2.181048868344552361e+00 1.761781902568228642e+00 7.315180000130063753e-01 2.277471716974080795e+00
7.409270254224504804e-01 -7.895769349806209814e-01 5.109599764864948268e-01 -2.965229989784531561e+00 2.482239465717538618e+00 3.459685325889676477e-01 3.083529019490091283e+00
1.066676569107448680e+00 -3.175474028235900636e-01 1.180495854677634071e+00 -1.760489330493328008e+00 -3.107139930871000821e+00 8.332026616177249378e-01 -2.376949608490978250e+00
3.209111161239888155e-01 2.643849855734455301e-01 1.899128479165754335e+00 -6.086223150366881773e-01 -2.492661628167868848e+00 1.522126442376445121e+00 -1.353807952520813096e+00
7.578996458003622871e-01 8.816379968794419986e-01 2.855688855409864946e+00 5.444809593437769379e-01 -2.224010112678294959e+00 2.264509408091802012e+00 7.799004532054859551e-01
1.791739305284996808e+00 1.519642947851713277e+00 -1.719569936325782811e+00 1.863998352265933134e+00 -2.818996021838523269e+00 3.033677470391483499e+00 2.097777345646731018e+00
3.091963324553102410e+00 2.190903377816196151e+00 -8.096727173723571314e-01 -3.039905356271413339e+00 -2.595009856633985645e+00 -2.473513188745190217e+00 2.957033763379381952e+00
-2.036134955209969455e+00 -2.866906652873053130e+00 -3.444130265927893286e-01 -1.905986300946892253e+00 -2.009359373372667346e+00 -1.729205847441461552e+00 -2.536500791665902366e+00
-1.072026303503129885e+00 1.975291050166954887e-01 1.401774505814169514e-01 -9.677371116541415574e-01 -1.350199478870934167e+00 -1.106652419982133928e+00 -1.788524943643626353e+00
-2.008716358496329957e-01 8.895198569656472820e-01 6.914914463573990089e-01 -1.405509862987072978e-01 -6.720977536013292841e-01 -1.169096650921904068e+00 -1.146251388079438938e+00
6.180986289468447525e-01 1.508975770605466060e+00 1.261023968596238110e+00 6.029022266081274228e-01 2.714454393413261862e-02 -1.968096434206632939e+00 -6.517084305460040250e-01
1.387484016746248772e+00 1.998738453873340370e+00 1.788797246623839765e+00 1.323874219552792386e+00 8.056045291182409862e-01 -1.535207500990929175e+00 -1.945628285121706880e-01
2.097044113723441239e+00 2.246707822201217120e+00 2.239388690814015259e+00 2.187550519833607154e+00 1.862259267144638519e+00 -9.687352489971451375e-01 3.359050417850458214e-01
2.731952633210077419e+00 2.410002699636470513e+00 2.628845677494071609e+00 -3.044298726759213647e+00 -2.963841060879191414e+00 -5.417910590020252881e-01 9.093215929793232455e-01
-2.995513454469625803e+00 2.770001633329774116e+00 3.002813333498447701e+00 -2.103169804427630574e+00 -1.866624479431018724e+00 -6.250673953986369824e-01 1.245651865972969841e+00
-2.488647617657518296e+00 -3.035930858004569188e+00 -2.902248145755484288e+00 -1.330846856006574708e+00 -1.099370026740022821e+00 -5.867525700756217599e-01 3.511877446939418168e-01
-1.992370539928767004e+00 -2.549326010204100879e+00 -2.533382433242412635e+00 -6.683099817063595793e-01 -4.690501286768823941e-01 -6.870651598177610064e-02 5.991453368132539925e-01
-1.494282757340023249e+00 -2.116382562874640438e+00 -2.169543459878694680e+00 -1.198333491365485004e-01 6.088300979411977176e-02 6.027999395133912808e-01 1.230545248659332680e+00
-1.015765558131941138e+00 -1.781123428657119812e+00 -1.809107623617979277e+00 2.526174826859937106e-01 4.795774403190557478e-01 1.333304342466968162e+00 1.892615562479838864e+00
-5.909603715279539982e-01 -1.515434048741223672e+00 -1.459647860831003063e+00 3.964031556095547471e-01 7.727145755866354770e-01 2.128632301519321590e+00 2.476385582915235695e+00
-2.536846070434166656e-01 -1.161027227959511743e+00 -1.116791380934517797e+00 4.835035073399613914e-01 9.343813800449538576e-01 3.132427900720091252e+00 2.752704319990108228e+00
-1.591986314354038382e-02 -6.525693232061791083e-01 -7.529372584695912529e-01 7.527696080007684198e-01 9.259015665744351198e-01 -1.411781958513175006e+00 2.533386536096622788e+00
2.077195157860237396e-01 -5.411182133824758711e-02 -3.621950878779421901e-01 1.158932345347160497e+00 8.506842435845096695e-01 -1.404673241916734941e-02 2.824428829984690914e+00
5.163855844407373441e-01 5.528572336994973524e-01 3.000269417611132333e-02 1.586235413361619218e+00 9.456654628854040956e-01 8.074410265110564255e-01 -2.815189337961983895e+00
9.011002320682858224e-01 1.017575006305802221e+00 4.356594757017533959e-01 1.838919826806557190e+00 1.190601485521363356e+00 1.470931696684239398e+00 -2.031270726279053473e+00
1.284420599324958667e+00 4.998961200544081440e-01 8.835259476621477592e-01 1.594032245751229038e+00 1.490222280873220395e+00 2.067386579716610662e+00 -1.167138852623191170e+00
1.581750579714778615e+00 2.303342066307362823e-01 1.362047470116096504e+00 1.570556128848090038e+00 1.813204253345365613e+00 2.597377565873157934e+00 -2.539570341440691159e-01
1.729038721562931036e+00 7.120194707941042145e-01 1.763624296287482629e+00 1.961917308353619216e+00 2.167183989456486604e+00 2.938959454157766604e+00 6.671030194056184470e-01
1.816111291273085016e+00 1.260022079013498386e+00 1.537986018566227964e+00 2.461734429489904841e+00 2.550362655713827031e+00 2.721518390962045508e+00 1.545657608263648619e+00
2.020436359570779938e+00 1.720166529211451856e+00 9.306591435863549311e-01 2.949783115299916325e+00 2.940089903137128147e+00 2.561596413519473980e+00 2.352092827436101707e+00
2.339472995314010983e+00 1.963895020694317317e+00 1.275847658178791422e+00 -2.940281322298977429e+00 -2.976671051910309451e+00 2.820875644736602794e+00 3.072881763116832143e+00
2.709427278749295898e+00 2.083536469149357639e+00 1.797544361413988323e+00 -2.705265706044480023e+00 -2.648740764295485217e+00 3.114663459902134335e+00 -2.579091547275756291e+00
3.096809693081084447e+00 2.369966332140901244e+00 2.324077485126043285e+00 -2.509660593318060240e+00 -2.356556432035918469e+00 -2.907756255474856388e+00 -2.007862272017848060e+00
-2.793876653287007183e+00 2.770794806148987099e+00 2.772061369149218191e+00 -2.187022019019909003e+00 -2.098550555296574416e+00 -2.596447402657585446e+00 -1.449239717221352697e+00
-2.420360471612801323e+00 -3.129588409116087266e+00 3.079990122661752316e+00 -1.790697679273189458e+00 -1.900133710781500840e+00 -2.224640565579251827e+00 -8.591294349175970790e-01
-2.101254702447552525e+00 -2.812301382886825074e+00 -2.955443870637907366e+00 -1.468830828573901348e+00 -1.760863879827939016e+00 -1.848840512696316996e+00 -2.476729380968784311e-01
-1.870596888499983956e+00 -2.499930473734929048e+00 -2.606559388882794259e+00 -1.372014859789795649e+00 -1.596351504235252516e+00 -1.469199214939644671e+00 2.260166221837587863e-01
-1.709630752227496719e+00 -2.140568000541708482e+00 -2.153160312362582651e+00 -1.364573882356131307e+00 -1.352231408320333728e+00 -1.015071821498381155e+00 2.975639324091896576e-01
-1.533333372220410329e+00 -1.765829897419321171e+00 -1.690579841180407827e+00 -1.190682881130627813e+00 -1.084757718826595552e+00 -4.496574703734787515e-01 6.137028298549963568e-01
-1.294297371342570502e+00 -1.471988351692600228e+00 -1.346778896151409333e+00 -9.894934403887066798e-01 -9.020102360240037642e-01 2.899013968077839287e-01 1.337509124646030445e+00
-1.049144436829901217e+00 -1.592132910196858653e+00 -1.278598283983336303e+00 -1.044534051515110029e+00 -8.766482313535435278e-01 -2.557037394455953905e+00 2.159103046289962524e+00
-9.366823651026839892e-01 -2.262327767713235627e+00 -1.289331702865664120e+00 -1.202835089965285320e+00 -8.725633269164594363e-01 -1.781649663039351017e+00 2.984478000748528537e+00
-1.031430167598399228e+00 -2.109269460916527894e+00 -1.040114009968323483e+00 -9.705275769147013731e-01 -7.064598477716819147e-01 -1.067845947063621681e+00 -2.484220968914653493e+00
-1.009801500908225735e+00 -1.673373433519248721e+00 -6.285107204053761443e-01 -5.264625668999399766e-01 -4.236559731947159846e-01 -3.477240866734837010e-01 -1.697180091474734365e+00
-7.254511203024186505e-01 -1.222782926535223247e+00 -1.432458155443016856e-01 -4.490868117439735657e-02 -1.261921650403188544e-01 3.878005274392283264e-01 -9.834212163451495625e-01
-3.227439212477806740e-01 -9.904137287103885745e-01 4.027544483995641467e-01 3.862026791339397414e-01 1.427664251610256119e-01 1.185910741009478020e+00 -9.285523787807918872e-01
6.613857935449760084e-02 -1.266464858689251738e+00 -2.526330142643733900e+00 7.591800992485060462e-01 4.570177120904528323e-01 -1.602750819345332589e+00 -1.856697158098240319e+00
3.254411717636704893e-01 -1.186425901424358109e+00 -1.667608897814993885e+00 1.213417892404073939e+00 8.974208646388580624e-01 -7.474833266920443142e-01 -1.211919124266776171e+00
5.259769475978401942e-01 -7.245371418070349900e-01 -1.062791383190186290e+00 1.896143948645226285e+00 1.485347973702044744e+00 -3.519315653040911568e-02 -3.768742195284404128e-01
9.114045794466197892e-01 -2.056860032651010028e-01 -5.401064425693911097e-01 2.834666037607148859e+00 2.239731433337533772e+00 6.443756939441034337e-01 -2.992483025698668531e+00
1.519245917399736134e+00 -1.679062608535264109e-02 -1.787858922426557029e-01 -2.424794429592930456e+00 -3.101656247806241495e+00 1.288920447676079828e+00 -2.125435052904105948e+00
2.303213611094086843e+00 -8.204237683214792298e-01 -9.627811127484750629e-05 -1.518892567206037159e+00 -2.088469521596344247e+00 1.879408634579657233e+00 -1.350004911259586438e+00
-3.029876628729877286e+00 -5.494834001071832175e-01 2.090851965663418355e-01 -7.324819088445693183e-01 -1.214259097172041502e+00 2.393303927820047416e+00 -6.105280136208851571e-01
-1.990162660230748282e+00 1.438954642315659095e-02 5.501417615990006338e-01 -2.140338319724067670e-02 -5.182982779329398104e-01 2.835945116090538676e+00 1.058154857315711378e-01
-1.053514065835228442e+00 6.012961661775180211e-01 9.344894968613357555e-01 6.314588154336207015e-01 2.719498347648532585e-02 -2.998217926263418764e+00 8.420260261294986170e-01
-2.966272000846396084e-01 1.107255754934778125e+00 1.042346486675588269e+00 1.220032721315197577e+00 4.163792358077469946e-01 -2.455772193249138535e+00 -2.038299436241734597e+00
1.620721741800885685e-01 7.771046746014583784e-01 9.626564297516072843e-02 1.664300315134860764e+00 6.607592997972363547e-01 -1.825098749968286471e+00 -1.144615851741787260e+00
-5.945130695445313140e-01 -4.675597596486591456e-02 2.519251075467672796e-01 1.099287116433378841e+00 8.557599673717896094e-01 -1.156734422724160716e+00 -4.219859195744234959e-01
-5.491331237085829153e-01 4.262780916771940487e-01 7.330052790665536611e-01 4.143277202109365009e-01 1.065375163903931277e+00 -4.970527504229923510e-01 2.763498177784211030e-01
-2.351616390503226753e-02 1.017764410933045927e+00 1.240141667194725406e+00 7.247763703679649394e-01 1.225978791931136902e+00 1.069391369083710630e-01 9.222775729877109585e-01
5.636068316730484806e-01 1.595703297417377042e+00 1.704897213932115685e+00 1.084322519099241378e+00 1.294662718027833392e+00 5.796037857376121760e-01 1.399022512921281436e+00
1.154625327022738235e+00 2.063165667298916706e+00 2.087642401551388360e+00 1.414436530650807544e+00 1.384205125903736233e+00 8.414914543928284640e-01 1.523196800065468981e+00
1.751437406783553197e+00 2.292075893994284019e+00 2.390513331602751812e+00 1.754758584854846148e+00 1.593469921952941126e+00 1.066629954582936524e+00 1.686223251394005196e+00
2.379413217742652797e+00 2.393313023015835928e+00 2.694866212226042279e+00 2.146763245394749831e+00 1.878413315180271104e+00 1.491277369247417051e+00 2.209472854532026798e+00
3.122454772914048160e+00 2.680810760458653519e+00 3.030938259735997509e+00 2.559138384574164427e+00 2.152840737475532951e+00 2.067754541705188132e+00 2.887197932056773997e+00
-1.854499837464354206e+00 3.115413901449341161e+00 -3.007882758490082686e+00 2.917301513088676135e+00 2.358830026265440249e+00 2.736828502473930502e+00 -2.695132383779960339e+00
-3.634421458392379511e-01 -2.676433575688604627e+00 -3.010325057898505019e+00 -3.099843607151548941e+00 2.548106488464771502e+00 -2.738166738109792053e+00 -2.039217513746478971e+00
2.805983459309986938e-01 -2.201829780756283217e+00 -2.899403942685119695e+00 -2.851959362085746630e+00 2.823280696627103570e+00 -1.489985070212295648e+00 -1.480223120510540502e+00
7.445582713913471151e-01 -1.752222621675567860e+00 -2.504290105877546413e+00 -2.533543962874824196e+00 -3.114398620447550226e+00 8.092001727898355534e-02 -8.018378265769723345e-01
1.201702664926389774e+00 -1.175273397053975266e+00 -1.995799418567451688e+00 -2.213299023873565918e+00 -2.791129684548006029e+00 1.065382615745252171e+00 4.647349073881193449e-01
1.655754340681913295e+00 -4.257229150383554095e-01 -1.494234162055560144e+00 -2.218124474550557945e+00 -2.625391016576899883e+00 1.780514964863421312e+00 1.543498623936111924e+00
2.101905127880049573e+00 4.032618803378268391e-01 -1.054604309188061695e+00 -2.648614519741913309e+00 -2.645155096521721205e+00 2.362413472673408066e+00 2.410319863891968506e+00
2.574601927514466482e+00 1.268307375726748454e+00 -6.075990902807789640e-01 -2.394440260748709193e+00 -2.527411465856182371e+00 2.848537775211815060e+00 -3.041606040078905338e+00
3.103453428244328460e+00 2.249689609433268345e+00 7.806155994471943547e-03 -1.817713849398249426e+00 -2.174961495317624394e+00 -2.993291683741645670e+00 -2.206154785863064127e+00
-2.601129082504803236e+00 -1.753738629741544486e+00 7.899484564240663031e-01 -1.120415462290512920e+00 -1.706851090632238721e+00 -2.570946871551482271e+00 -1.354482449000911082e+00
-1.987297422334273200e+00 -4.548050143350941543e-02 1.500621603597450004e+00 -3.473846100871131881e-01 -1.203834204280705977e+00 -2.190194399603986763e+00 -4.862954282737159128e-01
-1.346631137089172370e+00 7.990952420049453053e-01 2.078702020707178022e+00 5.082934682272447491e-01 -7.151281631802739458e-01 -1.827139065659768802e+00 4.032972908085326602e-01
-6.613622763515011327e-01 1.512505995086614874e+00 2.520725664490507167e+00 1.499116695199741001e+00 -2.688098088618414705e-01 -1.387818713796000747e+00 1.337565937989409148e+00
1.366906321753713072e-01 2.152252691069582280e+00 2.773967093716316779e+00 2.629105835272177671e+00 1.936067203706712814e-01 -8.467790529967652580e-01 2.347916613044978451e+00
1.100100148472458850e+00 2.716084083023932561e+00 2.977127607473600168e+00 -2.635594676125089020e+00 2.839050358626069137e+00 -2.405310626266375373e-01 -2.847356520068475394e+00
1.988093446073406323e+00 -3.107373348863519347e+00 -2.946766937496969163e+00 -1.933942530090940748e+00 -2.493054910779356703e+00 4.212016021549073175e-01 -1.899953681088349722e+00
2.657428157859340612e+00 -2.742957749979620274e+00 -2.443420045029434995e+00 -1.554556156642248554e+00 -1.971916403739391255e+00 -2.402729791717542973e+00 -1.588957672722793646e+00
-3.021332189320043771e+00 -2.344058877771656668e+00 -1.864963980078071071e+00 -1.277822466710818894e+00 -1.456164625805064228e+00 -1.498658674120249001e+00 -1.144549171093777629e+00
-2.398036866322257765e+00 -1.819855377427104237e+00 -1.227202824706439488e+00 -8.473804087432503795e-01 -9.299595156095005200e-01 -7.705809852164106077e-01 -3.729546441063300022e-01
-1.758742217656396045e+00 -1.198964734520346909e+00 -4.753939202747554660e-01 -2.897688812035190686e-01 -3.815086567899076408e-01 -5.268130301835313722e-02 4.668501420283011072e-01
-1.123866638642601501e+00 -5.440434394520304862e-01 6.042716829355465613e-01 3.210008995477282023e-01 2.073412316111162557e-01 6.171120059622760001e-01 1.309921968981671236e+00
2.680397227942142191e+00 -2.041473928501517765e+00 2.014340869675002033e+00 9.485254211850497885e-01 8.731112255798170185e-01 1.169572781376560622e+00 2.122682334530871184e+00
-2.985572068890413711e+00 -2.198114369346935604e+00 3.016010115215362219e+00 1.613987700840783690e+00 1.692580843433000304e+00 1.572748779472758818e+00 2.883910181911262693e+00
-2.391422273351535122e+00 -1.575451119969026204e+00 -2.536347543643011182e+00 2.538180006696983959e+00 2.793476164333861700e+00 2.014866501552690092e+00 -2.691731384302860075e+00
-1.834940984790768059e+00 -1.030706471789962775e+00 -1.895863224115743817e+00 -1.832435010077383186e+00 -2.270041882648682119e+00 2.707585921644350968e+00 -2.031673099462523169e+00
-1.352377383648624809e+00 -6.477156055234892795e-01 -1.284833645042453565e+00 -8.328342673953667008e-01 -1.298257859069739562e+00 -2.543879504553305360e+00 -1.391464947202911473e+00
-9.915427046190237181e-01 -3.625555316989950705e-01 -6.731805711941466486e-01 -1.962715762501738848e-01 -5.091882674836680778e-01 -1.082578858056595372e+00 -7.499505735629690140e-01
-7.331801862037541362e-01 7.627825229970983112e-02 -4.750778020206982560e-02 4.146289205753450613e-01 1.977466967665849062e-01 2.947524260038159594e-01 -8.732402378689309297e-02
-4.393143234029480704e-01 7.299429205673159116e-01 5.951960908673156192e-01 1.051497302449321269e+00 8.564089509693201263e-01 1.332552891691126895e+00 6.306010320274331171e-01
-4.398440635108840507e-02 1.560482007418256822e+00 1.286438716973829388e+00 1.730966214242141588e+00 1.483229438014476154e+00 2.195270172289247146e+00 1.424037215873560358e+00
3.774959384177361543e-01 2.585804313486995909e+00 2.163742368275852979e+00 2.599059126860537638e+00 2.124131440309922958e+00 2.948657172055514586e+00 2.368112265332378730e+00
4.932266935223247328e-01 -2.546620686457302885e+00 -2.830476068845984461e+00 -1.149640808155359517e+00 2.942231942800419997e+00 -2.668364672463678922e+00 -2.654291977099004551e+00
-9.299178633646372205e-01 -1.534909434468558320e+00 -1.664341460395241556e+00 -1.329696023899453461e-01 -1.924064760206438018e+00 -2.052252502196243444e+00 -1.392396555819772619e+00
-6.547562577044987453e-01 -6.988105658487150373e-01 -8.358395576119728165e-01 4.732050029041694472e-01 -5.806087195853545380e-01 -1.431852523669989274e+00 -6.120273782434464405e-01
-1.733479348154802202e-01 6.963360305205172629e-02 -1.232089989374072769e-01 1.036060428630717123e+00 2.646019846442500545e-01 -7.781388705181240262e-01 -3.870352188732113785e-02
3.433718573807660324e-01 8.483965969185520706e-01 5.512828558342603991e-01 1.613087836366877026e+00 9.727699203734915256e-01 -9.885145453379032277e-02 5.514093255123588833e-01
8.930321231624530620e-01 1.721135662035084835e+00 1.205005789848982989e+00 2.220829006805522976e+00 1.644802272531335374e+00 5.756737445725058633e-01 1.209271383794599641e+00
1.508132144829290366e+00 2.846564382257650294e+00 1.854174661519138123e+00 2.869846303855670300e+00 2.315869063841712094e+00 1.177124227670462320e+00 1.893326717894114219e+00
2.231470813562828948e+00 -2.020399729350682350e+00 2.532969816562711696e+00 -2.696091538520609898e+00 3.020630078876988200e+00 1.467246126435365561e+00 2.533393567024706083e+00
-3.107184049122948988e+00 -8.334646879327231028e-01 -2.950324455362733911e+00 -1.823162140324507297e+00 -2.454127422581017015e+00 1.082172514864897295e+00 2.139670056331548498e+00
-1.710906766583887517e+00 7.564163778683649642e-02 -1.398507188300256443e+00 -5.736673693839613453e-01 -1.384486219916316818e+00 1.207030551970986298e+00 1.208057554554517132e+00
-3.768941666241119592e-01 8.564481954297655797e-01 5.591389126092373152e-01 8.107392965726356593e-01 -9.130824858435461489e-02 1.674245824309955832e+00 1.634488140340387918e+00
5.410876389502172756e-01 1.565058333677809888e+00 1.444762416507173075e+00 1.724162139203774924e+00 9.191447053341726958e-01 2.191766708613356762e+00 1.492956953215851312e+00
1.274688563732552238e+00 2.179011293297645757e+00 2.151365031632215263e+00 2.336505852724333643e+00 1.670270800196804961e+00 2.645024604740023655e+00 1.172295074924308622e+00
1.903814202338804717e+00 2.476448481132116353e+00 2.785834899612201099e+00 2.767074667262074072e+00 2.303155753125838423e+00 2.917325021234726812e+00 1.590921552146452145e+00
2.443734996953571770e+00 1.921905442788386598e+00 -2.934964304762789133e+00 3.113114758824006678e+00 2.879587240085637490e+00 3.062106974260219605e+00 2.191909982191881934e+00
2.905976112858679627e+00 1.968588765636023696e+00 -2.469415231054746140e+00 -2.796126191523676585e+00 -2.848148508897881737e+00 -2.916816465865192054e+00 2.845635023434106348e+00
-2.968680306603443064e+00 2.323566608186824922e+00 -2.137844193266680737e+00 -2.343678247143183846e+00 -2.290948073931290629e+00 -2.446763017899413750e+00 -2.760524524004363212e+00
-2.587618308192150440e+00 2.602198662040329680e+00 -1.822647360126987914e+00 -1.825095664011930241e+00 -1.712650594255987757e+00 -1.922374786676739999e+00 -2.078800616309415261e+00
-2.234716777292649059e+00 2.660818764175163498e+00 1.217386307054627581e+00 -1.257384271111252394e+00 -1.073898025843207815e+00 -1.428209485047486460e+00 -1.401947167755084100e+00
-1.922477577142537974e+00 2.550462330849879944e+00 2.012361490804936537e+00 -6.313657087259897382e-01 -1.321095822343870962e-01 -1.043617630396828977e+00 -7.395679726019575018e-01
-1.678168903630887776e+00 2.632519982660680657e+00 2.652614227296639093e+00 3.170125702669031598e-01 2.029455109206764529e+00 -8.133185632554897904e-01 -1.105627231946761935e-01
-1.693326840676627754e+00 2.955389300263318475e+00 -2.984318654096349999e+00 3.121695620093134949e+00 2.991664803357396263e+00 -5.929258908105635717e-01 3.823489220886759354e-01
-2.912425180818822401e+00 -2.911640843499048170e+00 -2.380023328582750342e+00 -2.438522043077674617e+00 -2.728298026175871360e+00 -1.846706952576742111e-01 -1.088934346943721376e+00
-3.038398561347731786e+00 -2.572574144734554924e+00 -1.915573009207687694e+00 -1.940518390117339509e+00 -2.278248675297124493e+00 4.676795218613297722e-01 -6.874493750828767347e-01
-2.789055083974973481e+00 -2.529808107648167326e+00 -1.923953376360381995e+00 -1.595933060397536796e+00 -1.885302654836581882e+00 1.633763331041588440e+00 4.124087220614092719e-01
-2.491067316605096504e+00 -2.559397729023427104e+00 -2.202567078936546352e+00 -1.365812382082746579e+00 -1.512922654858202653e+00 -2.967406838953003057e+00 2.001429390406341824e+00
-2.164002104595869280e+00 -2.226536441510332143e+00 -1.940846112783262578e+00 -1.072910467863522177e+00 -1.147235420066099243e+00 -1.994791637331142509e+00 3.088140807574904834e+00
-1.784209468960765932e+00 -1.708991907827530410e+00 -1.519190723426402156e+00 -6.325713775552737062e-01 -7.916049464467754815e-01 -1.285999666272162667e+00 -2.433215836765344253e+00
-1.355987151290124038e+00 -1.166818759686945262e+00 -1.118585570696285503e+00 -9.296892269371451190e-02 -4.386259890739533929e-01 -6.547386484803058293e-01 -1.831279604680554618e+00
-9.106163676766626525e-01 -7.604192218473132536e-01 -7.831527697698412727e-01 4.967052915926148393e-01 -7.996258065506897661e-02 -6.417750863968861574e-02 -1.409964938268584156e+00
-5.049814309230389320e-01 -7.847063151857138763e-01 -4.960735157823046859e-01 1.113513623896537075e+00 2.378765376223943573e-01 4.750745792551683278e-01 -1.162212534443403333e+00
-2.316616187912214353e-01 -8.056854543923225309e-01 -2.096723300306694571e-01 1.829502441895543896e+00 2.805821280730367850e-01 8.930326872371956437e-01 -9.121190018858904569e-01
-1.334075285525100074e-01 -3.809551941510113671e-01 1.447024572836109468e-01 -1.378311589851337393e+00 -1.734453985537863507e-01 8.826889316881844083e-01 -5.596600425011655222e-01
-1.262754107039418434e-02 1.994776190879982980e-01 5.879481829419331840e-01 -5.837061174891982063e-01 -1.766391870428162258e-01 -1.826360305475437651e-01 -1.516619319232295759e-01
2.743556425140066812e-01 7.855720549616910242e-01 1.091790569720583415e+00 -6.644679730700288334e-02 1.400632442223141705e-01 -2.676217125160005317e-01 2.454277840507164965e-01
6.547198277031175406e-01 1.288806098957946400e+00 1.601046981307387540e+00 3.938382258714449580e-01 5.244351357864615037e-01 8.613021542637877559e-02 6.320067320975335523e-01
1.062750517794348148e+00 1.675082463210951333e+00 2.049160855834923467e+00 8.737627976012378728e-01 9.211681919695121623e-01 5.957813129125355545e-01 1.067390610754098690e+00
1.474203221979514922e+00 2.128139571397446694e+00 2.361720577186809500e+00 1.427328225620638102e+00 1.334024234494198380e+00 1.160236708563897823e+00 1.646181718694315288e+00
1.902222565984389435e+00 2.873022206769016318e+00 2.546382633834653575e+00 2.047602801497362623e+00 1.772373040681775924e+00 1.709480643045488524e+00 2.400580766327450544e+00
2.376540399253157965e+00 -2.236984987492942611e+00 2.795843660936264463e+00 2.695051763962925229e+00 2.220297249741015388e+00 2.177118078036121229e+00 -2.938865216572677852e+00
2.921385487703598738e+00 -6.773480667636727626e-01 -3.074586590318156176e+00 -2.972551742561418298e+00 2.660504664715716228e+00 2.493044639857870060e+00 -1.772509946612396137e+00
-2.723917503261784390e+00 7.062473236731945381e-01 -2.540020703815967007e+00 -2.518794142869363650e+00 3.119752480312031562e+00 2.657471063754787810e+00 -5.332572969559200571e-01
-1.974842353384204996e+00 2.529140434812034322e+00 -1.941539969231440121e+00 -2.434067169295133670e+00 -2.633581293720335559e+00 2.822889915872709210e+00 5.090317010275225984e-01
-1.125350722709625551e+00 -1.721078997102615027e+00 -1.316430017437597577e+00 -2.258361024647109971e+00 -1.989709892510852507e+00 3.009374887149153910e+00 1.324432460450050808e+00
-2.832408699613889747e-01 -6.347178616358752912e-01 -6.867289495792772147e-01 -1.663883569020857767e+00 -1.123617915482354235e+00 2.721707186025566383e+00 1.915150494129432612e+00
4.634041500175715700e-01 2.812169250524669817e-01 -2.568832255652582931e-03 -9.307441328937028358e-01 1.615457659375897803e+00 2.181275603613564318e+00 2.441378882548277840e+00
1.131202546077438420e+00 1.162755880287163812e+00 2.581489722335994053e+00 -2.711431844839016780e-01 3.043152262861042345e+00 2.481937030876191219e+00 -3.028554219632709543e+00
1.761793199604587690e+00 2.059383749757171866e+00 -2.374502691088403505e+00 6.472444141354451175e-02 -2.237845835095171321e+00 2.997905547515775204e+00 -2.100068285937366941e+00
2.401858722979298477e+00 3.026552752356492793e+00 -1.637187987237572306e+00 5.276752001980437867e-02 -1.290843460952689314e+00 -2.716912647992451024e+00 -1.246649305107380146e+00
3.097490252195509441e+00 -2.114943956395228142e+00 -9.551578647759709773e-01 3.744854872478216579e-01 -4.151177910471131605e-01 -2.141679821876773637e+00 -4.828865421021376614e-01
-2.366482470338933108e+00 -7.049066116957304340e-01 -3.952573614230717181e-01 9.338762167460685770e-01 3.834995959134488985e-01 -1.582309483765222291e+00 2.257501244606917312e-01
-1.315263531166156907e+00 6.495501284967688527e-01 -3.702266039778449175e-02 1.568093792590998348e+00 1.108576038348537685e+00 -1.051399276853331788e+00 9.203890986717270239e-01
-1.784277984635799508e-01 1.728606351838025468e+00 3.162823437882417155e-01 2.224663971976382992e+00 1.764547689222093707e+00 -5.410187110704740565e-01 1.605490697008850942e+00
7.518775552491860914e-01 2.655359008100340201e+00 8.421687037886130822e-01 2.880425861284940048e+00 2.355119475200003087e+00 -5.409856484654480824e-03 2.230905822674371208e+00
1.521535468192545482e+00 -2.771449856691738489e+00 1.474087900427130782e+00 -2.766941608210797821e+00 2.899003229519839131e+00 6.405143377396633753e-01 1.180823000083722096e+00
2.208214019120625871e+00 -1.961640586639705086e+00 2.124180812320550782e+00 -2.182598661033172682e+00 -2.853401832820679829e+00 1.490730888206085458e+00 9.080806067671108872e-01
2.838017721096693258e+00 -1.193763175007020116e+00 2.750878112408023046e+00 -1.747836121824970501e+00 -2.330078340701166262e+00 2.518058512766068180e+00 1.510786555697730238e+00
-2.863952437624683434e+00 -4.532422835586005783e-01 -2.934033592937889345e+00 -1.949515783276883463e+00 -1.863152956144433992e+00 -2.807495604641579323e+00 2.140740887866855680e+00
-2.323774418618154591e+00 4.345863337701264539e-01 -2.367198599337803078e+00 -2.154690997221269111e+00 -1.572405783856217321e+00 -2.019525341667727680e+00 2.755593362750042630e+00
-1.799694315608076467e+00 -2.815794750797835810e+00 -1.822902957650298639e+00 -1.670848544298170202e+00 -1.495224191977100769e+00 -1.341546255711027591e+00 -2.961192878844762788e+00
-1.257494311770019246e+00 -1.817319578747853770e+00 -1.274842435536303498e+00 -1.008888340889210200e+00 -1.295688702315270113e+00 -7.167930233132798756e-01 -2.458161361577011039e+00
-6.584258703967008630e-01 -9.840832645856474326e-01 -6.755617322233823385e-01 -2.657122069240541729e-01 -8.083314273760452418e-01 -1.032898830360998166e-01 -2.044415011704219687e+00
2.102347973971194217e-02 -1.557777405717185315e-01 5.751438363592793236e-03 5.461608450979895668e-01 -8.196570061779441529e-02 5.345613663101260737e-01 -2.361302310993023124e+00
7.680636223760596293e-01 6.739037480880960551e-01 7.880346211193351991e-01 1.397602403026208862e+00 8.063628119265641159e-01 1.224416434375274365e+00 2.898904310314680544e+00
1.547985478976251716e+00 1.508910132306683138e+00 1.841442230375527345e+00 2.237339903336376778e+00 1.742256283332795253e+00 1.991133625127059714e+00 -2.890643483281785109e+00
2.313382843807488154e+00 2.367630606351214251e+00 -2.537871042553178746e+00 3.031969550590964513e+00 2.617326487328671458e+00 2.855221201064886749e+00 -2.267518476351957801e+00
3.041905542879554059e+00 -3.012825995567312454e+00 -1.140555474599090680e+00 -2.513049370402700156e+00 -2.900551904574057538e+00 -2.485125086460984178e+00 -1.593322480464160140e+00
-2.543413307247433419e+00 -2.063014790720375746e+00 -1.843115368639481055e-01 -1.845887166141022551e+00 -2.269971732517715335e+00 -1.537399956474286844e+00 -8.748260134898740992e-01
-1.881574477989568894e+00 -1.084003554109651768e+00 7.752325642987532017e-01 -1.299132970892018735e+00 -1.868686275329928037e+00 -6.440310366239627715e-01 -1.010434314448448723e-01
-1.283408040214046419e+00 -1.016289172369372745e-01 1.932270525973414976e+00 -1.030610282657691279e+00 -1.970655344902709327e+00 1.882774030060840875e-01 8.034494441348171145e-01
-9.649018754707454626e-01 9.678821906886967419e-01 -3.001211836984582604e+00 -1.054907603018096607e+00 -2.109834005106581145e+00 9.825897280312547721e-01 3.127363879215883546e+00
-1.902563006751585073e+00 -1.744478293437660810e+00 -1.873926975691234009e+00 -8.022556670657258193e-01 -1.756835120560612085e+00 1.810503794045985382e+00 -1.283138426451348568e+00
-1.729074607604685010e+00 -8.340397194751850707e-01 -9.970412943959292562e-01 -2.991540997721934270e-01 -1.220021379148908514e+00 -2.634356735011160300e+00 -3.321330935884736490e-01
-1.175803470452937649e+00 -6.216857722770647438e-02 -2.564462862894562045e-01 2.652861374690096974e-01 -6.426198813630639162e-01 -4.803109487976729430e-01 5.918195896627527208e-01
-5.722959803017811931e-01 6.341588078876840839e-01 3.873673966292287552e-01 7.510624273547873431e-01 -9.747307386189425771e-02 3.201974669687095987e-01 1.584712734109728682e+00
2.729480143429625916e-02 1.229700851975494391e+00 9.290759687040940351e-01 1.007274913993599474e+00 3.739262442643667139e-01 1.012457532700985485e+00 2.781992306528321190e+00
6.079192577209461268e-01 1.650690263506580102e+00 1.356054851420088081e+00 1.145248877985505453e+00 8.107764747162500285e-01 1.650478728608657963e+00 -2.059622566063693316e+00
1.133360801766348125e+00 1.877633711747001000e+00 1.650626262990478654e+00 1.519889452264782781e+00 1.299077232745647903e+00 2.241728892491364089e+00 -8.729072339976109429e-01
1.525879538163699589e+00 2.118943264751894429e+00 1.869530449444665843e+00 2.065502772450146907e+00 1.870452636767062415e+00 2.801149724103540795e+00 -5.675495977666922959e-02
1.722121868492573205e+00 2.466857732791110092e+00 2.173100262537416061e+00 2.635382361248578054e+00 2.497227749898183191e+00 -2.932160453500340491e+00 5.395791481034694081e-01
2.010551986774741895e+00 2.812139520822246830e+00 2.617646012122040400e+00 3.089042035887912263e+00 3.132143305211153361e+00 -2.382078124266963304e+00 1.056967382788186915e+00
2.613212968325971275e+00 3.101055363371871820e+00 -3.128497577225870518e+00 -3.023885218531740193e+00 -2.558664005749025527e+00 -1.841040601472284433e+00 1.630602891873116578e+00
-2.824860951747837579e+00 -2.836998710825845205e+00 -2.548810145539588845e+00 -2.846687521311551894e+00 -2.040959831481608866e+00 -1.336846123488673266e+00 2.286688026915897787e+00
-1.853674457212572957e+00 -2.355968605203282884e+00 -1.939038221546649288e+00 -2.332258858881179009e+00 -1.532102819495228863e+00 -8.819091904028724116e-01 2.996618862954700813e+00
-9.612752814182949912e-01 -1.776218789898792005e+00 -1.298846489198903997e+00 -1.604747741746535672e+00 -9.404396181430083601e-01 -3.186525296838733645e-01 -2.553233391868608759e+00
-2.153585463128163402e-01 -1.163394099286689576e+00 -6.240173292854405140e-01 -7.482544114016771442e-01 -2.627872427357400009e-01 4.920315160764935358e-01 -1.841875061823414761e+00
4.313724839022713975e-01 -5.854307637754992966e-01 9.236279324510011934e-02 2.619722846787189696e-01 4.630203620249719876e-01 1.407760566966145710e+00 -1.223061771777703477e+00
1.020029026107467152e+00 -1.253676974370729058e-01 8.367820223789510514e-01 1.673177261445192077e+00 1.203089966452088877e+00 2.301665387927275042e+00 -8.242419346802600799e-01
1.573570932680466328e+00 1.877631555310779188e-01 1.547694407306536180e+00 -2.891016356592967629e+00 1.947735856374998464e+00 -3.123968688884721345e+00 -6.258826340299151747e-01
2.072456409316979720e+00 5.812735399627220190e-01 2.092047527979554289e+00 -1.762183868265894127e+00 2.711567962742557736e+00 -2.148972496528412712e+00 -2.862535964776977138e-01
2.495302458445197047e+00 1.236061378439291758e+00 2.413971402934918409e+00 -9.460039001654179103e-01 -2.741600675255599917e+00 -5.939003823483175459e-01 1.279361493994723986e-01
2.882633104921319855e+00 2.191875913195246106e+00 2.732367101500813966e+00 -2.491140520895250843e-01 -1.665940342909070893e+00 3.885585309643978524e-01 5.155904994443084588e-01
-2.992606796430881122e+00 -2.770262956914976371e+00 -3.098889106769375790e+00 4.352919298339364418e-01 1.258531149004693095e+00 1.083890016509429399e+00 1.032608232605252141e+00
-2.559268406641260984e+00 -1.530920963382989441e+00 -2.557947328359368555e+00 1.228327940131667351e+00 2.910816462307737940e+00 1.766402269812746395e+00 1.773542195123696263e+00
-2.129910558004030285e+00 -8.064365760133290761e-01 -1.979919154872407328e+00 2.208720521794858005e+00 -2.238250601844925303e+00 2.448757513556668375e+00 2.610644433763931183e+00
-1.700040015106392577e+00 -6.418765226989125994e-01 -1.379079334716075245e+00 -2.945084969666953434e+00 -1.276266178239907623e+00 3.129739683591441946e+00 -2.841093694956444260e+00
-1.251897771248604352e+00 -5.332273862865506420e-01 -7.617487746369031587e-01 -1.904473588050401567e+00 -4.543840087794305260e-01 -2.465343842259307028e+00 -2.050799192243028646e+00
-7.589529208961058870e-01 -1.159004820496238042e-01 -1.382760784576290425e-01 -1.072620677413632206e+00 2.116657925255258366e-01 -1.751104849735453994e+00 -1.332071285968188246e+00
-1.962356845118134463e-01 4.193096587233590689e-01 4.733619862431138747e-01 -3.962066135684824686e-01 5.755172760525864017e-01 -7.760474978183404815e-01 -7.129636244265616929e-01
4.238382798626954551e-01 9.795548587565801046e-01 1.023685477429017832e+00 1.825140999094900240e-01 4.228026857489903811e-01 2.569633536390531603e+00 -2.101008154957358098e-01
1.063795266659893990e+00 1.521273088090627779e+00 1.411185317364260783e+00 7.151670670618679448e-01 5.630743305420400358e-01 -2.985814170388497946e+00 2.264453389052892285e-01
1.670606619734399612e+00 2.008289261709424789e+00 1.522752065698996793e+00 1.265110827792386816e+00 1.052112835417066572e+00 -2.327631283845031263e+00 7.135009844719546468e-01
2.202271140301023777e+00 2.374299263548821592e+00 1.650805473591782535e+00 1.847992821589033996e+00 1.648141867984142417e+00 -1.704561752418172649e+00 1.272530661994562662e+00
2.647728217015908214e+00 2.538495569331837398e+00 2.005230227189104930e+00 2.439482490313316543e+00 2.273428637745962710e+00 -1.121716434125598072e+00 1.879576757369338935e+00
3.018388593397629549e+00 2.651215782855602221e+00 2.428536123923133339e+00 3.013707649392992849e+00 2.901476651487332248e+00 -6.494358128742314662e-01 2.525911403454757398e+00
-2.935753746501590378e+00 2.959670493116806522e+00 2.825812677477896440e+00 -2.714395427587662724e+00 -2.755449719082029514e+00 -6.763411715878823172e-01 -3.057538350607100330e+00
-2.574492490541929524e+00 -2.845304825810530236e+00 -3.080447276132412870e+00 -2.149303697756089981e+00 -2.128811845186744378e+00 -1.121394131864731580e+00 -2.285366586208435358e+00
-2.086444261246396259e+00 -2.284950061631163098e+00 -2.654170464930452944e+00 -1.551295019460684266e+00 -1.497801692839434873e+00 -7.979385156045850636e-01 -1.448974409072131486e+00
-1.479798263166022698e+00 -1.701224543864856775e+00 -2.176710443834950937e+00 -9.150305071538562540e-01 -8.617746581142954332e-01 -2.477622031636793898e-01 -5.666397854052653837e-01
-7.857528716334766239e-01 -1.152591178076582734e+00 -1.627970024556654183e+00 -2.466419256023360540e-01 -2.135601808367618981e-01 3.666818400390405852e-01 3.321556961150098908e-01
-1.934007755365691958e-02 -7.363349707875030958e-01 -9.900960058734266100e-01 4.403907727251863413e-01 4.631554092482087492e-01 1.022326566654351065e+00 1.188729934672848154e+00
8.016403832406920893e-01 -6.271084339712326150e-01 -2.646361123526143055e-01 1.143580813601634993e+00 1.172082666200037426e+00 1.711846829487864818e+00 1.915305816711294407e+00
1.666301403900581235e+00 -6.039417240303367462e-01 7.243810124418768037e-01 1.986894876126401588e+00 1.910867205340861519e+00 2.404956534207816965e+00 2.268048160809696068e+00
2.549855203922018809e+00 -2.327697466470982635e-01 -2.228220997921943169e+00 -1.356957290144683581e+00 2.688317594165913871e+00 3.057977767406447001e+00 2.270303933852467537e+00
-2.880901514362290694e+00 2.997965174255735055e-01 -1.507126973061714503e+00 -7.265967125046293162e-01 -2.712305360261256570e+00 -2.568894810192108302e+00 2.723094314133360783e+00
-2.195014472210673251e+00 7.385791107846839676e-01 -9.656904203383023244e-01 -1.667420033381266653e-01 -1.369519925160943119e+00 -1.828623166834943525e+00 -2.898000795235212479e+00
-1.967889426713921974e+00 5.304231710094672314e-01 -4.374664319402710722e-01 5.148809486050049955e-01 5.439714734972381782e-01 -1.024534064763787500e+00 -2.227937480380765667e+00
-1.454679623963512913e+00 4.816081483968419064e-01 1.761610858359966003e-01 1.314976868629702533e+00 1.664434588022727146e+00 -1.944630405280314556e-01 -1.715125753047655355e+00
-6.528052770858059350e-01 1.013250334822230148e+00 8.631017792848655334e-01 2.191508018907867505e+00 2.491234549127380404e+00 6.430161670009331143e-01 -1.475680111085963864e+00
1.626398151621299693e-01 1.633522530110137261e+00 1.549559245080212255e+00 3.097162860957428432e+00 -3.104505845440449718e+00 1.461964458500418562e+00 -1.233482747060291373e+00
9.492641299827933032e-01 2.119382850662300033e+00 2.187076415323054412e+00 -2.326455337397934642e+00 -2.598413350395913923e+00 2.224315196943252193e+00 -7.569737854702106583e-01
1.695171877414113126e+00 2.323356174706554089e+00 2.746579770651355723e+00 -1.651035376031726454e+00 -2.297023357973294821e+00 2.949044844161270884e+00 -1.866837818805487936e-01
2.401899044533313266e+00 2.623251743745358855e+00 -3.063115470504871318e+00 -1.210611613284034993e+00 -1.964885793447158857e+00 -2.600646620540603582e+00 2.732646065686836767e-01
3.062541191156670894e+00 -3.075449616241401340e+00 -2.645956704607723253e+00 -7.304128547128571070e-01 -1.415041268598973279e+00 -1.852162714389890663e+00 4.624032480493337482e-01
-2.622284971652904417e+00 -2.373132965637581027e+00 -2.254036450306908357e+00 -6.809072151589842803e-02 -6.879227985515460331e-01 -1.108991181789942271e+00 6.281510393796203573e-01
-2.071594295951891151e+00 -1.673189637228924997e+00 -1.848688320675627494e+00 7.076032073909623854e-01 2.021353440632530363e-01 -4.190460582403103262e-01 1.102981452519148808e+00
-1.550925117636662520e+00 -1.070566212193840183e+00 -1.405323889654212399e+00 1.535373133697575110e+00 1.273862350443898617e+00 -9.826861011835742992e-04 1.741474184372325151e+00
-1.094326260414990593e+00 -6.811987146885999378e-01 -9.130156678900624989e-01 2.410930143894625566e+00 2.335997502523274427e+00 -6.911351116565368491e-01 2.444064473848340135e+00
-9.667135161670501464e-01 -4.404509047385364862e-01 -3.745499187525583307e-01 -2.929980447626946649e+00 3.123323301161463394e+00 -4.766737835708566018e-01 -3.125121270062440892e+00
-1.315874199723718441e+00 9.746706475354716473e-03 1.997574690529109742e-01 1.026672757334791575e+00 -2.653924726517343569e+00 1.677421561465488598e-01 -2.489574562668369850e+00
-1.127463317392892517e+00 7.227073333396309973e-01 8.120800443133807667e-01 2.179253176045133689e+00 -2.316526509143866708e+00 8.994823150103560261e-01 -2.153343030805956460e+00
-7.683629482350587958e-01 1.731203327296143568e+00 1.465206020762598538e+00 3.138837042152094803e+00 -1.971088432883877140e+00 1.671353428807290431e+00 -2.307843773171200485e+00
-5.764813607765777448e-01 -3.032925393485876864e+00 2.223337712288202539e+00 -2.247343552701567937e+00 -1.548774642689852321e+00 2.472077883772189733e+00 -2.004215405484147450e+00
-5.272722496611916831e-01 -1.612424956873643733e+00 -1.373510574680834928e+00 -1.424356944576198103e+00 -1.075992029069272604e+00 -2.986141492110832907e+00 -1.391916736113107067e+00
-2.682031529089879407e-01 -6.424608697994027562e-01 -1.596407043024512806e-01 -6.723642167026286920e-01 -6.011379940154527590e-01 -2.127554109684057337e+00 -7.078453564030233736e-01
1.661907242881996982e-01 1.230546915894961957e-01 3.905622976591586748e-01 3.732020108104280691e-04 -1.714575870903559951e-01 -1.142723482497971732e+00 -2.025311387544243696e-02
6.816797991002064849e-01 7.034343137690185488e-01 7.893934334222857396e-01 5.589398627594672764e-01 1.909902284786124393e-01 9.222342910227769863e-01 6.363390690596953947e-01
1.214337690380518975e+00 8.701400492651215623e-01 1.076765518136864053e+00 9.515505490581829262e-01 4.885387904369631329e-01 2.864100039341523463e+00 1.244575561440715461e+00
1.712068508525641075e+00 6.097266348784451395e-01 1.284520101426097849e+00 1.153514344375465628e+00 7.286443850829852353e-01 -2.256391965157454660e+00 1.767413363286175931e+00
2.095780228652321053e+00 8.355189719115702074e-01 1.435865969690270694e+00 1.339194097132337280e+00 9.160989361576395984e-01 -9.467995805854545477e-01 2.212934074914581384e+00
2.289083232063599205e+00 1.299929969788374384e+00 1.670008379043902202e+00 1.614823428878582767e+00 1.120989393187584282e+00 -9.488340446016682583e-02 2.679835196655737661e+00
2.398245236724163121e+00 1.818996850360949935e+00 2.044611062473325358e+00 1.873237253670551494e+00 1.410616051400605420e+00 3.668051494326298734e-01 -3.087163070849530122e+00
2.568811782149312606e+00 2.321935249673287238e+00 2.486798405338642937e+00 2.070468553902983011e+00 1.799512382850867676e+00 9.717049337732391878e-01 -2.652478511468548295e+00
2.764493863891485326e+00 2.724903037302713216e+00 2.915259089955473559e+00 2.364606580611047448e+00 2.278014978532948653e+00 1.647953695129843243e+00 -2.823005019120774506e+00
2.992590499457739472e+00 2.958695033305924316e+00 -3.029659791376623890e+00 2.827772816352635221e+00 2.822893208528120645e+00 2.326040966670664289e+00 -2.885035960973622249e+00
-2.914770879832245143e+00 -3.127724830064089190e+00 -2.764426665205614864e+00 -2.888077879867116060e+00 -2.882568000762739668e+00 2.979823303961161240e+00 -2.366766450802301858e+00
-2.405388511308116151e+00 -2.820237942075333848e+00 -2.497382832147670317e+00 -2.259978919272606301e+00 -2.336215436221868114e+00 -2.691114179880574220e+00 -1.704784327809383493e+00
-1.813196558521097401e+00 -2.627577813195884016e+00 -2.237814265180761542e+00 -1.598005769583835445e+00 -2.037799614329640630e+00 -2.169933464287127745e+00 -1.089916371285938990e+00
-1.183699353043611513e+00 -2.848313708224726515e+00 -2.139459957695605929e+00 -9.291362717909512625e-01 -2.919406789099744604e+00 -1.974680223671724910e+00 -8.640743844080592817e-01
-5.340354291202745740e-01 -2.699226754765940317e+00 -2.089646216458170169e+00 -1.049515545516766180e+00 -2.864606505577939277e+00 -2.425839269036676793e+00 -1.154854486294008886e+00
1.856558813469678659e-01 -2.141838375144982987e+00 -1.830700022208920696e+00 -2.503913155914151645e+00 -2.397961313983090204e+00 -2.316163548981311493e+00 -7.684280674921992738e-01
1.253992547846189076e+00 -1.438107355350741079e+00 -1.453994253890668276e+00 -1.891408701270600234e+00 -1.884317266064221563e+00 -1.889220174832610510e+00 -1.073060272029993656e-01
3.122886108767191971e+00 -6.488112395488487838e-01 -1.098519594785836384e+00 -1.340815437326061677e+00 -1.362768137131329160e+00 -1.437693175949148250e+00 5.692405280685760571e-01
-2.030650048261354090e+00 2.559762656357025268e-01 -8.294611191841316788e-01 -8.950398818496239084e-01 -8.080632086133865410e-01 -1.037222278381207285e+00 1.191959492234500706e+00
-1.198065922867895150e+00 1.434962913417802133e+00 -6.489810931558174234e-01 -4.938008301128186117e-01 -1.969311982193796551e-01 -6.782234684867394225e-01 1.645799044222348240e+00
-3.995277807844322404e-01 3.129335276054815651e+00 -4.982808125469690430e-01 -5.755500219829018035e-03 4.661229257943332316e-01 -3.074474972592883271e-01 1.747539771653574547e+00
4.685020915370628480e-01 -1.644716054404054884e+00 -1.753444190040567841e-01 6.078112093988181641e-01 1.176120214258578045e+00 1.140877282654159663e-01 1.775582589582408222e+00
1.511366492660781269e+00 -1.913031424221053878e-01 3.396500753745652079e-01 1.346452790684223189e+00 1.911480778011514614e+00 6.007620340267200154e-01 2.214719280637629240e+00
2.714918517487071803e+00 1.581956762886218781e+00 1.891339702456451333e+00 2.200861018668637037e+00 2.652585063426578849e+00 1.158369650393833217e+00 2.909131255644577863e+00
-2.602493894894670312e+00 2.831683428421748694e+00 -1.981093290734272427e+00 -3.114423764261647687e+00 -2.886719053914242661e+00 1.770437176683303360e+00 -2.566133496108311540e+00
-1.921990631766756108e+00 -2.550874638454771137e+00 -1.303754866920232569e+00 -2.047189576191108973e+00 -2.133891241721857845e+00 2.379462871097228760e+00 -1.675486201170153455e+00
-1.371519018936003809e+00 -1.786062735715041150e+00 -8.043719677392507927e-01 -9.310393595709729464e-01 -1.336602459198797277e+00 2.858169543677890445e+00 -7.359689004182100591e-01
-9.264241708760211358e-01 -1.095771405409966093e+00 -9.734912437421064935e-01 2.113919924749296797e-01 -4.100637558231082780e-01 3.022441401590216792e+00 2.220372702781248653e-01
-6.053982354973400648e-01 -4.655421256085226500e-01 -1.336655056327874291e+00 1.393967922514043112e+00 9.533401467452925493e-01 3.054915964256251559e+00 1.192706813795016974e+00
-3.239690844854544172e-01 7.293931616295828979e-02 -9.573515636107318150e-01 2.560143446917575005e+00 2.606514090271164541e+00 -3.005081085732247193e+00 2.148251284140624939e+00
-4.007268521326140531e-02 -1.769452505444782386e-02 -5.094494104253757261e-01 -2.678616178153068628e+00 -2.658133484354096687e+00 -2.652287439213062203e+00 3.072243643332867258e+00
1.160046557162781322e-01 -1.217914509563156722e+00 -1.769669243246399237e-01 -1.787174236856081677e+00 -1.940970375401853909e+00 -2.224576538081290966e+00 -2.323986537174870914e+00
-6.204420787534389303e-01 -8.029584850515208982e-01 -2.255033389354226814e-01 -1.033930377228255093e+00 -1.358772522639657865e+00 -1.750020301917991183e+00 -1.534028322881024531e+00
-8.293738911681253212e-01 -3.155395018696018905e-01 -6.168349374168764498e-01 -3.841044871019962947e-01 -8.416270754451400382e-01 -1.272945940844950163e+00 -8.478265823342813201e-01
-4.725795780150686132e-01 1.250752322258195937e-01 -6.616282757237155199e-01 1.933559098362875595e-01 -3.347809014066948086e-01 -8.707118892773123564e-01 -1.096790195127951423e-01
-2.557561798946307412e-03 4.866496462683526092e-01 -4.239109020024625640e-01 6.584541553295971683e-01 1.902738770176747307e-01 -6.620552297378161644e-01 -2.756914325817957589e+00
4.563542754011724600e-01 7.902006547734916619e-01 -7.876257927851883223e-02 8.623033943704015991e-01 7.032115907249897324e-01 -5.860896197459851686e-01 -1.943502939357016457e+00
8.517848391938732666e-01 1.060968565002560648e+00 3.435686541017942686e-01 7.338342051952149170e-01 1.164071080478375819e+00 -3.138171362681794196e-01 -1.169619960375646306e+00
1.110061085334751674e+00 1.306700893467868552e+00 7.728548698266951567e-01 8.362594149175068825e-01 1.432089668198117449e+00 1.634115727328752654e-01 -4.678979429330553108e-01
1.178938375883725298e+00 1.498425072814079995e+00 1.150623889358086460e+00 1.162152531721201809e+00 1.135983687162033462e+00 7.406630059368918273e-01 4.050635850607661737e-02
1.119964602695128431e+00 1.631319313904596280e+00 1.375291215761027086e+00 1.551591570699589306e+00 9.172344726247572133e-01 1.354384426926368956e+00 2.728409966168022782e-01
1.185472048504443432e+00 1.770377173514205760e+00 1.417235558189882783e+00 1.955419956379882640e+00 1.252520373828437616e+00 1.957990837154597763e+00 2.217097213345300688e-01
1.397296483957458868e+00 1.971316212972882287e+00 1.468925952884322816e+00 2.358955595942840322e+00 1.745430930017891624e+00 2.477177172291798790e+00 4.485446988110451394e-01
1.653771785059820143e+00 2.200906359867902395e+00 1.671288910441200981e+00 2.749021527527355957e+00 2.268033786644703564e+00 2.696904859195676352e+00 9.029708437549484046e-01
1.880097309992825094e+00 2.405642397737175031e+00 1.951739084570157878e+00 3.112613582533258150e+00 2.775755992469787437e+00 2.515697143462897412e+00 1.495952624474899517e+00
2.078742074239314341e+00 2.645787113183990069e+00 2.242248463903798061e+00 -2.794036841588451558e+00 -3.040456489678128538e+00 2.739132129613308209e+00 2.142528425443690487e+00
2.340344975445428410e+00 3.002023397665034565e+00 2.548129333819369347e+00 -2.366447409124996959e+00 -2.607855232076890850e+00 -3.054996719145850470e+00 2.794355217907848132e+00
2.700658866997886154e+00 -2.821383421774585454e+00 2.865693411967317861e+00 -1.879841108049613352e+00 -2.210402732887950972e+00 -2.601271937638097942e+00 -2.236571510743374347e+00
3.139922652761903077e+00 -2.355122121607732488e+00 -3.058371956912030676e+00 -1.398202915705944127e+00 -1.832447747965787688e+00 -2.535944783868906427e+00 8.864633896184221928e-01
-2.684827643647660800e+00 -2.006654808015067459e+00 -2.657975875904810437e+00 -1.070656286325512685e+00 -1.476481148085180051e+00 -2.808455379706348953e+00 1.479479480413362857e+00
-2.223234039520099792e+00 -1.839724307719362129e+00 -2.185688370756951215e+00 -1.132642424632691380e+00 -1.146749737489815235e+00 -2.555329066705290586e+00 1.912965598813455070e+00
-1.772292851477172526e+00 -1.518115541470925089e+00 -1.678016766233095813e+00 -1.125046018377946710e+00 -8.386337923924275239e-01 -2.073191517009930873e+00 1.542490830311000094e+00
-1.284006432319962920e+00 -9.012523870066825316e-01 -1.183776031367132386e+00 -7.340837488834853763e-01 -5.463477929063472738e-01 -1.547230849223094395e+00 1.165598015864125703e+00
-6.999482573419032461e-01 -1.371030910959572802e-01 -7.861146252101908205e-01 -2.334639705724082526e-01 -2.516735786746978620e-01 -1.072604321552915074e+00 1.538850246743765915e+00
-3.166887905605961923e-02 5.857926280143822551e-01 -6.500717639746608212e-01 2.348849017522171567e-01 -8.551101710751667084e-02 -7.937039783925415870e-01 2.013542245247981199e+00
7.423918696409153029e-01 7.761044289405696350e-01 -7.494390179887128189e-01 4.920737815825315109e-01 -3.026882443236029729e-01 -8.446705877886161451e-01 2.463620861055490607e+00
2.472030812618697948e-01 6.514065182811654697e-01 -7.341486128259144817e-01 5.941611759494404010e-01 -5.200605638330806357e-01 -8.250916566387924700e-01 2.687035803165672476e+00
-6.225059121583161881e-01 1.052427412943136353e+00 -3.208463824437931544e-01 8.585052054083394113e-01 -2.281403623633273536e-01 -5.623644583184037593e-01 2.747385867848048502e+00
5.662526703569056852e-02 1.631992584891341691e+00 2.521512426832879239e-01 1.331354005990022182e+00 2.234465807726061515e-01 -2.330079237585373220e-01 2.756520319402439689e+00
7.726542885977893960e-01 2.227674222743661225e+00 1.002821114922140655e+00 1.878237907306750998e+00 7.692004984565409265e-01 8.532958027874393281e-02 3.125543066923256230e+00
1.378372164654600551e+00 2.787234613112595127e+00 1.816000947061169324e+00 2.444028844364944497e+00 1.341356832341333849e+00 3.836801713090819410e-01 3.127276462666110923e+00
1.902306656851910693e+00 -2.966836727391545914e+00 2.686861161464692227e+00 3.046219236131911146e+00 1.962461748370315284e+00 6.841742507223120828e-01 2.869306654868447382e+00
2.137312757205225733e+00 -2.397670676567858816e+00 -1.924584313349246845e+00 -2.566324998407787827e+00 2.711944699681474003e+00 9.968913339620907310e-01 2.081697893163389157e+00
9.868801821690419418e-01 -5.520706541126142453e-01 2.965083304906763195e-01 -7.225651950166215309e-01 8.068073394388639574e-01 1.330213125505894878e+00 1.721581957617180914e+00
