1.561763833699129744e+00 1.583809478420037609e+00 1.574953913538869488e+00 1.581220391183643548e+00 1.511410147733460940e+00 1.549388264059655018e+00 1.469140183013461387e+00
2.027878259526750160e+00 2.109163900503083777e+00 2.012700742812021382e+00 2.091829776713868050e+00 1.830296161642431807e+00 1.970846143802039041e+00 1.856511183245669994e+00
2.396512417305405762e+00 2.567444247983426742e+00 2.427289928414918752e+00 2.524067560862189641e+00 2.153857546920084687e+00 2.337844364828398636e+00 2.219658061266079230e+00
2.633028975016671769e+00 2.876132929826784146e+00 2.723130950560813002e+00 2.825199328537466137e+00 2.470686279327725110e+00 2.599094953812045805e+00 2.523342853961529464e+00
2.871518763913529337e+00 3.124444580527759197e+00 2.997441358074686146e+00 3.072044382425780817e+00 2.798380566156108085e+00 2.798523920114869945e+00 2.751591029191705839e+00
3.049669150588224298e+00 -3.081628566293537208e+00 3.106681276517816226e+00 -3.114615714479310515e+00 2.913252116627606636e+00 2.878216895426358501e+00 2.572519478863493525e+00
-3.050111613537053845e+00 -2.980233661391438638e+00 -3.099731085958826071e+00 -3.085529496367692026e+00 2.628900711623123332e+00 2.942348090958095241e+00 2.357201345763193956e+00
-2.930357123478325665e+00 -2.792997496756752795e+00 -2.997970893439142248e+00 -3.055324942115763331e+00 2.426871130346199390e+00 3.055052095221930220e+00 2.514281067967652827e+00
-2.796719797228917503e+00 -2.487939067555414940e+00 -2.726855991676266910e+00 -2.829928484686826895e+00 2.688378650026828076e+00 -2.984438497239029875e+00 2.904559829423056350e+00
-2.647426988477493914e+00 -2.198698438632725960e+00 -2.428210699518753568e+00 -2.475738168129052230e+00 3.096952388493555919e+00 -2.693810082573901532e+00 -2.923703889503193931e+00
-2.428488809729850040e+00 -1.950946666261642592e+00 -2.135657813153135187e+00 -2.039923715541052118e+00 -2.726689680784131653e+00 -2.389817582217779179e+00 -2.451320981705757074e+00
-2.186064607800606296e+00 -1.750617750401055828e+00 -1.924466315254317550e+00 -1.585270370386639538e+00 -2.272895629921562133e+00 -2.081517624888648665e+00 -2.018679931987493514e+00
-1.925898528862410197e+00 -1.525428789119004369e+00 -1.710548466340559237e+00 -1.132752261726194920e+00 -1.810045467879727088e+00 -1.704509252454003310e+00 -1.615662241251569320e+00
-1.696817496176261431e+00 -1.319312067324275528e+00 -1.444755787414014669e+00 -6.654286476613761048e-01 -1.307946515850593627e+00 -1.249330221554947773e+00 -1.176905002808355416e+00
-1.548978716252765953e+00 -1.519158956992692877e+00 -1.245095978517166246e+00 1.940457491714160376e-01 -6.360476661096915452e-01 -7.645782582801281535e-01 -5.931737617123645778e-01
-1.577937139041354575e+00 -2.124500941948774813e+00 -1.625475499538364454e+00 3.050078769232783316e+00 1.872344829431204172e+00 3.038765094971941139e+00 3.759358768633112025e-01
-1.753282317497152132e+00 -1.939026204528107700e+00 -1.956071374794747353e+00 -2.681882612420411593e+00 2.904138946156573642e+00 -2.706013924580527252e+00 2.194845515119784096e+00
-1.809578747489289929e+00 -1.494536560399399860e+00 -1.628542013855797999e+00 -2.161426348049540369e+00 -2.812713761099305820e+00 -2.137022730677287541e+00 -2.840797046865223496e+00
-1.683878705252352947e+00 -9.618205159120167824e-01 -1.105039860173447686e+00 -1.594781276765196321e+00 -2.293232200283477518e+00 -1.541386377217393466e+00 -1.963964267210044357e+00
-1.460849159740658543e+00 -3.386985577420924542e-01 -4.596978423381375412e-01 -9.458970755764440907e-01 -1.776159505703812869e+00 -8.879883935812461493e-01 -1.127529123699718694e+00
-1.192714696758613524e+00 5.222283428385218196e-01 3.447510199783242468e-01 -9.046630081017914549e-02 -1.200347593186626760e+00 -2.085865659638166947e-02 -2.304227212668674696e-01
-9.272485041486420165e-01 2.589205652642617927e+00 1.592535524334459440e+00 1.227506167772273615e+00 -4.490674710456226681e-01 1.484277941953769719e+00 7.403598875402560564e-01
-8.901720663539198775e-01 -2.600989373771650293e+00 2.853576152276436240e+00 2.419133378694490855e+00 8.109484231963416390e-01 2.698694008742258177e+00 1.658810573106782149e+00
-2.145928355648790475e+00 -2.013450751320109422e+00 -2.622277154908535746e+00 -3.082375132396895534e+00 2.244466698947086947e+00 -2.864977827153482703e+00 2.451724869684265506e+00
-2.393857579308047878e+00 -1.524585518233805059e+00 -1.979028589315682929e+00 -2.452071419203107894e+00 3.110870939027762905e+00 -2.293097119198128642e+00 -3.135707781512951708e+00
-2.173451794214309452e+00 -1.072416475199382324e+00 -1.411622967399271289e+00 -1.885834807412716918e+00 -2.508048940639698632e+00 -1.787537549924253621e+00 -2.502474193863174268e+00
-1.858092099516349904e+00 -6.296923567189722792e-01 -8.665636266850720304e-01 -1.338473122046353270e+00 -1.897479157984020892e+00 -1.299453338775777400e+00 -1.905036523848030683e+00
-1.529699405421889313e+00 -1.716788155134090499e-01 -3.078192954008050486e-01 -7.890586731739008819e-01 -1.311562395566289396e+00 -8.014609040206455148e-01 -1.342044636778054301e+00
-1.225378671484120607e+00 2.874969236384760096e-01 2.554575528749595814e-01 -2.274488287037446377e-01 -7.483611475803298996e-01 -2.824876624356154609e-01 -7.986754844237805573e-01
-9.793096257724589471e-01 8.028622778637751756e-01 8.904174212992954640e-01 3.766266951935661189e-01 -2.119087534371665027e-01 3.148452457154465867e-01 -2.240607824536355597e-01
-8.175814615940528718e-01 1.429901306921883553e+00 1.634098411341515567e+00 1.140792364065273734e+00 2.986169770997568196e-01 1.631274978731505509e+00 4.844909748985776199e-01
-6.939077981356830405e-01 2.400398376994546279e+00 2.517923735031788457e+00 -2.909078232834318989e+00 1.018038853184876302e+00 -2.410610562846075666e+00 1.523440645513439939e+00
-6.048236776535396153e-01 -1.920856843150044124e+00 -2.822028319767197591e+00 -1.723512203529699693e+00 -2.255342402588165651e+00 -1.717870035193745260e+00 2.707268250074716054e+00
-5.257489898102000181e-01 -6.538137724789844230e-01 -1.951808754617122554e+00 -1.075776033007277421e+00 -1.660340462797628147e+00 -1.126817879882660689e+00 -2.632257608279959804e+00
-4.034467227182433890e-01 1.819808263486507871e-01 -1.128688246139160301e+00 -4.697815568026749156e-01 -1.096745672941735972e+00 -5.447954668759437125e-01 -1.828841020861944777e+00
-1.079877969079031108e-01 9.284570698551584123e-01 -2.892273817969578942e-01 1.503510089963161211e-01 -4.928963969664443279e-01 5.052903592425869034e-02 -1.070320992133976024e+00
3.376744735826514576e-01 1.592195429878028756e+00 8.359466121306071695e-01 7.829367305215956252e-01 1.499256005722431617e-01 6.640985822754965628e-01 -3.096416166386539159e-01
9.078894878970773519e-01 2.160307096815841099e+00 -3.140094182319941751e+00 1.436920069182253012e+00 8.289188634009133638e-01 1.313428162485064776e+00 4.937076646104288091e-01
1.556124425778011577e+00 2.662647353016625917e+00 -2.253674196451548539e+00 2.121988932280953755e+00 1.537828807263877051e+00 2.010215953315332538e+00 1.383054664832614522e+00
2.264667577834376111e+00 -3.100117386013947929e+00 -1.732823689275189816e+00 2.863895643920953304e+00 2.285988347354666939e+00 2.774160343841946208e+00 2.422036715651894934e+00
3.024004787005350803e+00 -2.487473096695744346e+00 -1.263632998993116541e+00 -2.573924486488794461e+00 3.096941267408110487e+00 -2.634858555891755660e+00 -2.680969277492152969e+00
-2.464213789503193919e+00 -1.832267375272413013e+00 -7.838479919166603249e-01 -1.587568994913184151e+00 -2.269157466060296446e+00 -1.602506405039352044e+00 -1.529205769126437797e+00
-1.580808122898112345e+00 -1.193997020012227850e+00 -3.190573848188709705e-01 -4.284812744174495980e-01 -1.130820621333596065e+00 -3.608519750655794223e-01 -4.837296603774337567e-01
-2.922332122145793742e-01 -8.123373187116477157e-01 1.164182014156522615e-01 8.487725829992593951e-01 3.398408582990630755e-01 9.977992444955937623e-01 5.080430929136822149e-01
1.900619959458001773e+00 -1.566604099139910611e+00 3.387904084765792079e-01 2.108657733544579749e+00 1.737845519658486770e+00 2.214985401334858217e+00 1.489718739443387285e+00
3.012479570616121372e+00 -1.252175992826117135e+00 1.539413515286668088e-01 -2.947884154917817856e+00 2.844753629200158951e+00 -3.059906812800869513e+00 2.480887346673485983e+00
-2.441479561996438452e+00 -5.242744260383753740e-01 1.774829752970628338e-01 -1.690211565923268600e+00 -2.459724344150986841e+00 -2.209862794189964674e+00 -2.807276279507105787e+00
-1.676449733600525960e+00 3.129127711261100453e-01 6.169570644119219960e-01 -4.513885684187411429e-01 -1.509826639441814056e+00 -1.505840409279883163e+00 -1.821521024062782601e+00
-9.116525853678368874e-01 1.187936943181217009e+00 1.174955746363446796e+00 6.402101164556003310e-01 -5.319000025599051051e-01 -9.390753284448182248e-01 -8.288038645512848523e-01
-1.083795143793840482e-01 2.110167446825921722e+00 1.800529527798753859e+00 1.575840539420128694e+00 4.873694263752423317e-01 -4.962193791719144986e-01 1.771772188508106416e-01
7.554477588355910100e-01 3.100668206769323199e+00 2.507193539341895594e+00 2.398703456973907411e+00 1.488208977195821570e+00 -2.302210846144100154e-01 1.162144903952871511e+00
1.697522859819764252e+00 -2.130737715423401291e+00 -2.915333839687202833e+00 -3.130371448579725158e+00 2.401164621843019820e+00 -2.367428996632594540e-01 2.091301936372766956e+00
2.637669689617127222e+00 -1.046658907412256978e+00 -1.520768355474902300e+00 -2.386139507823794137e+00 -3.058673691041188025e+00 -2.191196734545193259e-01 2.962534348413018659e+00
-2.789069670775745635e+00 -1.875648675986277616e-02 7.163649670433375194e-02 -1.591932250341073551e+00 -2.280910878867366876e+00 8.716685862952909536e-02 -2.467517052779930165e+00
-1.975547522979912651e+00 8.907248438191714968e-01 1.026616380480670498e+00 -6.937639628934859637e-01 -1.499124093027105253e+00 5.142660962164068428e-01 -1.573954315560454287e+00
-1.152621136955937819e+00 1.702350209203478126e+00 1.778044728972289823e+00 2.888222539407399592e-01 -6.864098038948116542e-01 9.970928548780543244e-01 -5.950832060230899501e-01
-2.617386892383191666e-01 2.426233617658207553e+00 2.456421724539027185e+00 1.256671170026919526e+00 1.716893896383666351e-01 1.520526562303822882e+00 5.025813990594173442e-01
7.309747700916199298e-01 3.072244838567291136e+00 3.098578499723695590e+00 2.149959073336497717e+00 1.082541014633887855e+00 2.086116198915235920e+00 1.651353898516526586e+00
1.732099359358449719e+00 -2.576039387557897964e+00 -2.506544567179464611e+00 2.973438464514877033e+00 2.024588537250878506e+00 2.694415638896970666e+00 2.686997203703459736e+00
2.638454131119338353e+00 -1.857256022164703202e+00 -1.752037452207410029e+00 -2.528798209107768979e+00 2.962835791851039069e+00 -2.929327105825380251e+00 -2.713323418985724711e+00
-2.829700138776468421e+00 -6.477263361275107378e-01 -8.762365495625731304e-01 -1.754597719047059412e+00 -2.398314837889091056e+00 -2.140267416408920820e+00 -1.943532714902492797e+00
-2.065985065727050429e+00 1.243769380866081686e+00 1.047612765850111788e-01 -9.507413759687715071e-01 -1.475976882122662648e+00 -7.036230234190268273e-01 -1.252965844877099499e+00
-1.227872573602325712e+00 2.283134897922881823e+00 1.068900245062890386e+00 -3.349556418276028458e-02 -5.122682273328978964e-01 1.168808033255184897e+00 -6.063188132896583094e-01
3.636607129398483074e-01 3.047540822747512035e+00 1.898066611693756789e+00 1.181163280207062849e+00 5.256847197131826466e-01 2.031770295191104747e+00 1.866981459113344760e-02
2.219578690523979603e+00 -2.570564471213109048e+00 2.144047036550870811e+00 2.491901347620734342e+00 1.596977752198662559e+00 2.686237454980349160e+00 6.107109540700934591e-01
3.038713652012293487e+00 -2.184516011569687333e+00 1.335272652669215576e+00 -2.828479789960102853e+00 2.601418616345139156e+00 -3.024343619407143802e+00 1.145289026121345755e+00
-2.579341147780691568e+00 -3.073457465839567249e+00 1.788891458485069252e+00 -2.066592224662187061e+00 -2.784173951180830553e+00 -2.536431240665530051e+00 1.602143848012446581e+00
-1.972729626739830655e+00 -3.009266787435587176e+00 2.405696304956083775e+00 -1.433112522915735099e+00 -1.972627466590324730e+00 -2.275349992664577048e+00 2.079315656358554421e+00
-1.410931563834789459e+00 -2.491369700666829168e+00 3.053932414044200794e+00 -2.133238880047929609e+00 -1.228310290735523669e+00 -2.416000551054330980e+00 2.731207955607952265e+00
-9.356884932033363578e-01 -1.912607323757662625e+00 -2.547409492317292745e+00 -2.777785744712169880e+00 -7.017899263495761542e-01 -2.319250726099720161e+00 -2.726494435556066520e+00
-6.351947869920074874e-01 -1.224316966188623512e+00 -1.697693397373440272e+00 -2.176290339282043185e+00 -2.337073971415032592e+00 -1.821148605753010408e+00 -1.796875397343729253e+00
-5.079475736065104385e-01 2.448350951454074109e-01 -4.356919036186630845e-03 -1.539413946709775383e+00 -1.796589378088663480e+00 -1.076149634745540151e+00 -8.323123679292864230e-01
-3.432788132964070815e-01 2.366694200110075030e+00 1.718045701661777835e+00 -9.657226111172657612e-01 -1.041507006023638882e+00 8.480655383975705952e-01 1.290866857070895046e-01
4.691485603636272317e-02 -3.094546447763715236e+00 2.596369379794727816e+00 2.966075651239339361e+00 1.664869170143316868e-01 2.554215732570699338e+00 1.083984185367924846e+00
7.260267826080899489e-01 -2.404824723691216359e+00 -2.966034349193440445e+00 -2.709537243931939177e+00 2.750733496059123873e+00 -2.951432546697449144e+00 2.039280210366314794e+00
2.457377933897261890e+00 -1.756408987745505579e+00 -2.309950082992424214e+00 -2.089197485892051454e+00 -2.731299158679568961e+00 -2.276837627620174942e+00 3.010226780121022738e+00
-2.682278143511249713e+00 -1.120868749324075653e+00 -1.677564253340600775e+00 -1.470618642688901412e+00 -2.138815236654329155e+00 -1.626705563379576169e+00 -2.264251178799713049e+00
-2.083146947305506647e+00 -4.767889045588140640e-01 -1.046634017053941657e+00 -8.618010889678284769e-01 -1.611430341160605684e+00 -9.850209131629554804e-01 -1.202150375308583596e+00
-1.579460297490647314e+00 2.122772361923395690e-01 -3.724900510277177057e-01 -2.688782705739788947e-01 -1.108668545358191926e+00 -3.411372606816777120e-01 -9.570105449048793567e-02
-1.141690947715353177e+00 2.996936487066119259e+00 3.112026142910034210e+00 3.056541254235808358e-01 -6.253833375408657247e-01 3.649365812278730914e-01 9.942804700757942316e-01
-8.023403325098815708e-01 -1.933577693006226950e+00 -2.399302998858409808e+00 8.339414178944188905e-01 -2.006872681889548538e-01 -2.288467253787653810e+00 2.011501898596691706e+00
-5.847761534217210677e-01 -1.315906276391745733e+00 -1.755655225785581752e+00 1.152156211313082768e+00 6.457131384293407494e-02 -1.596510040514059092e+00 2.977143253785997867e+00
-4.485416680430535097e-01 -8.155165218901141433e-01 -1.144399519532687481e+00 -1.668042012844534183e-01 4.364733000764908083e-02 -9.242766538604703097e-01 -2.312061591003906180e+00
-2.343252302232425310e-01 -4.689909647054143482e-01 -5.897592523870676118e-01 -1.488648657284138144e-01 2.076510216909199791e-02 -2.521713659773760496e-01 -1.096932010043742745e+00
2.907388979147245908e-02 -2.880710812837126711e-01 -1.639981678404996424e-01 1.463987513411910690e-01 2.243673535985916956e-01 3.730502215984635161e-01 7.175935539771427507e-01
2.499893469733878160e-01 -5.820106156642007589e-02 1.785877424011344736e-02 2.801176427284235992e-01 5.105773297709765846e-01 -1.755988080490231917e+00 2.239903359882688960e+00
3.109724396253319978e-01 3.341677933545853518e-01 -4.934375123677905289e-02 3.935635051696585451e-01 7.814787328150940571e-01 -1.247735634227539858e+00 -2.928962007045129656e+00
4.778699769028450506e-01 8.459135749528090553e-01 3.604185233246142567e-02 7.750954417313598022e-01 1.077488491841117391e+00 -6.100322990449431604e-01 -1.883115885667120848e+00
8.997266267390686689e-01 1.407955988094421240e+00 2.591549928542873360e-01 1.333295409999716075e+00 1.465550185225706681e+00 1.136379473261289394e-02 -5.729425270408909920e-01
1.489346758719973796e+00 1.966006554748512158e+00 4.897158146329397277e-01 1.963943713780875289e+00 1.940198361979632358e+00 5.533404760354698748e-01 1.871774560904352569e+00
2.155783017560348291e+00 2.380924442960303811e+00 5.968352463934655239e-01 2.614108656639170469e+00 2.459128194725255678e+00 -1.950497041932439390e-01 -3.102123084898094962e+00
2.859093610289902276e+00 2.243718972975374371e+00 6.154518557367715248e-01 -3.043071961744696186e+00 2.970679721972039555e+00 -6.955379112415132070e-01 -2.127741155763088088e+00
-2.668608446166398807e+00 2.273651076834899420e+00 6.659690043362165301e-01 -2.571240246868259582e+00 -2.908668143726946820e+00 -1.113889314338966652e-01 -1.182018648520344106e+00
-1.306087124937502786e+00 2.847975496452297861e+00 7.665708092784311312e-01 2.885393309406096840e+00 -2.977129941235221011e+00 5.778574405591582197e-01 -2.149130865866182571e-01
1.549865440859436116e+00 -2.698599586460581179e+00 4.934075106438145508e-01 2.772603268981205016e+00 2.892715833419011950e+00 1.313138850817085368e+00 7.748230606581234525e-01
2.256967002021089908e+00 -1.976625940041276452e+00 -6.644686676753615018e-01 -2.989154367061832129e+00 3.116398363212173450e+00 2.097296338845303865e+00 1.764104243331573230e+00
2.850224224332867262e+00 -1.356698650113727256e+00 -7.788051846784408427e-01 -2.409536173729579733e+00 -2.730412080480975945e+00 2.950410216351820658e+00 2.711497334913013368e+00
-2.936009553628395441e+00 -8.933461904405206599e-01 -4.104141319353584727e-01 -1.842971988766297198e+00 -2.259933181811584202e+00 -2.429213259622523324e+00 -2.704743359519078183e+00
-2.523456488940689635e+00 -5.512259883044393627e-01 6.972587235150176643e-02 -1.301876476380568137e+00 -1.807895229687827454e+00 -1.619657323976840591e+00 -1.957317205615336952e+00
-2.185961580408837701e+00 -1.845019841795902948e-01 5.783152410781352559e-01 -7.780316098575509320e-01 -1.396648893402447911e+00 -1.047291975797942420e+00 -1.403652226429613847e+00
-1.865935054880801358e+00 2.824239688743419019e-01 1.069839567282378390e+00 -2.506312996095850232e-01 -1.025272569122325450e+00 -5.647104678474674788e-01 -1.070239462851194423e+00
-1.534771346802082936e+00 8.680584066801168008e-01 1.553309622443969307e+00 3.068573379991146877e-01 -6.829372419293321395e-01 1.402306172593878117e-02 -7.257843863713728805e-01
-1.203950692307546255e+00 1.551951610503635948e+00 2.051213528484886250e+00 9.180697557912074203e-01 -3.812858656292749671e-01 7.042064206204110555e-01 -1.870282555704529670e-01
-9.035076112238590307e-01 2.348743949218782046e+00 2.584514262736672396e+00 1.631742340352875908e+00 -1.824305394513240641e-01 1.514836877656043024e+00 5.629435928216689478e-01
-6.886500824644619101e-01 -2.974909162976744792e+00 -3.112853366633223651e+00 2.485151894408502038e+00 -2.120617053920092587e+00 2.471809210660457001e+00 1.523524697676559958e+00
-7.272183779816945304e-01 -1.869902081272729166e+00 -2.466778187628286378e+00 -2.851794150329344468e+00 -2.406860569419235762e+00 -2.753149696650530664e+00 2.599111167594957195e+00
-1.230317145195202855e+00 -8.482239247511117464e-01 -1.722126690162249840e+00 -1.938388555380755607e+00 -2.013487446795919844e+00 -1.774179038825441257e+00 -2.675088166651804045e+00
-1.289839563565748026e+00 -5.822096704135878986e-02 -8.804114949726622452e-01 -1.129232914288088585e+00 -1.491452875252231136e+00 -9.642285021502313702e-01 -1.792057520854292152e+00
-9.717303834743046265e-01 5.377584391287950627e-01 -6.227811416762120411e-02 -4.164555936972621497e-01 -9.079470774733725547e-01 -2.873137842154489530e-01 -1.008628371637347865e+00
-5.096613228972414200e-01 1.021676396654687347e+00 6.412051116594109645e-01 2.261494120699623078e-01 -3.034343450919318452e-01 3.064740383951740088e-01 -3.010995304735165634e-01
1.882569055556650855e-02 1.481040175020091665e+00 1.268328044185129455e+00 8.181611410348423874e-01 2.868494958450822363e-01 8.529940390182072507e-01 3.340406616544153162e-01
5.783777767961827410e-01 1.974975656054162032e+00 1.874220888436304078e+00 1.366918511329365815e+00 8.250344698634871632e-01 1.372941481847376854e+00 8.783764844068596700e-01
1.126683308290348684e+00 2.494207840439555124e+00 2.452923964943553248e+00 1.852968912457372275e+00 1.263518948530100383e+00 1.859423371122119750e+00 1.304468465107649910e+00
1.627212469656986071e+00 2.993917747750156177e+00 2.975752799997453124e+00 2.257076330684138821e+00 1.586063921684376377e+00 2.289728604471403361e+00 1.652518878549902315e+00
2.047111640821181577e+00 -2.852620666589594567e+00 -2.852601151668279655e+00 2.610383778321955894e+00 1.876880766725192107e+00 2.649487344862888172e+00 2.025890080010565253e+00
2.383212107663453150e+00 -2.512066122931859713e+00 -2.460428179525481429e+00 2.979547961061671746e+00 2.236624080772738221e+00 2.968062973856727460e+00 2.459860795662201394e+00
2.678788244635136984e+00 -2.236345776656148310e+00 -2.082055101024916421e+00 -2.895077940383710136e+00 2.665641479786333701e+00 -2.974535690692987178e+00 2.925203995397625878e+00
2.965304161933709270e+00 -1.965256942875409418e+00 -1.687457559015567377e+00 -2.478943151268326872e+00 3.125439590955302993e+00 -2.607245493151894689e+00 -2.895910862398718422e+00
-3.028316859026014107e+00 -1.693913192480084762e+00 -1.272318776491007553e+00 -2.086578513342705499e+00 -2.684583914782420422e+00 -2.263833562946660383e+00 -2.447464692760761285e+00
-2.729862327014773715e+00 -1.496629421494365619e+00 -8.551156065957856711e-01 -1.731267021241314596e+00 -2.200632418099989884e+00 -2.019128513552335136e+00 -1.996879014766415938e+00
-2.383787008399396168e+00 -1.389777441634817645e+00 -5.090613718555738743e-01 -1.385299440562218320e+00 -1.701924519255197943e+00 -1.906381548204587384e+00 -1.517440971179926157e+00
-1.974174081199096209e+00 -1.185981148174266808e+00 -4.720650882184848629e-01 -9.972385993982281205e-01 -1.198107455303817570e+00 -1.765015353128422060e+00 -1.024803348729415031e+00
-1.492086102370163925e+00 -7.788778687641169096e-01 -7.144416681949948833e-01 -5.381227049122991879e-01 -6.981628913067537967e-01 -1.389121938508502074e+00 -5.914070149538551702e-01
-9.324026849880195922e-01 -2.011331146214759003e-01 -3.892533424992518087e-01 1.212106321521319021e-03 -1.515297498864354719e-01 -7.756180624216082453e-01 -2.758398227988432816e-01
-2.831900391825230567e-01 5.351870151507948092e-01 2.437991182591417449e-01 6.230029765121827268e-01 5.280880124251092766e-01 7.866576411526676749e-02 6.481998658966680801e-03
4.802933117626941861e-01 1.498579287512500136e+00 1.021760219416317117e+00 1.332331011408176558e+00 1.336181359253888701e+00 1.207789018830647487e+00 3.346173786030408603e-01
1.340624317091389184e+00 2.593482154505772019e+00 1.862070603255967516e+00 2.106515516761430895e+00 2.150350717571619885e+00 2.294596620408612786e+00 6.705669485097039972e-01
2.202265926019753017e+00 -2.767766950842983409e+00 2.698963060373825051e+00 2.889946858328281465e+00 2.873614213297162934e+00 3.101701780346934001e+00 1.194200389492290348e+00
2.932786717728229409e+00 -2.025041611395862251e+00 -2.795753451815628843e+00 -2.643154806164809578e+00 -2.789252618186186083e+00 -2.543768277289879975e+00 1.996005292363458805e+00
-2.793540260605194447e+00 -1.383632817501672552e+00 -2.074879571450914284e+00 -1.924702189657756080e+00 -2.238193825681564775e+00 -1.983186821587403337e+00 2.925913880259996880e+00
-2.340449399235706718e+00 -8.053635825455010000e-01 -1.399739457557861888e+00 -1.216539025102330696e+00 -1.693116186561085978e+00 -1.457584614500153419e+00 -2.448217696565474277e+00
-1.910621206968918129e+00 -2.799512239848808703e-01 -7.597769108134526661e-01 -5.210445799751254325e-01 -1.121488264898891973e+00 -9.725725807456711003e-01 -1.630123916848439380e+00
-1.436911590955592066e+00 1.674252433363817849e-01 -1.806460494577439568e-01 1.402893650565672778e-01 -5.354579693240745231e-01 -5.582509353933727825e-01 -9.240846279357148862e-01
-9.075670683078460588e-01 5.046994442081457199e-01 2.483292831342781282e-01 7.454386814995943578e-01 3.901145700701031532e-02 -1.985450391374354862e-01 -3.490232635685151519e-01
-3.306292605823750175e-01 7.453233928779815498e-01 2.500918334534970033e-01 1.277666597367959289e+00 5.885352225451149222e-01 2.036239048404038521e-01 4.984984655450201002e-02
2.903601557455224857e-01 9.831932902277259467e-01 8.932942302767868381e-02 1.746664668409523502e+00 1.130473288342561666e+00 7.080301720885541217e-01 2.385190858349036935e-01
9.330352557283322357e-01 1.186662563683192673e+00 3.370223127223518356e-01 2.171965978789753393e+00 1.678850365296237879e+00 1.277706661461146975e+00 3.337798386219271718e-01
1.582423591996207968e+00 1.411304945101544472e+00 7.904310692033084118e-01 2.544653571998924946e+00 2.226841481532855660e+00 1.863089025134451404e+00 4.942020028933002407e-01
2.216383018366486102e+00 1.785581214068006295e+00 1.308342204240885209e+00 2.764290779168854240e+00 2.743826057247510164e+00 2.425207733525751141e+00 7.493662422146731839e-01
2.801308809340860684e+00 2.252399534831412975e+00 1.841654486568870652e+00 2.536887875991211239e+00 3.129606034926751601e+00 2.892230322754286043e+00 1.137367576359445964e+00
-3.038796325904963513e+00 2.702855448570680164e+00 2.336589803190757930e+00 2.351273603429879344e+00 2.762563593296690101e+00 2.929563269048338192e+00 1.637964255234312994e+00
3.131131196011099238e+00 3.095797180413650818e+00 2.748940221058421063e+00 2.645366096160040481e+00 2.213903953573443051e+00 2.484622268954482571e+00 2.200396522378868180e+00
2.803875721081160233e+00 -2.757483550955425855e+00 -3.134781679249721620e+00 3.120569185231333975e+00 2.572049399026913097e+00 2.797753137566512116e+00 2.785913587132804903e+00
3.090093345258795310e+00 -2.230345254614510608e+00 -2.638059637222387455e+00 -2.637496648040478231e+00 3.080638921647305573e+00 -2.933593243270110840e+00 -2.909319215478307186e+00
-2.727672841100901469e+00 -1.598325930386099492e+00 -1.822756976476486379e+00 -2.107192998423932373e+00 -2.663404297597246728e+00 -2.358482954456893488e+00 -2.318960042414418332e+00
-2.235128204820331366e+00 -7.368642664594434732e-01 8.787693162484079279e-01 -1.591729476560294954e+00 -2.125012010848498445e+00 -1.876835208629157536e+00 -1.716907910937287340e+00
-1.750231587396761324e+00 2.685694521820892078e+00 1.960822216918101102e+00 -1.104720006582665670e+00 -1.604199009780953755e+00 -1.715649000567177174e+00 -1.092898049603248323e+00
-1.319044689772437051e+00 -2.826057480590318693e+00 2.758502538161566875e+00 -6.798614672375447032e-01 -1.129255424117790341e+00 -1.898261309273223008e+00 -4.537228903494374133e-01
-1.035421576920301900e+00 -2.103181351834999990e+00 -2.747326189263600948e+00 -3.755620554502880903e-01 -7.526898075670731547e-01 -1.631056014731703474e+00 1.483157538889657290e-01
-1.000227440205605944e+00 -1.425013122575845559e+00 -1.983067025384469106e+00 -1.746133102438625073e-01 -5.401498242669380279e-01 -1.061733726190599914e+00 4.879620599068799081e-01
-9.821929017457026179e-01 -8.941786785704235463e-01 -1.214421502075890169e+00 8.690203547921679372e-02 -4.433944782338273827e-01 -3.557964658207431463e-01 2.295872293690843780e-01
-7.351297690237957871e-01 -1.171117500560520330e+00 -3.916026155267569864e-02 4.973699498291804244e-01 -2.857655354462148023e-01 5.621875276630444729e-01 6.359568453411565958e-01
-3.866937548252775136e-01 -1.571779549412253951e+00 -3.036971514937885086e+00 1.011381048394085047e+00 -1.403692869519202191e-01 2.337474555801656528e+00 1.482512645505883242e+00
-1.052761138770810373e-01 -1.136681215263866340e+00 -2.323864653954727633e+00 -1.525212459267543119e+00 -4.314377082498139782e-01 -2.438606190716738009e+00 2.486856319616850275e+00
-2.169766762502451374e-01 -6.133396705067398758e-01 -1.696369382999251441e+00 -9.500554065031336926e-01 -7.112678676315328241e-01 -1.622060654012259073e+00 -2.743621581879501115e+00
-4.711506351061864328e-01 -2.063343160844265667e-01 -1.226015733517902495e+00 -3.500588758852729021e-01 -3.919656495828295339e-01 -9.866141347820728269e-01 -1.736160305257914649e+00
-2.911008323589874824e-01 -1.604697783245456200e-01 -1.013140635104296194e+00 2.157900199098792826e-01 1.184439815232857796e-01 -4.549749084822188872e-01 -8.703225138239315539e-01
5.305030308885814311e-02 -1.761418647648102243e-01 -8.432170483532587246e-01 6.919492628566342729e-01 6.680261138236792684e-01 8.184727673864494735e-03 -5.123054839159032481e-01
3.777686142089149435e-01 1.472199651149078414e-01 -4.383575336622383967e-01 9.469928655917251303e-01 1.179754215901113179e+00 4.363048969810696676e-01 -7.244153531186885431e-01
6.313406579073215230e-01 5.972477116831514943e-01 1.529446566952091247e-01 9.157138211927724480e-01 1.576688757377326056e+00 8.320092533194766160e-01 -9.536802126722088158e-02
8.432997002316792168e-01 9.830756018731845458e-01 8.586018509772970209e-01 9.705054290780226189e-01 1.736119757203677505e+00 1.053503323889059651e+00 7.857089601095075260e-01
1.092008978318214529e+00 1.146711351534048129e+00 2.309499367524824098e+00 1.189280245796958457e+00 1.591796609685392161e+00 5.872251554654674965e-01 1.759624826173604939e+00
1.347511214182316452e+00 1.185120652336431935e+00 -1.352621492049094210e+00 1.412274574312855968e+00 1.503430402408271194e+00 3.629752711968289303e-01 2.850122195367212896e+00
1.562393979524535181e+00 1.439106746864955655e+00 -6.613645400909319294e-01 1.649221003579723233e+00 1.654038527169942929e+00 7.102222985741152295e-01 -2.049808142321373428e+00
1.776931000966312180e+00 1.831728186848192941e+00 -1.696170785499661882e-01 1.986681666741865193e+00 1.956800605766372492e+00 1.182269091691567242e+00 -3.123063893044371042e-01
2.064161976770919615e+00 2.215802819649946631e+00 1.084303525358916304e-01 2.424125753928544569e+00 2.357692677052200647e+00 1.664603071092746411e+00 1.161928625518561464e+00
2.426104317775043651e+00 2.506889756720338092e+00 1.982020602485100591e-01 2.919506728783140659e+00 2.819411895531759527e+00 2.092792301915304076e+00 2.470301800541315540e+00
2.826454233969294183e+00 2.676025508074045600e+00 4.180947206298701313e-01 -2.845331604255876723e+00 -2.977730773257873054e+00 2.376947923604153079e+00 -2.448388202982568096e+00
-3.036261761920575175e+00 2.810877006540933642e+00 8.408814578548332586e-01 -2.326119661474324474e+00 -2.489406489625824115e+00 2.423741350512640391e+00 -1.143324397830874029e+00
-2.617477052701245199e+00 3.031314612203998227e+00 1.391829260589957817e+00 -1.857388205957745120e+00 -2.003421073009481468e+00 2.434279682432610059e+00 -7.964795836916838123e-02
-2.212280642734350877e+00 -2.879530379681551455e+00 2.009777846748861840e+00 -1.709009246278929917e+00 -1.503372131446186977e+00 2.675315973042574402e+00 7.987328519480384470e-01
-1.854157432649160553e+00 -2.376425664077121525e+00 2.657064678528170631e+00 -2.688547255994509388e+00 -9.587802506610365594e-01 3.060408736609188551e+00 1.581837704767417696e+00
-1.568879034356443825e+00 -1.784833186838376884e+00 -2.979248416318087234e+00 -2.598671684413483174e+00 2.637884736724253276e+00 -2.824922059193096580e+00 2.316683547520176578e+00
-1.343903013452105055e+00 -1.173414043400163198e+00 -2.386226642365341988e+00 -2.219150443256156624e+00 -3.090116215562523028e+00 -2.575477302062683993e+00 3.021614178548447605e+00
-1.107959592172969687e+00 -9.387376591468638010e-01 -1.976276375376755157e+00 -1.867553188741066128e+00 -2.599197720804378609e+00 -2.585322684853691211e+00 -2.609913595086369220e+00
-8.086572131432638866e-01 -2.430050074623641976e+00 -2.101820489488699373e+00 -1.657871112800733737e+00 -2.191698874715387380e+00 -2.537333035280862958e+00 -2.204769657289859186e+00
-4.953293406303881929e-01 -1.811971354945767887e+00 -2.030739771973256058e+00 -1.532619939948797416e+00 -1.863527473752972563e+00 -2.216134824613180676e+00 -2.510266328184222573e+00
-2.898590127559874663e-01 -1.050286413652086415e+00 -1.367638371119302088e+00 -1.229798076827693265e+00 -1.548046555500039334e+00 -1.723613477865387988e+00 -2.272306892494245556e+00
-3.194202272097929063e-01 -1.919185185957418549e-01 -2.081741585786028581e-01 -7.137013483724641283e-01 -1.159973439336123624e+00 -1.120673729304422883e+00 -1.546958983233559959e+00
-1.720712728442715111e-01 9.704355488399459828e-01 1.599278293985768595e+00 -6.564266885054229062e-02 -6.761078650967046189e-01 -3.493364884199670617e-01 -6.080125212633193943e-01
2.794849482449695000e-01 2.900018546028510613e+00 2.839097832551498168e+00 6.665444855498320331e-01 -1.215991298934206294e-01 3.034509455360775654e+00 6.621268030009404004e-01
8.978161678622383901e-01 -2.135585845187204512e+00 -2.568821600383876635e+00 1.495264888861416397e+00 4.800681264478726118e-01 -2.477070979954679064e+00 2.204622111981028976e+00
1.573660236189024175e+00 -1.344797649150204499e+00 -1.823128739189874725e+00 2.480444667628463939e+00 1.134372470821865875e+00 -1.842609976836214525e+00 -2.938404245417708616e+00
2.263877576001608105e+00 -7.187375194889583652e-01 -1.154956047584685619e+00 -2.745639550219273861e+00 2.005571015476278696e+00 -1.302196675191526376e+00 -2.078818025649734391e+00
2.950694328886982465e+00 -1.776647485134184856e-01 -5.191675018892304427e-01 -1.864981492342070224e+00 -2.164512061864547476e+00 -8.700507717137877517e-01 -1.315637641312179529e+00
-2.666682928979100087e+00 3.725545094352704645e-01 1.399480976148734512e-01 -1.137140569447747662e+00 -9.841279333654057160e-01 -5.304851681988834722e-01 -5.777690933665264872e-01
-2.020990275472878572e+00 1.000515313905804726e+00 8.590569840954758174e-01 -4.726792166840513842e-01 -3.277783534134854349e-01 -3.729356503771449338e-01 1.715788657173764331e-01
-1.421572488985172411e+00 1.809065941523406496e+00 1.716012300939496527e+00 1.502421579791310968e-01 2.000952834607258868e-01 -7.381398738292660466e-01 9.600106714687252074e-01
-9.214789580893409937e-01 -2.495344781079579022e+00 -3.026539895657557988e+00 6.840822876256642537e-01 5.587273678197478555e-01 -7.800900042117387967e-01 1.802897232382175696e+00
-7.475519511952707363e-01 -7.146011556444962221e-01 -8.870720430263520084e-01 8.188858025721980072e-01 1.180090264396820854e-01 -3.487524561979618021e-01 2.703305573271923556e+00
-1.353648755365084666e+00 9.947380077640147200e-02 9.536139416320062179e-02 -5.278897964564881473e-01 -6.313204680681646641e-01 1.875070675015688693e-01 -2.652597402611882593e+00
-1.317470822314971368e+00 7.696989336258720504e-01 8.951856794271259021e-01 -3.513779857249068606e-01 -3.617282856186693762e-01 6.694243703840196957e-01 -1.783956433378328210e+00
-9.188365044087264399e-01 1.295936518134455762e+00 1.635857913428533816e+00 2.129569485049850885e-02 5.490072214977084752e-02 7.571887984039152864e-01 -1.069609582133639769e+00
-4.719217826558746443e-01 1.406734724400852343e+00 2.340133657873550987e+00 3.931774948234847411e-01 4.932728952045878357e-01 1.095132017533044372e-01 -6.308497582193746123e-01
-8.850377607774394251e-02 7.881743627629742566e-01 3.008329629559926666e+00 7.110801606929674223e-01 9.113559002672385612e-01 2.573259873344775905e-01 -5.298121355042648695e-01
2.033885131193167439e-01 8.966635062828582914e-01 -2.777015936191977730e+00 9.611275523600194548e-01 1.284121880196550602e+00 6.853551427477047042e-01 -3.208850873553189542e-01
4.395836950003557120e-01 1.248250997485762293e+00 1.162771798327897121e+00 1.180954502691520691e+00 1.589859671861129309e+00 1.130530948149639725e+00 1.221129705799940957e-01
7.145152108877513841e-01 1.651905196047201763e+00 1.711629946329176644e+00 1.455065647390882511e+00 1.821273594425833586e+00 1.536328019015925861e+00 6.322750696229781919e-01
1.045288007905349703e+00 2.118726546377663666e+00 2.269264182567534593e+00 1.804888092768758945e+00 1.982731537662598242e+00 1.911668747756206654e+00 1.096125746848991778e+00
1.410225787763626393e+00 2.640154978831212862e+00 2.840867001882846132e+00 2.198171319998249995e+00 2.128191955815037506e+00 2.295256027086061135e+00 1.487364018623590356e+00
1.780237177488970479e+00 -3.102844045441837562e+00 -2.850054900534176205e+00 2.608062382756178632e+00 2.346688872780865243e+00 2.715762306702255824e+00 1.888746097647679090e+00
2.150852137563766142e+00 -2.581406012942129902e+00 -2.265878951896779459e+00 3.017324126823059505e+00 2.638166206570236927e+00 -3.113528723915107044e+00 2.372989098642418249e+00
2.529542356299529615e+00 -2.083362181542453673e+00 -1.701598734018400005e+00 -2.875859322249807892e+00 2.949196682540765835e+00 -2.657597857428819932e+00 2.927573425085001624e+00
2.911996140213398476e+00 -1.633150215321391707e+00 -1.156634561367170910e+00 -2.543514859784599125e+00 -3.052091807384946343e+00 -2.417303015768336394e+00 -2.754297138257397304e+00
-2.976796129682247383e+00 -1.593086994976210313e+00 -6.050805546359337983e-01 -2.322948926516209323e+00 -2.823408456113845055e+00 2.036304147219275329e+00 -2.063635313383435754e+00
-2.576485082701848839e+00 -2.876952960818012883e+00 -2.623922290387273662e-02 -2.299807369588897643e+00 -2.654687378905844053e+00 2.382100659956537303e+00 -9.645770487281094541e-01
-2.202499621692918463e+00 -2.479789590116390219e+00 -2.416978720528982105e+00 -2.491794723430802883e+00 -2.533006276555061831e+00 2.911453631629236316e+00 1.137218858438076907e+00
-2.237041746715318968e+00 -1.910129691306451161e+00 -1.744023497584377802e+00 -2.577040790624758326e+00 -2.423095921415094889e+00 -2.812423461662043600e+00 2.167339433404994242e+00
3.046808421216391949e+00 -1.364246059274639045e+00 -1.013786071759110285e+00 -2.372790922865093854e+00 -2.250156107710540976e+00 -2.263020617139908541e+00 2.891665125703674732e+00
-3.011883970547199585e+00 -1.104033647143415120e+00 -2.213320339485629618e-01 -2.018600083789969357e+00 -1.977715843805112783e+00 -1.773547064195152068e+00 -2.757129801237354183e+00
-2.551383524382137225e+00 -2.190128946339128913e+00 7.086390733624153837e-01 -1.632626364702238320e+00 -1.628444628301749075e+00 -1.417749831152646189e+00 -2.195160468554426370e+00
-2.100919805155982090e+00 -2.084569138521454423e+00 2.254027058377715331e+00 -1.280801098116081782e+00 -1.249095428986316758e+00 -1.228473924695948849e+00 -1.747627916230938272e+00
-1.747860102833226126e+00 -1.589844568904445143e+00 -2.136069096185500449e+00 -9.639584434050026962e-01 -8.874028828548041758e-01 -9.951176637130868530e-01 -1.434470513443047990e+00
-1.589161826745852268e+00 -1.038046419262568465e+00 -1.026232218692229692e+00 -6.355705247930624191e-01 -5.850119438859108234e-01 -5.609942802179324062e-01 -1.119241592466231117e+00
-1.588549628489065446e+00 -5.399214316161616845e-01 -9.110640276361553491e-02 -2.807106808286740640e-01 -3.550923530829969699e-01 -7.201784767649767674e-03 -6.856886226576538457e-01
-1.488897259971575293e+00 -2.366545056011160608e-01 9.193897758603228887e-01 7.217064471647346990e-02 -1.543286515719521357e-01 5.543674765919435199e-01 -2.227454398520873624e-01
-1.223520861898655943e+00 -1.524665900656169137e-01 -2.122243112398140674e+00 3.555933304762277092e-01 8.610250541123508697e-03 8.937397318513313760e-01 -7.574600363536611314e-02
-8.619900947744940645e-01 1.145030351665470708e-01 -8.796325089516393581e-01 5.067933702864847456e-01 5.264928717943419267e-02 3.895047872535117306e-01 -3.364326114884164109e-01
-4.534696172775631307e-01 5.920508893165332687e-01 3.412148255633945526e-02 6.519409525906627589e-01 1.415254036619075229e-01 4.576570835029517559e-01 6.558492067808487092e-02
-1.455744736658783935e-02 1.105960658854954648e+00 9.241281771465870154e-01 9.966518608446220950e-01 4.952536728200938043e-01 1.033233254620464114e+00 7.742487073443518053e-01
4.334667125869687276e-01 1.104958016813399890e+00 1.823515169708702199e+00 1.506591740067981133e+00 1.035140622284821399e+00 1.734122859494306779e+00 1.574958091992740172e+00
8.802151892870296868e-01 1.983050278583768644e-01 3.099571920303155981e+00 2.101888606111522062e+00 1.671824641378754306e+00 2.527285769236990109e+00 2.418188933586324918e+00
1.299971099621448412e+00 5.684237645456092780e-01 -2.776122008245796580e-01 2.734682961772317178e+00 2.358428131542258388e+00 -7.453757872256474570e-01 -2.983055906411790303e+00
1.650946255557684150e+00 1.088035713373226132e+00 6.417480117555306451e-01 -2.905384044068092919e+00 3.070331328343988808e+00 5.225349591940341432e-01 -2.045160858116676916e+00
1.826203737680380579e+00 1.623466770245906909e+00 1.412939470199136904e+00 -2.252423565282820395e+00 -2.486474570280724716e+00 1.294438827339397857e+00 -1.016144324613498018e+00
1.702468458102388338e+00 2.202593664867430245e+00 2.169226896643111857e+00 -1.551277469315534896e+00 -1.752106574539117556e+00 2.107672274998729112e+00 1.205573170706663311e-01
1.618917149832757474e+00 2.843921159381026964e+00 2.938164249012163776e+00 1.741886375858837432e+00 -1.005484028214743031e+00 3.072705276511598971e+00 1.302838378996947544e+00
1.832006729936257239e+00 -2.754270059542320404e+00 -2.562214821415651489e+00 2.679421220891562871e+00 -1.894676956513805799e-01 -1.979972520069775754e+00 2.419889470420224509e+00
2.191817174876291574e+00 -2.028523608979151849e+00 -1.756089881553249743e+00 -2.921673537054848779e+00 2.783703215932532782e+00 -6.141296224806357396e-01 -2.856384109295936113e+00
2.572515640749822641e+00 -1.206025310692604213e+00 -9.208639955429929191e-01 -2.246107929222790123e+00 -2.237636016100154723e+00 5.181476515163789820e-01 -1.931797754433738357e+00
2.904539799811885814e+00 3.271819447378603862e-01 -4.585569047229092615e-02 -1.521537653612085261e+00 -1.443075753235018022e+00 1.430070685512724760e+00 -1.034635024914884571e+00
3.128232845925116745e+00 2.139491998555340668e+00 8.736309920437150822e-01 -6.504206819478429713e-01 -6.529133915951642608e-01 2.223314403206968493e+00 -1.195101659956829127e-01
-2.998973377271053842e+00 3.068332845232615291e+00 1.807155548138537293e+00 1.435750049883301127e+00 2.092966444722385300e-01 2.951887092566098048e+00 8.424202763277744976e-01
-2.804464822333170737e+00 -2.377479851390891685e+00 2.728305399931295838e+00 -3.071212464664244468e+00 1.396325153649187856e+00 -2.645519784872278457e+00 1.868609565624542945e+00
-2.500087460048386667e+00 -1.502509266325579684e+00 -2.646152608272627660e+00 -2.223291304956405146e+00 3.065355438365729324e+00 -2.008851890746413460e+00 2.939702420654523696e+00
-2.122321731490819818e+00 -5.634585766256369199e-01 -1.702863533701600263e+00 -1.497796955187839618e+00 -2.118394206742001185e+00 -1.507192290866704587e+00 -2.286783702417207742e+00
-1.698432458731432781e+00 4.655285059881761889e-01 2.018100969425665969e+00 -8.421314107009271188e-01 -1.367352638227941952e+00 -1.597326227499561657e+00 -1.292180871530430153e+00
-1.269970363014544912e+00 1.617157084372602194e+00 2.898703638834942975e+00 -2.871495299361297437e-01 -7.623781478575891724e-01 -2.027865085767276643e+00 -3.780033555240173149e-01
-9.053677333355418799e-01 2.831675406346710222e+00 -2.589886317263555338e+00 8.135322449716360371e-02 -2.819494297560677931e-01 -1.631214839733274191e+00 4.129833749781682828e-01
-6.774780149795849304e-01 -2.354603876942664709e+00 -1.923012163778347494e+00 2.720875361239749046e-01 5.995009004507345640e-02 -1.038605374298287698e+00 -1.292829371560308749e+00
-5.325864674254298103e-01 2.097076420437586464e+00 -3.063609605802186220e+00 5.486545064882484279e-01 3.193789174472290160e-01 -4.273513011793689254e-01 -7.970630351886834886e-01
-2.761682316384080349e-01 2.923456367524906785e+00 -3.070651898603139252e+00 1.034641696925775234e+00 6.403233921662383477e-01 1.150356871853781410e-01 -3.697637554292789591e-02
3.659425498721040337e-02 -2.493539159585351772e+00 -2.384885934667251739e+00 1.682389587721759394e+00 1.024402736817373594e+00 4.498374335307593341e-01 6.874013074889955277e-01
2.498134789305725412e-01 -1.685273175318852790e+00 -1.667970541818924346e+00 2.705789519289855782e+00 1.253902117081242329e+00 5.025085271973062095e-01 1.290667141588517142e+00
3.018409890531121298e-01 -9.623130124111720640e-01 -9.708976297130976763e-01 -8.172690302058551737e-01 -2.827314353604855057e-01 7.042514395112855485e-01 1.632080927034475160e+00
5.416398291447835911e-01 -4.563583417409685095e-01 -3.395274416991574951e-01 -4.565047965599203054e-03 -1.062430619875225496e-01 1.180313486474070750e+00 1.772759498069859996e+00
9.975570886247272506e-01 -4.902939149586922341e-01 1.428757125092591229e-01 3.783463380849408919e-01 3.642779898742483091e-01 1.764710712431406314e+00 2.139211053852839939e+00
1.564532162863093934e+00 -4.296054288130571330e-01 4.202770016324577917e-01 7.786174933111709995e-02 8.024988391302499968e-01 2.360118748037940417e+00 2.733462808967026092e+00
2.183698727784182392e+00 2.538971509423963366e-02 6.591270423266230027e-01 -1.009209026047027530e-02 9.846613717558153622e-01 2.869940952529836053e+00 -2.860131486233272291e+00
2.865279916646654268e+00 5.493573194071901256e-01 1.077682972572077569e+00 3.561954971290910432e-01 7.213914532163138160e-01 2.968578657305663615e+00 -2.187885377557840183e+00
-2.048402289750670402e+00 9.430025193325497490e-01 1.588257312960472456e+00 8.053230313940732410e-01 7.466278202088548754e-01 2.533227135269481511e+00 -1.768825311883572171e+00
1.863995127826463261e-01 1.082155069561090199e+00 1.143449589554871526e+00 1.242836981249852535e+00 1.102793080668968306e+00 2.593764494202603021e+00 -2.161147619066490666e+00
8.405832027447421861e-01 1.167365775127060079e+00 -7.934888263629319080e-03 1.647052502013841346e+00 1.548720551766524567e+00 8.427990754931545814e-01 -1.975569246161450465e+00
1.336136768564607724e+00 1.451190337332740832e+00 5.780787173536690027e-01 2.015522109538277373e+00 1.984201088550028969e+00 1.088588492429821919e+00 -1.340520250555027548e+00
1.733170769569266856e+00 1.864255580666234646e+00 1.205958200720547158e+00 2.331503616531332757e+00 2.341005548634756295e+00 1.613341035591719708e+00 -5.558623832677909160e-01
1.993569466836134785e+00 2.349829837736020721e+00 1.859467618387968368e+00 2.602587588474337021e+00 2.586747550193759793e+00 2.185346443352163881e+00 3.346122338518956463e-01
2.105690285854641353e+00 2.882853187635466163e+00 2.550328172833559393e+00 2.915810237659408610e+00 2.812275399336337411e+00 2.794702349055997459e+00 1.292672644468370269e+00
2.274469034585361094e+00 -2.888715632013973522e+00 -2.983645347563346650e+00 -2.958504795833361456e+00 3.132636474944507921e+00 -2.856084183039986346e+00 2.284830642706606962e+00
2.664312594164628401e+00 -2.789386863948352335e+00 -2.103602746884940977e+00 -2.477839912859846283e+00 -2.737699092232070086e+00 -2.225712121910567109e+00 -2.984224106994303849e+00
-3.091509395199728338e+00 2.310788989696855644e+00 -8.637217594996352554e-01 -1.969632781389970999e+00 -2.279034350102477902e+00 -1.672999057837993631e+00 -1.928491401640060054e+00
-2.477527636693850344e+00 2.732906133521227243e+00 8.062862439888014432e-01 -1.473486124391694352e+00 -1.810875351315990756e+00 3.068851849202119730e+00 -7.834574162720748802e-01
-1.827377951116410548e+00 -2.934366334217341166e+00 1.979495787773568161e+00 -1.085691990648003591e+00 -1.383089642332165248e+00 3.059059602739165662e+00 4.614799002215203005e-01
-1.163454664248653847e+00 -2.255494813863418990e+00 2.837711245529041637e+00 -1.316128104980197611e+00 -1.126811400485912218e+00 -2.613882503974240823e+00 1.704862610886470620e+00
-2.460794865060029757e+00 -1.492427942778903116e+00 -2.742274500633347323e+00 -1.868386361654037486e+00 -1.442528633834964102e+00 -1.942453414085778984e+00 2.853233213369813726e+00
-2.841286136466663503e+00 -4.765710079871093297e-01 2.300634721037122521e+00 -1.553142715759354253e+00 -1.778562762104171080e+00 -1.248024766661653961e+00 -2.354770390061700525e+00
-2.196456816313850258e+00 1.011877978311392923e+00 2.013086653373703072e+00 -1.033698051398554307e+00 -1.542704990585592295e+00 -5.415309545822495352e-01 -1.252271065303777631e+00
-1.564434876297729593e+00 2.257825419904234909e+00 2.637061797759022053e+00 -4.401730229739460598e-01 -1.123999082672847205e+00 3.450310722911865136e-01 1.616154078912567515e-01
-9.999810421849286701e-01 3.138555151126380949e+00 -3.013727746487484982e+00 2.144731569809405491e-01 -6.333665565723651802e-01 -2.701471814242272007e+00 1.920416213669094763e+00
-6.010273576959883624e-01 -2.408937603127476290e+00 -2.387215464322150371e+00 9.481696860320063536e-01 -9.854305301634577741e-02 -1.917235273614280366e+00 -3.137930259173975056e+00
-5.010908060138077325e-01 -1.786528965156167548e+00 -1.775843307690865513e+00 1.927760618936563919e+00 4.746682315771419969e-01 -1.191296571970078766e+00 -2.195842892304159299e+00
-5.068000515372546033e-01 -1.323393806103461579e+00 -1.178647732101711254e+00 -2.100631848196035989e+00 1.103180770788678711e+00 -4.531907755038687147e-01 -1.347277910006797086e+00
-1.663694689005447702e-01 -1.148180672605018104e+00 -6.248641703594017827e-01 -9.818649184832732857e-01 1.953605760584182116e+00 2.920600470552729422e-01 -5.662017143726152391e-01
3.491788458100967829e-01 -1.170756183046245180e+00 -2.753532587557078193e-01 -1.313495167314029599e+00 -2.939974037843072097e+00 1.013751201245528755e+00 7.798799093146414896e-02
9.175512068594418036e-01 -9.144344029414508412e-01 -5.592795481095931276e-01 -1.570381011985330977e+00 -2.014043741225291395e+00 1.635937564290555146e+00 1.673190623354759154e-01
1.164883342192954530e+00 -4.156339762115737191e-01 -5.663877246784809749e-01 -9.965139258279298584e-01 -1.473857132669311953e+00 1.871558061041830312e+00 -1.857914055212204485e-01
1.747356736163278024e-01 1.972373266293085403e-01 -7.732548090103234795e-02 -2.975947587828053353e-01 -1.017986416701849972e+00 1.732244161196935028e+00 3.316272635266657720e-01
5.198313189190317818e-01 8.691756255560524336e-01 5.140890138026319445e-01 4.428661516576580803e-01 -6.296094987711701174e-01 2.176565102580518829e+00 1.082558157732480986e+00
1.218355433365838847e+00 1.728176015083675354e+00 1.103083289202774653e+00 1.236066768246225411e+00 -3.484022889984231264e-01 2.895141699569325322e+00 1.903946467543384591e+00
2.060215995226605479e+00 -1.563694824868175459e+00 1.524024757431263533e+00 2.320371053917737125e+00 -1.503922552720507733e-01 -2.579599246541700808e+00 2.752151504317700059e+00
3.102224675998364933e+00 -6.133309067060110920e-01 4.685204759564414734e-01 -1.204826700881333812e+00 6.163042598616796930e-02 -1.734545206867040390e+00 -2.679541138891621710e+00
-1.983485055310422851e+00 1.096154873034724808e-01 5.095510505803428902e-01 -2.182004161255149954e-01 3.234915698364185244e-01 -8.647684062134173288e-01 -1.840757105862396381e+00
-9.586985888071752893e-01 8.229557804587736003e-01 1.116053925745994935e+00 5.192217035509936185e-01 6.278365623203738810e-01 3.959772363725807404e-02 -1.025775321402036422e+00
-1.518619588265417431e-01 1.546379963812705816e+00 1.809913361580009372e+00 1.201026718047234709e+00 9.642522872752460339e-01 1.021564103462722972e+00 -2.278181266053521392e-01
5.290215006838303591e-01 2.290177367251239104e+00 2.546278121844488762e+00 1.879089828656678618e+00 1.365587107196540639e+00 2.211476931645327770e+00 5.788622044607273365e-01
1.099513191732290895e+00 3.068037674116524727e+00 -2.958002089024428294e+00 2.618789607890930959e+00 1.876061450679976428e+00 -2.591557779532515315e+00 1.439272436387951659e+00
1.558454247866644771e+00 -2.374601375347524357e+00 -2.127870498652770781e+00 -2.679736774286137990e+00 2.546368568755552175e+00 -1.298951117681253820e+00 2.496293241314875289e+00
1.558509136075064694e+00 -1.268799656724971747e+00 -1.175200032048249188e+00 -1.165752044292331036e+00 -2.685130207455530105e+00 -3.126131746345180984e-01 -2.208336261299075787e+00
7.933953404174732826e-01 2.275259715305863129e+00 2.298210584366412179e-01 -3.783863651811801565e-02 -9.283804913779019063e-01 5.290671174322681969e-01 -8.555514894953177851e-01
1.006403721090297410e+00 -2.434149468218193668e+00 2.324712287826305790e+00 6.959438046362406149e-01 2.435017501229632675e-01 1.257256078050598580e+00 -1.237218386579728817e-02
1.434478654373228634e+00 -1.052956339810092290e+00 -2.619262667585800397e+00 1.308715029992975731e+00 1.059220270810019793e+00 1.207505300148289384e+00 5.912583341426662642e-01
1.715672667799523543e+00 4.353465732161391349e-02 -1.417011971945810078e+00 1.814720365642187083e+00 1.767081859359189933e+00 8.010108836155606371e-02 9.367371271357043394e-01
1.048852007225989702e+00 9.699744201271497390e-01 1.323822372164905337e-03 2.108720803520940823e+00 2.411365506322798336e+00 6.764183293417147524e-01 1.003613764468593628e+00
6.547740775703742022e-01 1.806334127927023303e+00 1.549966706437122310e+00 2.139201763015678992e+00 3.002930831859313088e+00 1.327933793510751803e+00 1.098611031302385133e+00
9.669743952895192285e-01 2.605248220295109718e+00 2.837003673039678819e+00 2.256784454289737951e+00 -2.737476437238536509e+00 1.992737307824706816e+00 1.396185365749569973e+00
1.400326436515402007e+00 -2.858196000286010285e+00 -2.356556797118893432e+00 2.580442039843175550e+00 -2.243116007321410699e+00 2.680531893502204888e+00 1.850662547128512303e+00
1.885402224372304980e+00 -1.836810886044454305e+00 -1.364079431230210027e+00 2.969074834861203271e+00 -1.873263007884194753e+00 -2.890358491424864340e+00 2.412928369763017500e+00
2.397657294518129589e+00 4.937546362360161201e-01 -4.077172090095316781e-01 -2.962036273013691545e+00 1.834938693521896980e+00 -2.154995336195516753e+00 3.040882918311039074e+00
2.912844046346979798e+00 1.739080833014752248e+00 5.468739463177868521e-01 -2.832452331193159534e+00 2.088275736528839133e+00 -1.422710442048498392e+00 -2.576191422838584710e+00
-2.864946223456089847e+00 2.517744295915669728e+00 1.501661622379776517e+00 3.014421870481578836e+00 2.309589235799458073e+00 -8.221023421925397479e-01 -1.872146405335675778e+00
-2.420297640136714890e+00 -3.067395302810029811e+00 2.475249621179459680e+00 2.828897108192149901e+00 2.571624317590954778e+00 -1.036440725838940091e+00 -1.095556456556828318e+00
-2.104107069151469833e+00 -2.392630470780443996e+00 -2.798320312149035871e+00 3.098740790822924751e+00 2.936765042903853651e+00 -5.847756590820818445e-01 3.492776945563186297e-02
-1.974478041921479576e+00 -1.768068047848520008e+00 -1.737649931024288552e+00 -2.826955535093348182e+00 -2.931055211736860233e+00 4.325728621570195109e-01 2.087644646463338027e+00
-1.815372151296323011e+00 -1.277198778549069491e+00 -5.620547276726078900e-01 -2.521914733446288803e+00 -2.541313358872043349e+00 1.437146316043595329e+00 2.925077304486085161e+00
-1.506388913868327073e+00 -1.167736581602212276e+00 8.035046749490952767e-01 -2.338376219193309513e+00 -2.264150952309066156e+00 2.372450507641430395e+00 -2.900978521389975917e+00
-1.192916628506166976e+00 -1.298021620750434479e+00 2.219682365404588520e+00 -2.176169540140521441e+00 -2.173979771847709408e+00 -3.036048458864428312e+00 -2.426903807104392907e+00
-1.187531833757639266e+00 -1.043237794793031803e+00 -2.816683032055693037e+00 -1.884912733254726636e+00 -2.156903726294567392e+00 -2.226971448399276188e+00 -1.838082313358566200e+00
-1.491437997509679869e+00 -6.443689673284516140e-01 -1.679565531044513671e+00 -1.481171327484877231e+00 -1.975656992798882516e+00 -1.512558007128301574e+00 -1.154750163466794710e+00
-1.316039560671609543e+00 -3.298668765267837033e-01 -4.963265183160574523e-01 -1.075801383915471421e+00 -1.658700902080525230e+00 -1.010646835936213739e+00 -4.004325579849088435e-01
-9.628731696108414617e-01 -8.824545355918815837e-01 1.378740002651768215e+00 -8.150157737171046524e-01 -1.303436159993940580e+00 -8.855906762592961057e-01 5.947149272768399442e-01
-6.880526320417121866e-01 -9.159895918845895046e-01 -2.809101133524525284e+00 -7.782538860721699425e-01 -9.889300211230441784e-01 -6.618227421333805482e-01 -2.834929599237646425e+00
-5.571848079579155844e-01 -3.292156386456201456e-01 -1.685452754053500035e+00 -6.608688518386433008e-01 -7.460692035202706185e-01 -1.007874833226987954e-01 -1.827519016486117920e+00
-3.161671209792187853e-01 4.091176313701457290e-01 -8.405071282938190169e-01 -3.028105071568608087e-01 -4.814614419906882437e-01 6.124782328519653429e-01 -1.013660779250519894e+00
8.678117703787897874e-02 1.282614019916398673e+00 -1.300671516902526026e+00 1.429280987127785618e-01 -1.361626393168722526e-01 1.401675577225947933e+00 -2.080332210564434792e-01
5.697802613951150619e-01 -1.649163576217030913e+00 -1.687101712850447521e+00 5.097210436025199076e-01 2.086854108464335777e-01 2.406607610767143690e+00 5.727822356352108013e-01
9.977945591173248419e-01 -7.515607345337140810e-01 -9.851303773335328140e-01 6.065649884026510508e-01 3.970215847412797427e-01 -1.332177593468379495e+00 1.008846776163434322e+00
1.163173239555940430e+00 -3.959243692874631028e-04 -2.210583368809540261e-01 6.312247710421098335e-01 3.667363714772533534e-01 -2.001864966505196297e-01 -4.769808717476130555e-01
8.504363917813329010e-01 6.945165668261091829e-01 5.358130273474579486e-01 9.366318759178088316e-01 4.562512795918837183e-01 4.938084050983058693e-01 1.703976972556129343e-01
8.745782051132987567e-01 1.307339120516133102e+00 1.291959116467363389e+00 1.433494514861380686e+00 8.135069163274629700e-01 1.112530099497452296e+00 9.378076896019703623e-01
1.235341669331667225e+00 1.711193497503097793e+00 2.065446585440461114e+00 2.027330739189564746e+00 1.305246552145638450e+00 1.704118646780689028e+00 1.726799764189795861e+00
1.717818019417242326e+00 1.492605159691445360e+00 3.073358670429472195e+00 2.679644628357712666e+00 1.833948297360726398e+00 2.236911331764637190e+00 2.527349408821297327e+00
2.241473244251944941e+00 1.166278580265348808e+00 -1.789081338642290187e-01 -2.898887009422309813e+00 2.338686090436598697e+00 2.562883931279120286e+00 -2.933216515874499830e+00
2.753204719234205733e+00 1.519980467888982112e+00 7.807493383744412707e-01 -2.075907762437882553e+00 2.766877162101128995e+00 2.569986706028401180e+00 -2.050476612112099417e+00
-3.072226773510144948e+00 2.096145931418518682e+00 1.571257411017541239e+00 -3.803346823901843088e-01 3.035539005669829482e+00 2.780549662410799705e+00 -9.480866699332517467e-01
-2.788813559805249476e+00 2.751171842350879970e+00 2.342631519010753394e+00 1.501306886718739131e+00 3.008097477641993756e+00 -2.996615442457672973e+00 8.915604367007000652e-01
-2.864915180923524041e+00 -2.843837857896263088e+00 3.109304669391711684e+00 2.385234484772216668e+00 2.948582306580593837e+00 -2.346077098670492411e+00 2.421151874846734220e+00
-3.020519634651011476e+00 -2.172001273005335964e+00 -2.425521901870458574e+00 -3.131368831761465188e+00 -3.071954106468584467e+00 -1.605415289453053340e+00 -2.896917482141803557e+00
-2.705542054637106730e+00 -1.640688257376648584e+00 -1.712028857001809623e+00 -2.386506870489257803e+00 -2.597095343792708899e+00 -7.552949399037041101e-01 -2.084453064619700147e+00
-2.148267809939520934e+00 -2.361630248526994880e+00 -1.266572472781380743e+00 -1.663971712188690111e+00 -2.021420103894890907e+00 4.053044108820316738e-01 -1.343722273772079978e+00
-1.422220112239170220e+00 -2.465453463476638518e+00 -2.699488016437030957e+00 -9.810670546804095560e-01 -1.399991014980604520e+00 2.475360214231081990e+00 -6.611305474845203811e-01
-4.972729211832170315e-01 -1.864820011283426560e+00 -2.148251173026485716e+00 -3.725747200992344244e-01 -7.811104021268800990e-01 -2.449548796517756255e+00 -5.216491087384558800e-02
9.186043657446653077e-01 -1.161279675210501017e+00 -1.342042379483419090e+00 6.096925170205020478e-02 -2.276631181690410843e-01 -1.540706428634320169e+00 4.309980487693093609e-01
2.726590531706626130e+00 -3.912596191287917580e-01 -3.077735794782459622e-01 7.723255760336743270e-02 1.798863794037061647e-01 -7.763292875726376385e-01 7.568188515568062824e-01
-2.450526057232280674e+00 5.077418351963990384e-01 1.679399845136403169e+00 -2.520201448945731670e-02 3.442594394658328172e-01 -1.546136340904258888e-01 1.071972599693710393e+00
-1.688088922401090430e+00 2.177009094847067949e+00 -2.937629529266322148e+00 2.988077889500985185e-01 2.089280734309276535e-02 1.802018140302555083e-01 1.568249400041812791e+00
-1.117207528694333707e+00 -2.025054068849611255e+00 -1.912459588961405554e+00 5.784829242758693368e-01 -7.762229951848950149e-01 -1.265060866243947028e-02 2.254291943333744275e+00
-6.880167716409311129e-01 -1.006709508340694947e+00 -9.849497411153677051e-01 3.701111504921730279e-03 -6.534612382049040935e-01 1.256812080380619867e-01 -2.871389113605713916e+00
-3.136786881316599440e-01 -1.517536686843824478e-01 -4.157413688127080398e-02 -2.736186008493987978e-02 -2.467285318301487007e-01 6.442016048920669036e-01 -1.298142778857666324e-01
1.215580061554188684e-01 7.109935992878759770e-01 1.058671437106853075e+00 4.863992229718290261e-01 2.658185973673239388e-01 1.294375646320274464e+00 8.923152670851220991e-01
5.801356995204780542e-01 -2.680691706391718832e+00 2.633537244895573171e+00 1.038018038479451732e+00 8.265610092669459785e-01 2.079715001689800058e+00 1.798196239445310596e+00
1.064458885345906936e+00 -1.240722796012959206e+00 -2.042582499880863711e+00 8.334510799384141633e-01 1.403239741942730490e+00 -6.390863845462185777e-01 2.766025278665053211e+00
1.481199605066208846e+00 -5.544492034400883007e-01 -9.591145640900831104e-01 -2.406165094455624820e-01 1.950812095488988929e+00 8.297186737518053024e-02 -2.397415634050028554e+00
8.248089132968359216e-01 1.356884516061380476e-02 -7.340192348836871439e-02 2.624346974382008035e-01 2.332811767584317852e+00 7.631459752011156006e-01 -1.109456274985651358e+00
-1.071112075891769988e-01 3.936898218633031465e-01 7.354043304539322756e-01 8.277068595304515330e-01 7.337816694363411552e-01 1.424392564206396150e+00 1.378801563953858944e-01
3.256407223870910195e-01 5.074164657101053466e-01 1.592674328694092756e+00 1.399315284259606385e+00 8.149216162923627049e-01 2.074873520575837738e+00 1.237818959410540653e+00
8.209445328572338996e-01 5.189615784162481260e-01 -2.151903146807780498e+00 1.954791025481894540e+00 1.217736599600116598e+00 2.715498551626198687e+00 2.271799894987839519e+00
1.324829589754411119e+00 7.936244923097371951e-01 -6.566740199040475012e-01 2.401835238704351116e+00 1.580721212026009015e+00 -2.961157088815011829e+00 -2.952613247112465533e+00
1.788089414222729934e+00 1.214735164420590152e+00 7.396475391271556399e-02 8.747368877338034254e-01 1.756994851612453834e+00 -2.856707541274504436e+00 -1.791130135298247161e+00
2.190282545282582927e+00 1.680320026228748986e+00 7.541780333361212119e-01 8.317928424724287950e-01 1.428918498068906029e+00 1.553621407807030508e+00 -5.548247514627943078e-01
2.554210261404416205e+00 2.170826278837938883e+00 1.419240168133735658e+00 1.298657553372029927e+00 1.170511414262782823e+00 2.092747904180102481e+00 5.601938348525368205e-01
2.896293571157796176e+00 2.710430681872797010e+00 2.096886510745159082e+00 1.815262742447970590e+00 1.433847684239010434e+00 2.660111415588712447e+00 1.492903439071069593e+00
-3.036452169323717420e+00 -2.940894165257470938e+00 2.813448309373620226e+00 2.346260261231007060e+00 1.877474758491435747e+00 -3.033792307563509372e+00 2.323518586330985514e+00
-2.886422509030557304e+00 -2.168044537764982849e+00 -2.676204699881727045e+00 2.864015825736784038e+00 2.369506365612856769e+00 -2.449618470252928670e+00 3.115515207870525494e+00
2.593283967017293357e+00 -8.929147989305793454e-01 -1.649771299046292938e+00 -2.933062670448511433e+00 2.860021815269434775e+00 -1.968281206784543880e+00 -2.394423707858797989e+00
2.305995989375289046e+00 6.845426183881059279e-01 -1.810359512911669244e-01 -2.488836155259190885e+00 -2.953561381364846028e+00 3.093609453755530314e+00 -1.645597053064328685e+00
2.758169117966763118e+00 1.515302102262566786e+00 1.064406413654903849e+00 -2.080654849622432856e+00 -2.485568982188119502e+00 3.020917935327327886e+00 -8.974656406321618318e-01
-2.858557407205710721e+00 2.122627788827354589e+00 1.915231345995270784e+00 -1.775739569668684403e+00 -1.984355552391184885e+00 -2.784212679947246638e+00 -1.119775523789547922e-01
-1.876491705895473094e+00 2.741112016123862016e+00 2.619428358223199638e+00 -1.885567736584548459e+00 -1.420431874165188235e+00 -2.273667015995539664e+00 7.304718397543631392e-01
-7.390536005284427112e-01 -2.859509894580782419e+00 -3.016019551959710387e+00 -2.245930967091549935e+00 -7.763200219030389482e-01 -1.745951177319103653e+00 1.647521196870159965e+00
1.885170719694140018e-01 -2.097119963306218082e+00 -2.372860393176916105e+00 -1.998182584409834206e+00 6.160847395145811756e-02 -1.182134682817325366e+00 2.645016847185096776e+00
9.248207149648950409e-01 -1.293650681545304604e+00 -1.733280223565246470e+00 -1.543341668452307136e+00 2.429928107247215419e+00 -5.955660767113031273e-01 -2.588338015312215745e+00
1.493496575882911959e+00 -4.858354535872476121e-01 -1.083623126182285290e+00 -1.079568253254080012e+00 -2.593650665680534040e+00 -3.063785699438410087e-02 -1.582785435453108791e+00
1.919622714912379458e+00 2.964488987004703091e-01 -4.051752072726058085e-01 -6.749982587200659134e-01 -1.889937125272741936e+00 4.541224897883371359e-01 -7.330184155913773703e-01
2.024689038851753775e+00 1.026159214943078712e+00 3.196633430158349887e-01 -3.209094956194170623e-01 -1.264573166555754025e+00 7.766385493214580382e-01 -4.928950745087201657e-02
7.951701319847080951e-01 1.746700843270999837e+00 1.153253312826741928e+00 6.286022568550765632e-02 -6.690443783927845223e-01 1.042321949700863559e+00 5.536321571142496234e-01
6.709200474060507124e-01 2.498723567071853946e+00 2.178299367511653539e+00 5.097250715965779833e-01 -9.976663370774387085e-02 1.482827885829168135e+00 1.153441824609084954e+00
1.035975414193199384e+00 -2.979094097927391438e+00 -2.754674922187060115e+00 9.947039279336328255e-01 4.418232377449611281e-01 2.132261266727431437e+00 1.780078900833402145e+00
1.507671398091095183e+00 -2.056439549347901519e+00 -1.391655514502003088e+00 1.435508884964303844e+00 9.528496828550524489e-01 2.986543613323586754e+00 2.425903345447720572e+00
2.036534018525931966e+00 -9.951646931248594452e-01 -3.668062876604839539e-01 1.701496669206496115e+00 1.440142264177372233e+00 -2.022730186702000221e+00 3.071209484494839437e+00
2.588875945457571603e+00 6.867449608879980238e-02 4.592176393488173747e-01 1.719485288661554589e+00 1.871041071245210574e+00 -3.452158198383983856e-01 -2.591243077232767700e+00
3.091687308258575406e+00 9.890239799122223507e-01 1.212916031159017693e+00 1.833371410016606751e+00 2.030929018833861122e+00 7.714170555018561304e-01 -2.058097012626030065e+00
-2.794258403131503421e+00 1.763253198989382264e+00 1.931909428232337467e+00 2.196384197016130191e+00 1.603829878993030089e+00 1.624481987660705284e+00 -1.960490617653589007e+00
3.078599023057212225e+00 2.434079578810540045e+00 2.645147513049039834e+00 2.698745521114943813e+00 1.794043115943037225e+00 2.415330338771855434e+00 3.081902059217079604e+00
2.951388880296861750e+00 2.987036431408987891e+00 -2.898400380806278154e+00 -2.988324216674429934e+00 2.390184242056648145e+00 -3.091076724376071727e+00 -2.892054493576699858e+00
-2.659353415356247474e+00 -2.952825892260594554e+00 -2.132205471014759102e+00 -2.327042555880407093e+00 3.099873900118413239e+00 -2.367774057246333719e+00 -2.377350202830164960e+00
-1.670165622979325137e+00 -2.698853747773317657e+00 1.441742408697180400e+00 -1.555285945664665936e+00 -2.442292928869078672e+00 -2.353503397862561908e+00 -1.855142913569942653e+00
-7.961947820885232341e-01 -2.383783047929026289e+00 2.335044007967008728e+00 1.976871679829628858e+00 -1.737037915056701021e+00 2.903780118333803895e+00 -1.469332167302741521e+00
-1.198572126094129275e-01 -1.911012572280084143e+00 3.089463978692102764e+00 3.010635510905450563e+00 -1.139897318008131322e+00 -2.651515896851845966e+00 -1.516334710628827853e+00
4.218039091237705263e-01 -1.344677440856793860e+00 -2.499821091379681448e+00 -2.353563160485812489e+00 -7.336083239308888171e-01 -1.836283123778089665e+00 -1.595987131778854984e+00
6.650912440681282511e-01 -7.249965062901241319e-01 -1.878144804863321360e+00 -1.395840707225965094e+00 -5.125591277364061060e-01 -1.002331601225297852e+00 -1.231613941077322139e+00
5.616201545875588730e-01 -1.040252045659685320e-01 -1.459098373919369029e+00 -4.467152963378335229e-01 -2.847503441466094909e-01 -1.771034163419591134e-01 -7.802031201007046946e-01
6.148587205353124308e-01 -1.656678697332991945e-01 -1.320741382620880033e+00 4.402801994534230046e-01 5.666771979114348240e-02 5.835345520693866472e-01 -6.129018554267513519e-01
9.757893412665019639e-01 -1.233855354420443806e+00 -1.107203805179177492e+00 1.277473860320912369e+00 5.053517378638026081e-01 7.153211385971557368e-01 -1.093790987723273878e+00
1.406415777591136340e+00 -7.050619840037621877e-01 -6.546145805529017814e-01 2.084253483283225350e+00 9.989593639731121355e-01 -6.959809458762074019e-01 -1.003232198562162614e+00
1.819506327831648118e+00 -5.697573255780889745e-02 -6.197940368233565561e-02 -6.302159046165396461e-01 1.474939816343872057e+00 4.143179373048523802e-03 -5.496668096938494008e-01
2.167834415141826732e+00 6.110381785564775736e-01 5.862706400373342008e-01 2.394091861061281024e-01 1.850031282535772759e+00 7.473594623870202236e-01 -2.674651397601718328e-02
2.430789442052740501e+00 1.323577656453645224e+00 1.289895334109975256e+00 9.192807147021764269e-01 2.042726646516143774e+00 1.551231174334126051e+00 5.154081204832593466e-01
2.683912618306748765e+00 2.091775308096179398e+00 2.036068981800153832e+00 1.539337254765596130e+00 2.129439492697568159e+00 2.588063035392488498e+00 1.067922444538625948e+00
2.926456551655670868e+00 2.966942888287611435e+00 2.833737853390539296e+00 2.114194729344617052e+00 2.307989808569995471e+00 -1.671798996504465951e+00 1.624157358330636569e+00
-3.020432202073561445e+00 -2.089015684222802705e+00 -2.523332205738417766e+00 2.615594728320036477e+00 2.609434807857093030e+00 -3.199019173482471334e-01 2.125059150790977291e+00
1.198128249798060541e+00 -4.108946598495546443e-01 -1.308663532252959394e+00 2.269786496800233699e+00 2.983173711018709984e+00 5.145640421487120975e-01 2.422494177595411191e+00
7.867911641692367786e-01 7.157031608185658866e-01 1.530422423432991341e-01 1.268743113210919482e+00 -2.864823070041202957e+00 1.213619549685532650e+00 2.394476394259050789e+00
1.131297226711301063e+00 1.534370457396467824e+00 1.316434605796835022e+00 1.841821044983231737e+00 -2.393111818947001090e+00 1.851104557930292493e+00 2.498077208091228130e+00
1.395410229646013356e+00 2.260164006547007443e+00 2.273959822899494387e+00 2.604837274381322842e+00 -1.907048440123857658e+00 2.469940492852843672e+00 2.919835536456059089e+00
1.636550702003184643e+00 2.950734280125988374e+00 -3.042545985591588842e+00 -2.822905480255179178e+00 -1.504676614215118224e+00 3.139247986051181272e+00 -2.805270511923576571e+00
1.907487553053792029e+00 -2.581379267971173341e+00 -1.842932521237775401e+00 -1.905007884601075618e+00 -1.284746515730929017e+00 -2.107144461338724017e+00 -2.179486613378306181e+00
2.220607657086754116e+00 -7.826521318991865872e-01 -4.598394212731037878e-01 -1.003308389339601092e+00 -9.921714898327916865e-01 4.270809553839873679e-02 -1.524960396222399872e+00
2.579449923363939412e+00 1.213110026617160164e+00 6.818580008429846462e-01 -1.573760051943797755e-01 -4.554473214875982001e-01 1.117679207714482814e+00 -8.334139452532262071e-01
2.801472193207428241e+00 1.947071151332811390e+00 1.613190237264809035e+00 6.597122233027009619e-01 2.112148707104840595e-01 1.886139235519551205e+00 -6.157339401436041915e-02
2.755991039315120794e+00 2.652296825333932517e+00 2.439071835565569835e+00 1.493967054317730359e+00 9.029836257720170734e-01 2.617853566361472151e+00 8.634320664055600281e-01
2.650723978104622347e+00 -2.919384570121955846e+00 -3.087027347243910924e+00 2.507352517675821346e+00 1.611107060776310274e+00 -2.925919187029355495e+00 2.432014437080582514e+00
-2.836308904203588277e+00 -2.175789396803816000e+00 -2.371636677299673313e+00 -2.112273436431697071e+00 2.407278648300176904e+00 -2.144347898773303118e+00 -1.973682382273654667e+00
-1.583912803127987212e+00 -1.467892956005225180e+00 -1.755295507791319487e+00 -6.579011504000916721e-01 -1.436307499895102202e+00 -1.353348294987741340e+00 -9.657357546754387068e-01
-6.719713760426754279e-01 -8.570909870334676439e-01 -1.259429815893202242e+00 1.974561045578154261e-01 -1.722747282302748359e-02 -6.087394986601786240e-01 -2.368993765078006020e-01
-3.395333942279433331e-02 -3.278608322040372225e-01 -8.048759819929975912e-01 8.356121938678495731e-01 6.739787350751048622e-01 5.572302714590962602e-02 1.804687543763971724e-01
4.191616840246773501e-01 2.307102622903367817e-01 -2.351805295225364578e-01 1.292207203935493709e+00 1.242756719070748472e+00 6.330507831964464760e-01 3.240814265476017753e-02
7.913146654636685762e-01 1.042889997266142510e+00 5.518418214635706365e-01 1.611081067072100526e+00 1.705970693464582633e+00 1.193418384861072656e+00 2.340102385912262717e-01
1.087915216628223103e+00 2.024529991961221409e+00 1.453607445968378986e+00 1.942925435597095074e+00 2.034039703106909958e+00 1.763195550884931295e+00 7.786072558649548281e-01
1.406335762153267721e+00 -3.117743179957686017e+00 2.441488454818240950e+00 2.391480403278185118e+00 2.264972921286541929e+00 2.379727248910034731e+00 1.424892310028492481e+00
1.762405278224037364e+00 -1.919755014285706940e+00 -2.818057899271244615e+00 2.953560022093843607e+00 2.587078149557274998e+00 3.081092244968810956e+00 2.107989201386612166e+00
2.147668519152678090e+00 -9.513889697868935791e-01 -1.885136081918911133e+00 -2.691475066261228566e+00 3.084340760172432194e+00 -2.413118363187233051e+00 2.824551370039811271e+00
2.573128610912334135e+00 -2.065254652746680297e-01 -9.995911277350844060e-01 -1.978076727123845746e+00 -2.540201936334599786e+00 -1.478788988627967926e+00 -2.669711515498180088e+00
2.998195817942576724e+00 4.507641038514243470e-01 -9.784926939312052485e-02 -1.204699141845014587e+00 -1.765860683184727664e+00 -3.826880965253407485e-01 -1.715612149143074916e+00
-1.960298576005695681e-01 1.024490422022494407e+00 8.499114320138370093e-01 -3.918510271306236969e-01 -9.046421639886806920e-01 8.264331088515701751e-01 -3.727753823775206699e-01
6.076302289723275463e-01 1.633191161112833578e+00 2.106234065629439822e+00 4.338519407030339003e-01 -2.354066403645026576e-02 2.278754689388359012e+00 9.580419878439487835e-01
1.046812625628715132e+00 2.370630458649785055e+00 -2.732725324226215502e+00 1.203918261999922246e+00 7.889231825832112577e-01 -2.366726970648473927e+00 1.868724688318832650e+00
1.468875030760345535e+00 -2.597628168690244266e+00 -1.741387208548198950e+00 1.934252764156988436e+00 1.513813413182842904e+00 -1.192404049091704499e+00 2.629755970982843749e+00
1.830047256547177925e+00 -7.810635674420610686e-01 -9.965881034858750098e-01 -2.960363457279602262e+00 2.144461856572579261e+00 -3.851305558352554059e-01 -2.859710585060308841e+00
2.107922135834450650e+00 4.930789533728635599e-02 -3.341402603095108281e-01 -3.093863624552534164e-01 2.685933267215786291e+00 2.038757188320666491e-01 -1.978809440342630177e+00
2.321916187378471719e+00 6.246884667409726699e-01 2.591249084055812779e-01 2.010096076021100353e-01 -3.087051816745873367e+00 5.524561999467374473e-01 -9.990356924159876639e-01
2.376638513820688026e+00 1.201068994395816381e+00 8.846681827323364944e-01 6.896972142921954374e-01 -2.598973375314205025e+00 7.948154621660921126e-01 -6.918909010323937014e-02
2.221124979095352003e+00 1.748058923150690447e+00 1.507474866238088351e+00 1.172691067638095941e+00 -1.654359516054352053e+00 1.014603956373446136e+00 7.017743569225546318e-01
1.753445797413469398e+00 2.230295642637523112e+00 2.258390086960843313e+00 1.688699901055497277e+00 9.695904508446863135e-01 1.262764465751103016e+00 1.396510827904572372e+00
1.624512562737732813e+00 -1.341332718425679027e-01 -2.047549101726510834e+00 2.193540021680591590e+00 1.405748731689298259e+00 1.263687881881081054e+00 2.035619371311045089e+00
1.711684474824478608e+00 2.955158798141006571e-01 -7.040768057751245479e-01 2.540421516693553095e+00 1.665512979157556694e+00 8.616696427380108325e-01 2.630060971252515589e+00
1.854788150303087857e+00 6.745862934675825873e-01 -1.418391636479538753e-01 2.138403967744343159e+00 1.798123189205591999e+00 8.237851453583544536e-01 -3.013121045391132125e+00
1.940117874471637416e+00 1.087335855017448782e+00 3.953637363891716605e-01 1.507146735632616696e+00 1.892839186333040935e+00 1.097086698885993528e+00 -2.248941514780053996e+00
1.997949833351276849e+00 1.393047354151094153e+00 7.981214790699437955e-01 1.663682384149362425e+00 2.023986541192224653e+00 1.353488554975567304e+00 4.788523874318526691e-03
1.869893164496876592e+00 1.561952295056235673e+00 1.201479289680516205e+00 1.722046979012022971e+00 1.973328199481368506e+00 1.495657597242596948e+00 1.005615299542980567e+00
1.689660021484645558e+00 1.518887802439619295e+00 1.493958395657644989e+00 1.523807547059736756e+00 1.969353189370586010e+00 1.470980222148329464e+00 1.457633608725659391e+00
