1.587777342824131743e+00 1.759630858074371806e+00 1.810832328470592945e+00 1.572357273077821249e+00 1.576960985154249872e+00 1.570549134810517389e+00 1.539986721912517620e+00
2.049596965695868356e+00 2.482338461599996382e+00 2.700359202988171781e+00 2.144595482840144562e+00 1.924153409907717993e+00 2.081876637930156537e+00 2.080663776127551934e+00
2.482893291370001698e+00 -3.050493860677640168e+00 -2.695165214806804599e+00 2.750464657326603835e+00 2.310650751056512409e+00 2.605623004380794416e+00 2.696224156271187944e+00
2.837485909489064095e+00 -2.442274009079321129e+00 -1.961874642306969729e+00 -3.060272542618950542e+00 2.657441835988430423e+00 2.938315422138414679e+00 -3.103287952625686685e+00
-3.046418717008134713e+00 -1.827775933001015263e+00 -1.245982412123356697e+00 -2.503633488433257615e+00 3.033900868363507364e+00 -3.066748143553784001e+00 -2.487776846751753812e+00
-2.706260570690711464e+00 -1.330447622012789211e+00 -5.843637129748481263e-01 -2.110233273453320013e+00 -2.994843099702429789e+00 3.050982584611598991e+00 -2.408535624967322875e+00
-2.361134151558546002e+00 -1.056542141020385239e+00 -1.144995094950481407e-01 -1.855872526326317828e+00 -2.774757472479208342e+00 3.043468538992648131e+00 2.916278224749174530e+00
-2.087451984950179806e+00 -9.515964972133655886e-01 1.873893623569716504e-01 -2.063168341619129542e+00 -2.676095084363891097e+00 -3.140838454963107651e+00 3.110297781029995878e+00
-1.884508108320930742e+00 -7.792566950398853720e-01 4.989286689595538449e-01 -2.027070496329907545e+00 -2.647865363498890012e+00 -2.924089892259004841e+00 -2.427461260265016296e+00
-2.231204689457371604e+00 -5.134089804754624620e-01 1.319261767759701609e+00 -2.405009606208506678e+00 3.083185985329729206e+00 -3.060020189934119283e+00 1.783308496551413436e+00
-3.007097489143309321e+00 -1.439756104060413433e+00 2.467525262364711924e+00 2.828209463347430841e+00 2.798845412976255442e+00 -3.035235718632646407e+00 2.262722903072865499e+00
-2.978908339442789988e+00 -1.674192500010482698e+00 -2.763107521849949677e+00 3.105173584236194717e+00 3.011409234783726241e+00 -2.762936001275202447e+00 2.929664722584992109e+00
-2.676521122507498518e+00 -1.243208736008347026e+00 -1.922928645214446730e+00 -2.582734795077607615e+00 -2.868628631341755941e+00 -2.302204485550990665e+00 -2.562347280043146380e+00
-2.340476278999545467e+00 -7.728460651785199476e-01 -1.340144576515988284e+00 -2.065942464269963974e+00 -2.460705014891042985e+00 -1.842118319040879193e+00 -1.802204131220634942e+00
-1.965838995786074905e+00 -4.628535396752824771e-01 -1.153533129388621070e+00 -1.600068385494836765e+00 -2.076535512605933498e+00 -1.396783615069673745e+00 -9.922142577522018447e-01
-1.593125735471129456e+00 -4.127161998600400450e-01 -1.206780897103320704e+00 -1.291762018604842410e+00 -1.776587247189280294e+00 -9.785328571133024012e-01 -7.670136179630972217e-02
-1.213738763239323060e+00 -3.697413046400279679e-01 -9.306014893219614059e-01 -1.068551588260734819e+00 -1.532559796368855087e+00 -5.644350877613666384e-01 7.564024904349540002e-01
-8.077262872527465332e-01 -9.950677588442188859e-02 -4.780472295758622092e-01 -6.462369465389098400e-01 -1.280160654105622520e+00 -3.839757187551880863e-02 1.588419348381507890e+00
-3.835772167083006945e-01 1.167047915620664372e-01 -1.113603970435705082e-01 -1.449993352923170387e-01 -1.014803637069075615e+00 5.536112574768797812e-01 2.332477569071322865e+00
9.765774293298652708e-02 -3.113044308679408564e-03 -5.388012682424112715e-02 4.754943144990809722e-01 -8.545363732422188718e-01 1.279063935883389069e+00 3.074922136880615664e+00
2.995958675370373192e-01 -1.523468275502874447e-01 -1.534677094981269641e-01 -1.327122288917446102e+00 -1.080227516437522350e+00 2.268667565829102895e+00 -2.318739486135612982e+00
-1.375816722671428627e+00 1.247374773704640893e-01 1.349639967304940014e-01 -7.428746467852801461e-01 -1.066719455210347833e+00 -9.168621559701443102e-01 -1.421919760173127267e+00
-7.987000443485606782e-01 5.570246401021322624e-01 5.994744867674625111e-01 6.918940040415422037e-03 -6.106752253636367200e-01 -1.553728482103891063e-02 -4.539065733188763496e-01
9.293815446361106093e-05 1.015090376789037352e+00 1.092083040294504759e+00 8.361530572230868597e-01 2.301715659453899276e-01 8.181679878434673370e-01 6.920384064924364198e-01
8.724802130099215125e-01 1.387374294552903065e+00 1.485016736038141216e+00 1.628855165785635606e+00 1.731821796680709902e+00 1.644524834093761934e+00 1.894986307524157976e+00
1.832399510233677198e+00 1.495819723941668400e+00 1.582691971174800871e+00 2.397231431610392871e+00 3.061914102383439751e+00 2.638315313708536891e+00 2.974178990146713719e+00
2.856834879263633109e+00 1.160018955748182590e+00 1.110826667648221910e+00 -3.105115408311280856e+00 -2.401239635033000308e+00 -2.281119000826868692e+00 -2.382753916146181705e+00
-2.324297362648509946e+00 1.031445146710956218e+00 7.745888598229963007e-01 -2.324280155440270779e+00 -1.751180507749979576e+00 -1.132726998329392609e+00 -1.643200365710335120e+00
-1.029183505176529900e+00 1.207575336834702195e+00 8.814026526702021247e-01 -1.058885084489785244e+00 -1.161594527897369167e+00 -3.383736554775700900e-01 -9.992068434035830116e-01
2.491175526676994156e-01 1.512339226855431873e+00 1.231672944806180503e+00 5.677420241246122767e-01 -6.073045440446065424e-01 3.344876506937760063e-01 -3.990599483408421300e-01
1.189552686337899345e+00 1.891226029784003337e+00 1.692345837703145284e+00 1.324432277708371020e+00 -8.424143637517222949e-02 9.180697704153745198e-01 1.461381675849341422e-01
1.894385977836044566e+00 2.315001154997562871e+00 2.200028601541133888e+00 1.878527692851595710e+00 4.554666973267842978e-01 1.496839817530347228e+00 7.321782440727798713e-01
2.459819098959587613e+00 2.761243767604276034e+00 2.724774988400506803e+00 2.404425075162318848e+00 1.030886938686564891e+00 2.076510829079520892e+00 1.313197846597039087e+00
2.932417487929228628e+00 -3.073641001000267270e+00 -3.035052636927711767e+00 2.936262034624422146e+00 1.682159473520770332e+00 2.650507033248810540e+00 1.910793145259638504e+00
-2.910680927669771378e+00 -2.632339784442903508e+00 -2.512219180862135914e+00 -2.771500921481326429e+00 2.407687421190808585e+00 -3.065403818844323780e+00 2.502111862010862886e+00
-2.482717334668187448e+00 -2.237245662457759465e+00 -2.010451082101447629e+00 -2.210864522949029798e+00 -3.098955671487362729e+00 -2.570661893995883407e+00 2.914024229120889320e+00
-2.039460691802474468e+00 -1.957513879741121343e+00 -1.594266989942288548e+00 -1.675674890944158779e+00 -2.253164574206482751e+00 -2.175798657678052361e+00 2.543742188889370759e+00
-1.588296104381456519e+00 -1.844619175765737529e+00 -1.521636729552439782e+00 -1.243151147724066652e+00 -1.351860392930850141e+00 -1.983511110450344894e+00 2.180513494460829982e+00
-1.117055270966160085e+00 -1.714845201017529464e+00 -1.791921893205245642e+00 -1.095258070886709900e+00 -3.921261278609823320e-01 -1.810305665066418879e+00 2.745624223955592136e+00
-6.015833883561861883e-01 -1.408583785221813045e+00 -1.517373782540680338e+00 -1.236904718759679334e+00 5.214903617731505570e-01 -1.388882361877689986e+00 -2.824413043725320538e+00
-1.828740978395970024e-02 -9.647043219303518269e-01 -8.614322712364849144e-01 -1.025088144217914943e+00 1.100419427622558732e+00 -7.227134904822711814e-01 -1.925968344546494349e+00
8.158888452508242795e-01 -4.058812152158157160e-01 2.093552228771670409e-01 -4.320560745618321485e-01 1.558254530824651152e+00 1.907878053777089522e-01 -7.869295746781853618e-01
2.460347723782948304e+00 3.821347411885826495e-01 1.670145588968202643e+00 3.960688249404656358e-01 2.064469663248624798e+00 1.257284786467934401e+00 5.714444859785456909e-01
-2.703383308097826010e+00 2.566601952614969928e+00 2.781730642353946514e+00 1.582863868438888488e+00 2.587080848692563162e+00 2.250105544585061956e+00 1.744651645782897997e+00
-2.075063682652281472e+00 -2.496872197060927334e+00 -2.648745056836716127e+00 2.749861658721750590e+00 3.097170899666511712e+00 3.027532998234772954e+00 2.661657211774925091e+00
-1.603076484685609149e+00 -1.821984856913369422e+00 -1.886148712941036587e+00 -2.694860275252359827e+00 -2.726224864912281554e+00 -2.726248564240344674e+00 -2.836138163964177838e+00
-1.319665127766462609e+00 -1.233654696585163135e+00 -1.124163958271236385e+00 -1.989630459927123951e+00 -2.284992191916821902e+00 -2.470279609340662486e+00 -2.068305314004506901e+00
-1.433377278998394955e+00 -7.076786420092732177e-01 -1.383655322373311958e-01 -1.354636664205215446e+00 -1.880403767521445557e+00 -2.504466044067504615e+00 -1.289405534071597748e+00
-1.590705582482198066e+00 -4.924994230423313524e-01 2.250466937461249373e+00 -7.608832421614424302e-01 -1.535057305364906144e+00 -2.353000307347199893e+00 -3.375672568035466559e-01
-1.386691743378557273e+00 -1.834914666104025427e+00 -2.909847271456003082e+00 -2.073867172516183632e-01 -1.327315800019598813e+00 -2.041983434608337866e+00 2.013144581983850934e+00
-1.038080731154986669e+00 -1.607366042077145174e+00 -2.190033164729677573e+00 -5.625832316906478198e-02 -1.304605351511509692e+00 -1.622055580571887701e+00 -2.865780570769655977e+00
-6.670579421931993602e-01 -1.182440484331398478e+00 -1.590459678113928632e+00 -1.630337200520923124e+00 -1.265558312655869377e+00 -1.131349555727549472e+00 -2.078232629703461676e+00
-3.513555476859915316e-01 -8.601068375510203534e-01 -1.127504576291930238e+00 -1.335037648937165589e+00 -1.105402062591051005e+00 -6.280725881566393554e-01 -1.433329189909637202e+00
-9.912528456072421112e-02 -7.050687027266462348e-01 -8.454877517478363025e-01 -9.612320677027597071e-01 -9.451028902249208885e-01 -1.881721500902247546e-01 -9.572504222221029924e-01
1.025281798707443487e-01 -5.806925994836908966e-01 -7.029835126350971741e-01 -6.655216036611890651e-01 -8.439983150632155429e-01 4.889910839799482128e-02 -6.449379459570840911e-01
3.217348202984824934e-01 -3.731778038460760172e-01 -6.771832543160994922e-01 -3.641858650365166761e-01 -6.443729747139602670e-01 1.987589153287634691e-01 -2.923962108534126081e-01
5.826940464216232574e-01 -1.779785929831385893e-01 -7.935473631872613787e-01 -1.363521738627223867e-01 -4.387991288480534990e-01 4.882257425331614775e-01 4.586445411996323100e-03
9.066841569554516811e-01 1.703466137353002287e-03 -6.858273468094416847e-01 -1.510393238612347533e-01 -4.776364835089567107e-01 9.432105717182377447e-01 -3.595910851911809925e-01
1.052649929705227860e+00 2.127690672839974151e-01 -4.493454141156215664e-01 -2.702138154644713186e-01 -5.640991349297503898e-01 1.385198882585943814e+00 -6.244005081190221462e-01
-1.892348670079154471e-01 3.708924833646776165e-01 -5.416827806870324613e-01 -1.949468930523930166e-02 -2.664373290871303035e-01 -1.015263621706847585e+00 -1.881516733585297529e-01
-1.890127189743471270e-01 2.256293303290445029e-01 -9.179702750704309411e-01 3.368713952821368318e-01 1.730611634421905798e-01 -5.862829489542382699e-01 2.600069201760739634e-01
2.071731453856402172e-01 1.217620797495487517e-01 -6.996834080307718917e-01 6.757590668052154692e-01 6.279904781484441090e-01 -2.081310847717580612e-02 5.304979076635788493e-01
6.608722806824443019e-01 3.461779806887483879e-01 -2.630952029717402163e-01 9.532919185703503384e-01 1.042829694555798214e+00 5.643858232858061097e-01 5.058262084975159167e-01
1.162215522544371549e+00 6.980491000256014988e-01 2.288568233216504433e-01 1.271008008637143138e+00 1.455176824623263476e+00 1.170043829189734153e+00 6.139719737984729031e-01
1.697516317851708978e+00 1.059520625901164470e+00 7.320547177371374836e-01 1.621350208331871157e+00 1.892550038579938532e+00 1.693466896370297015e+00 8.498020800710072153e-01
2.259671530874865830e+00 1.371989448056437855e+00 1.230679866163421510e+00 1.880028493088422792e+00 2.332026174450102296e+00 2.028075055979295716e+00 1.110849666033829397e+00
2.846073271030975071e+00 1.520137560524779108e+00 1.661243435017625725e+00 1.802916057310028464e+00 2.725884193559804825e+00 2.390675764660676883e+00 1.382013899095691389e+00
-2.824566989629607949e+00 1.459250561572859040e+00 1.775749411774759867e+00 1.678610015834030467e+00 3.044469834255652874e+00 3.020661319403212364e+00 1.721935749603911159e+00
-1.845247160784840634e+00 1.551858891418928854e+00 1.354356454968890677e+00 1.975233500261398989e+00 -2.906980192017829090e+00 -2.512819191877210923e+00 2.120024176080347544e+00
1.020674280907809095e+00 1.901173520948752582e+00 1.490263275842555801e+00 2.479938046412080599e+00 -2.505314632586279178e+00 -1.837314293397914078e+00 2.556109655782639933e+00
1.770794622347448888e+00 2.372699008731149473e+00 1.956750024903066487e+00 3.114329608326755761e+00 -2.044362680861634196e+00 -1.241258849458994451e+00 3.056792692395829292e+00
2.439971037158104483e+00 2.862390754225162315e+00 2.470466246475193639e+00 -2.441197561868911237e+00 -1.592667475083059170e+00 -7.179908399595315016e-01 -2.688211101974492756e+00
3.094954580363084240e+00 -3.105954582314824464e+00 2.691208862972890081e+00 -1.367321942916215782e+00 -1.183863462691749469e+00 -2.570803034206312621e-01 -2.059217884364173301e+00
-2.615906638821944519e+00 2.011087068728030225e+00 1.541792643714129607e+00 1.170113881114819149e-01 -7.873870183488077545e-01 1.785729019567527109e-01 -1.212391353748719869e+00
2.961486037533310522e+00 1.965484626014932568e+00 1.724848295477706905e+00 1.114998298410849964e+00 -3.698774246419591072e-01 5.658991675666312782e-01 7.239071523060645053e-01
2.056542149527408991e+00 2.337135629768982703e+00 2.102795289188862604e+00 1.886205976471375001e+00 4.924605326857665888e-02 8.557095165920206581e-01 2.133422420546732923e+00
2.452536694921945148e+00 2.702534407138325712e+00 2.435612372810893600e+00 2.560717945796146200e+00 3.859364303163521082e-01 9.995923681199802013e-01 2.824092875085878251e+00
2.735750291162506453e+00 3.034124617800454171e+00 2.753852367426902426e+00 3.101683661364574185e+00 6.550379122042634394e-01 1.121758413536068089e+00 -3.021258650715946459e+00
2.875087467516953321e+00 -2.912633334117621153e+00 3.091392467255989818e+00 -2.689059979494023089e+00 9.675817935407560189e-01 1.248076829648390396e+00 -2.619395124505910388e+00
3.042208408335461023e+00 -2.566444184450498156e+00 -2.885717291909117854e+00 -2.151087338956118700e+00 1.479077771882445935e+00 1.266811114733473742e+00 -2.179552868788686482e+00
-2.909049516069712293e+00 -2.215330946393800904e+00 -2.602105178496733284e+00 -1.481568796453828440e+00 -3.109330572557370775e+00 1.261070548996571450e+00 -1.691645843064642607e+00
-2.455107377650640466e+00 -1.832634372358048935e+00 -2.215706540569330141e+00 -7.895320507114018671e-01 -1.368393704144772238e+00 1.401816318269590411e+00 -1.204798225591351635e+00
-1.908141175537620970e+00 -1.363642405472757391e+00 -1.648024600899799852e+00 -1.529267743676517854e-01 -7.300759772580014406e-01 1.584090372713049311e+00 -7.227976572844133640e-01
-1.291328557523538922e+00 -7.843613001322703449e-01 -9.166821109960227032e-01 4.330465186532654331e-01 -1.828255728641998423e-01 1.725708484730050118e+00 -2.191061909503054517e-01
-6.228231640596277874e-01 -9.902806389063761872e-02 -5.494201921844792808e-02 9.436226617459201327e-01 3.258126297371729541e-01 1.912064648860009708e+00 2.995051913282983924e-01
7.763177333033577376e-02 6.861877927239111719e-01 8.694452593618029468e-01 1.397984616645093547e+00 8.182986288748813619e-01 2.209256180318470708e+00 8.483592818975845828e-01
7.820860666965993024e-01 1.533955967699464740e+00 1.729274928640482933e+00 1.813015153637586030e+00 1.297024543084432269e+00 2.580023084182365700e+00 1.397469843529342004e+00
1.469400015387359648e+00 2.340171547819507314e+00 2.417433904591208105e+00 2.211490072218522673e+00 1.761784150859816878e+00 2.955869055311246552e+00 1.899483389365191233e+00
2.113905080279566473e+00 2.976863534501115183e+00 2.872454274262693730e+00 2.590576881215800764e+00 2.191987986672345734e+00 -3.008234176982422348e+00 2.226459442434030933e+00
2.695003230073413469e+00 -2.880188698693384008e+00 3.137964065288631144e+00 2.916136823093468777e+00 2.560763431117419220e+00 -2.828496259075127472e+00 2.239886459667228102e+00
-3.075098868116837192e+00 -2.555375262095201716e+00 -2.867312126740428457e+00 -3.079234037683930669e+00 2.877130902549545954e+00 -2.740260842360589422e+00 2.354115846217784469e+00
-2.627574225747784542e+00 -2.210648590014993697e+00 -2.520176420917938920e+00 -2.787864017912498937e+00 -3.095652821019680534e+00 -2.577593159198904527e+00 2.731445289095136175e+00
-2.218330106627008025e+00 -1.818927544956557396e+00 -2.158590198442504438e+00 -2.441772847939986057e+00 -2.747746464744409423e+00 -2.315160569628862408e+00 -3.078724836668837117e+00
-1.833121546177112426e+00 -1.411209747643907608e+00 -1.820576329378057023e+00 -2.074890071734961872e+00 -2.385814866046832794e+00 -2.037072125462915384e+00 -2.656632765189287593e+00
-1.489981509204895138e+00 -1.030482476626856769e+00 -1.526957362274471874e+00 -1.735779662014558244e+00 -2.054025828024856448e+00 -1.806408972302074645e+00 -2.307106780959983894e+00
-1.250571310347365017e+00 -7.228426979250317519e-01 -1.317529844413976470e+00 -1.516370903081045718e+00 -1.817689018090324460e+00 -1.804761789661549987e+00 -2.113805297864264965e+00
-1.075326626966242705e+00 -4.888314178582340297e-01 -1.153927219782053815e+00 -1.591833805623173559e+00 -1.707103237370524607e+00 -2.059434238062940903e+00 -2.369906225216421802e+00
-7.696437635341870642e-01 -2.230121798149486134e-01 -9.010038471033404717e-01 -1.780830090357535589e+00 -1.592388264229919859e+00 -1.904071841377484864e+00 -2.464357501869916423e+00
-3.081269394500834591e-01 1.439216082170578226e-01 -5.415953855716933996e-01 -1.593901833990005290e+00 -1.314157171277869018e+00 -1.456157399988500911e+00 -2.010804976729764437e+00
2.262469259788484344e-01 5.816842915333672037e-01 -1.350814775334622519e-01 -1.215267306893895727e+00 -9.055899060824642577e-01 -9.291998273560131416e-01 -1.413343745813101293e+00
7.552414596076878484e-01 1.019074660269485122e+00 2.599382431413826411e-01 -8.384198532837329187e-01 -4.587489450150281645e-01 -4.172750116670331244e-01 -8.145634564506925024e-01
1.226530652783840880e+00 1.376868114972796597e+00 5.804351960185736292e-01 -5.733944777259963876e-01 -4.020641594763734589e-02 1.478123581499856884e-02 -3.063607399054370517e-01
1.600360357916650322e+00 1.530911553767650535e+00 6.880972072500430858e-01 -4.626026421333053196e-01 2.469098086794456193e-01 2.472277871551110118e-01 -5.011643029071553151e-02
1.878830035698111800e+00 1.426082653307084946e+00 5.221712764128397799e-01 -3.586063301914159673e-01 1.765202871284782260e-01 1.744060384118456264e-01 4.126023654037559718e-02
2.105760927480102129e+00 1.376949487557203478e+00 4.854039505691275513e-01 -1.931224385861051163e-01 -3.015198352701169426e-01 1.539598182049486084e-02 1.402783406289941637e-01
2.283270854947393680e+00 1.454566813779314849e+00 6.761484936571464655e-01 3.516438574946015305e-02 -2.235304513282996286e-01 4.333891198195472666e-02 2.844925449802774287e-01
2.344506147340520652e+00 1.264015766579865696e+00 8.678333162574555226e-01 2.847410934155427120e-01 1.534100586475025951e-01 2.266120038817192039e-01 6.373513092649856215e-01
2.315162877703675903e+00 2.702755472546747306e-01 6.112398536808523186e-01 5.657338582074449285e-01 6.751862077789121397e-01 5.253883910362339149e-01 1.445516979548376213e+00
2.491712274171386188e+00 1.330276708923560924e-01 9.846668165085034619e-02 7.969886462919274495e-01 1.346815332649391017e+00 8.395268974305889476e-01 2.667068981444359554e+00
2.927758640160766923e+00 3.350214333238292208e-01 1.802331293531962420e-01 8.781463410327400299e-01 -1.827164863550246432e+00 1.104099673976571827e+00 -2.224081795135043560e+00
-2.737505757880602353e+00 5.762047870555002671e-01 3.615249702958874822e-01 7.519732950704262064e-01 -1.041358081473587882e+00 1.247451523648692717e+00 -1.021808689737827569e+00
-2.021912200014349459e+00 8.593275301672197442e-01 5.977655833057682333e-01 7.621620464437314224e-01 -5.072073589788056447e-01 1.320102532222055425e+00 2.781444404090461023e-02
-1.268709602197293673e+00 1.215268124983029496e+00 9.491161746275597055e-01 1.002560486897834391e+00 -1.322755466090420329e-01 1.501266550174951364e+00 1.037128789948891905e+00
-5.270892471730703743e-01 1.588463988926364756e+00 1.350320924917678855e+00 1.347736128010255774e+00 5.062760658027575661e-02 1.807200330561489210e+00 2.186770799347432348e+00
1.770335639739583078e-01 1.852355796428337031e+00 1.688256004753347250e+00 1.645429040200802051e+00 2.059638280714507774e-01 2.112922462353261643e+00 -2.466930507090531854e+00
8.382401814553062103e-01 1.955628782157835310e+00 1.923345311118361822e+00 1.823685423294119978e+00 5.803224973863161384e-01 2.314236027829518427e+00 -9.166942698400298850e-01
1.444026817115416694e+00 2.094382257804068725e+00 2.159796718837802221e+00 1.979947707326872086e+00 1.095533686445110622e+00 2.465828414445248473e+00 7.093831290724866845e-02
1.979461026017127256e+00 2.359293934130234582e+00 2.463893363057373609e+00 2.205869976215345751e+00 1.651692437956410187e+00 2.671015425218967732e+00 8.280647012740577351e-01
2.420988783187505877e+00 2.686541202743574885e+00 2.795638402976767356e+00 2.493604882768712283e+00 2.180255188120036269e+00 2.981600433464630662e+00 1.467630632662722201e+00
2.748327417405869166e+00 3.026053325867103627e+00 3.098746462187714101e+00 2.825649587153921782e+00 2.649347125390288937e+00 -2.916888899469631369e+00 2.074215471703852565e+00
3.002074759563179818e+00 -2.947046188569512726e+00 -2.967306117221086392e+00 -3.066230793774318730e+00 3.077363428056412609e+00 -2.484853991928508865e+00 2.661724958228557814e+00
-3.018195455675793948e+00 -2.716012297981995616e+00 -2.882737707885883349e+00 -2.668234033864627985e+00 -2.807325093088498313e+00 -2.063073210848605399e+00 -3.135108704127899770e+00
-2.702436287058448627e+00 -2.520595295959351834e+00 -2.782448454213894973e+00 -2.296051563021662467e+00 -2.462030025055074844e+00 -1.637996887480809072e+00 -2.823664673096154321e+00
-2.362236670449758602e+00 -2.254697163673695659e+00 -2.524970753332222984e+00 -1.956933804906887397e+00 -2.321914351383264741e+00 -1.142253545741786391e+00 -2.700911572152770557e+00
-2.047442408359995802e+00 -1.960924905683680164e+00 -2.221820813347941126e+00 -1.577292523288984283e+00 -2.618587611231690371e+00 -5.113277498132907661e-01 -2.426675071581727128e+00
-1.911436083424547183e+00 -2.190183225581530557e+00 -2.243799622190591592e+00 -1.119059335279845246e+00 3.116797129700949576e+00 3.340197360810353011e-01 -2.846214851131934953e+00
-2.295466525647211320e+00 -2.957510182916672559e+00 -2.727316024454385257e+00 -6.215443162042655345e-01 3.015105699529239569e+00 1.479876326961915067e+00 2.023841157391829348e+00
-2.550176425198036334e+00 -2.662024048282796596e+00 -2.569128461598517266e+00 -3.119913788801458754e+00 -3.051665686646169107e+00 2.662214854976746814e+00 2.535485731044795799e+00
-2.364190481189650583e+00 -2.192446621179940713e+00 -2.144277621284863322e+00 -2.582623652680533510e+00 -2.706937872659721744e+00 -2.726586539162648926e+00 3.107869939732861742e+00
-2.144773685121823537e+00 -1.756431447398235868e+00 -1.705764557230018852e+00 -2.069952169368524775e+00 -2.459017894855188402e+00 -2.035645446977658590e+00 -2.660279457892241517e+00
-2.088449935991130157e+00 -1.491552446283124889e+00 -1.427330948546686074e+00 -1.610126753481903039e+00 -2.674593272805279476e+00 -1.493751347288627240e+00 -2.283906907356385574e+00
-2.096623668452799905e+00 -1.506835249206545102e+00 -1.597468711455808599e+00 -1.247955480986443488e+00 -3.002709482487576409e+00 -1.198816282933904409e+00 -2.306458712899994268e+00
-1.917644721141939623e+00 -1.499175653241107797e+00 -1.733330138560916556e+00 -1.055007885887495167e+00 -2.778292089477663929e+00 -1.236488480689493352e+00 -2.429055236736091583e+00
-1.614160166440833377e+00 -1.261249706529855574e+00 -1.452499209324348728e+00 -1.013433024611962274e+00 -2.374195469377556211e+00 -1.266997206496768724e+00 -2.154995386681829217e+00
-1.289411507481460495e+00 -9.296437624643996145e-01 -1.055973209270103075e+00 -8.784718039893536501e-01 -1.917790049119954210e+00 -1.241844140800385299e+00 -1.690999929556544767e+00
-9.889092170049736952e-01 -6.140901148503389306e-01 -6.974789283786385630e-01 -5.739487972505032953e-01 -1.463480160016575660e+00 -1.181328469719239216e+00 -1.198965399714761348e+00
-7.318489690151099847e-01 -3.654677800233198659e-01 -4.342579786823741461e-01 -2.214640948400058151e-01 -1.043645117482554729e+00 -8.995034034926806532e-01 -7.604965812997258601e-01
-5.560806269489773079e-01 -1.466855524857502979e-01 -2.008922074020028647e-01 1.133158919933834330e-01 -6.710898676485124170e-01 -4.413777559755343582e-01 -4.163325498488597565e-01
-5.306037614722020068e-01 1.059553934299099082e-01 9.063519732365035719e-02 4.113827109035954610e-01 -3.215902717344572004e-01 6.676247921248711081e-02 -1.467530665818662650e-01
-5.351359925767570358e-01 3.992724958188582640e-01 4.471003202823458089e-01 7.356682324172298948e-01 6.063165128740124338e-02 5.519614632870792903e-01 1.863274938124352131e-01
-3.408276846984996111e-01 6.996960211019186415e-01 8.311685637196591925e-01 1.120828049991580810e+00 4.780295792245742303e-01 9.352260705046493428e-01 6.241656592501042544e-01
3.065194053188279033e-02 9.806364795281067304e-01 1.195500880065378801e+00 1.549176292931056187e+00 8.875900284088729109e-01 1.180457608750174581e+00 1.115639011901268018e+00
4.681134906594445200e-01 1.214316708047453952e+00 1.472116558167748668e+00 1.945848020064611106e+00 1.224804035956938097e+00 1.410900977156833491e+00 1.537742109048977346e+00
8.962333075213932965e-01 1.351243815180821262e+00 1.555250882593972817e+00 2.200557394356307039e+00 1.496017095698209287e+00 1.797949813059525059e+00 1.658653995859619590e+00
1.249868484369434318e+00 1.297509626221081236e+00 1.328101485797155590e+00 2.193454512176802318e+00 1.776793456642288049e+00 2.318129718172965426e+00 8.797930050031503857e-01
1.451489768395024971e+00 1.243139185832015992e+00 1.248849414132565006e+00 2.102582697952586788e+00 2.115663420225919911e+00 2.867041403142770672e+00 7.273395198689843744e-01
1.463005934996156610e+00 1.454948566117187703e+00 1.515503225471438453e+00 2.328752907731476807e+00 2.550401902207665827e+00 3.042806784707286383e+00 1.081230121046992343e+00
1.518260997385017186e+00 1.804132287933141177e+00 1.894873667999530609e+00 2.757451001257142931e+00 3.135583477868150837e+00 1.399136551135250706e+00 1.534751829264737744e+00
1.728457406770824489e+00 2.127422542159129293e+00 2.233610452731000784e+00 -3.056748658223645165e+00 -2.252147568538680034e+00 1.811520147125729840e+00 1.931723712332133136e+00
1.929450594445026645e+00 2.275970025720768231e+00 2.336428993991928049e+00 -2.840717132060013750e+00 -7.949890375464576664e-01 2.159532420001899045e+00 2.107472175280958648e+00
1.978403301801550773e+00 2.229549554306129444e+00 2.076298311046410827e+00 2.562154769354322958e+00 4.195662657745071189e-01 2.107142491581788679e+00 1.789829972865322416e+00
1.988343703581610500e+00 2.348717547567733988e+00 2.146543709855618598e+00 2.267172086547901699e+00 1.221007601935681031e+00 1.739126924172943456e+00 1.679850547036845443e+00
2.167996021806819495e+00 2.726384813442732646e+00 2.536005530908014727e+00 2.567173631169766601e+00 1.895404172643635032e+00 1.893094499219110327e+00 2.073294958190128323e+00
2.485329134664758133e+00 -3.065793833586637707e+00 2.987206751677689009e+00 3.001286859893297798e+00 2.526663152383485489e+00 2.290425889544254634e+00 2.586185115349357577e+00
2.852479034051446760e+00 -2.554287538107938627e+00 -2.868242454230837790e+00 -2.828498941452830984e+00 3.119877554600232639e+00 2.750452025924788213e+00 3.010073943924865603e+00
-3.107831776259887935e+00 -2.072218695228902785e+00 -2.450867591142401825e+00 -2.469569220722607206e+00 -2.632974531260783291e+00 -3.100621212931489179e+00 3.114431957038036547e+00
-2.866176575983731212e+00 -1.622894434190328194e+00 -2.008147264396333398e+00 -2.132588405798796938e+00 -2.129707882107307437e+00 -2.722288643255322160e+00 -3.079798015664608535e+00
-2.649079243320982879e+00 -1.195655265244400800e+00 -1.581733208346075781e+00 -1.728302723237166605e+00 -1.594374382217646158e+00 -2.457444074794042699e+00 -3.100413049362612750e+00
-2.442482808897632029e+00 -8.433643536857576839e-01 -1.215911341381011646e+00 -1.316213494278288376e+00 -9.886046282769072047e-01 -2.383831752516133218e+00 2.580974071893870292e+00
-2.624405658426311128e+00 -9.025548147192280490e-01 -8.539217547060344859e-01 -1.317861916291955371e+00 -2.659213044257973668e-01 -2.665137082343995267e+00 2.777940805263535040e+00
-3.051056159402821155e+00 -1.632834185393330584e+00 -4.650184045193984095e-01 -2.288235599074010640e+00 2.888966676859741955e+00 -2.709570744070420201e+00 -3.052332308390214521e+00
-2.792097976777816459e+00 -1.516015871630062462e+00 -2.527753874957025526e-01 -2.110491426589546471e+00 -2.425073054209612167e+00 -2.348585122352328192e+00 -2.694094434346838707e+00
-2.254501389695422908e+00 -1.067586712412175176e+00 -5.995010422609849954e-01 -1.579075009427168608e+00 -1.724156894656814210e+00 -1.753317820152580087e+00 -2.363313061904449341e+00
-1.608764194774818357e+00 -5.043799117501066576e-01 -5.058742111460919899e-01 -9.268408898181549338e-01 -1.039862900707666293e+00 -9.983758030759977142e-01 -1.996097390676735639e+00
-9.029190716380518511e-01 1.035529358926907673e-01 -1.350904280200657982e-02 -2.367006845599722020e-01 -3.637417093629465303e-01 -9.602922164799031213e-02 -1.555173175143746311e+00
-1.649087510847151161e-01 7.175935618197700760e-01 5.933650794607788770e-01 4.538698968770940589e-01 3.057721139597037174e-01 8.982195334449264434e-01 -9.837078384291066957e-01
5.748571318624124959e-01 1.306246099770187019e+00 1.232122728795434607e+00 1.091386826567644075e+00 9.595726504939021684e-01 1.815078338208582887e+00 -1.915900537052063757e-01
1.289969368076372414e+00 1.845266641555488585e+00 1.875061888974034030e+00 1.651621796625822869e+00 1.593760637035326333e+00 2.564507623598802244e+00 8.265245728905167288e-01
1.946782235625120538e+00 2.286723458144130472e+00 2.496079051857874820e+00 2.054195386840106163e+00 2.182590584056124161e+00 -3.125559797171166831e+00 1.690591794287291005e+00
2.516878318018605842e+00 2.502618921730284107e+00 3.053890159979908425e+00 2.127973589496505724e+00 2.680613359020398434e+00 -2.656862844892832864e+00 2.321697167544040763e+00
2.974382970330040621e+00 2.475010348240164415e+00 -2.785842952574709930e+00 2.016842270724620967e+00 3.015363800720774812e+00 -2.258587322764081140e+00 2.765575496823942547e+00
-3.008468563595962042e+00 2.639550742168144559e+00 -2.476652382120545060e+00 2.205052060845896111e+00 3.060941970557220948e+00 -1.929541862555152587e+00 3.047204068088210871e+00
-2.857648668414270343e+00 3.015201578808430316e+00 -2.223649840964323054e+00 2.645833095665579116e+00 3.049146253976842580e+00 -1.626330811237404639e+00 -2.923788186176761617e+00
-2.739772854015416925e+00 -2.871051619925362175e+00 -2.215318679783842892e+00 -3.140193191860521704e+00 -3.021020389287837560e+00 -1.320413453159388739e+00 -2.659130115639906755e+00
-2.531197128189336176e+00 -2.515880792755390782e+00 -2.722571070482562750e+00 -2.662101177689936371e+00 -2.690158867933422293e+00 -1.054441884912394434e+00 -2.537959030859116893e+00
-2.229095007160365238e+00 -2.130525311224712226e+00 -2.445576749643609382e+00 -2.226552881597834155e+00 -2.327697488217228550e+00 -9.138075719968103972e-01 -2.394994325250515477e+00
-1.832344416190872405e+00 -1.638028602109001808e+00 -1.821820999628811277e+00 -1.723401043203201866e+00 -1.892000065208217841e+00 -8.157905876482968166e-01 -2.009451582504603540e+00
-1.352903060823022141e+00 -1.058659731035420659e+00 -1.115528374261021805e+00 -1.111997441130139874e+00 -1.369919652033281254e+00 -5.135420742876642963e-01 -1.511821201314823782e+00
-8.168152771254294509e-01 -4.374260803719674517e-01 -3.972158580021839525e-01 -4.165795862272174133e-01 -7.901736157418792761e-01 -5.707938109270625088e-02 -9.957782347345313090e-01
-2.526178165698685363e-01 1.895032453271317530e-01 3.040553981530573213e-01 3.456558071580383973e-01 -1.905282208562674162e-01 4.524378377937793294e-01 -5.423962255713170588e-01
3.112489358927713612e-01 7.709460392929352590e-01 9.610338751602877094e-01 1.147573050313745791e+00 3.810695572035906475e-01 8.407841197778318509e-01 -5.003673206187977396e-01
8.486088789334765847e-01 1.199101224956330425e+00 1.548457699746584870e+00 2.005790830353205489e+00 8.613211375417074711e-01 4.345760513724550300e-01 -9.798433149719614210e-01
1.228368864793352389e+00 1.242821240019165829e+00 2.031032013840357475e+00 3.136099113622822010e+00 1.072734403684319160e+00 5.739484753786074783e-02 -7.442547819833758016e-01
3.965663345395393224e-01 1.165182910080983847e+00 2.304642527559038090e+00 -5.645077205254296349e-01 7.466442517303691906e-01 4.924708417875902633e-01 -2.467500119563938166e-01
1.309328639257700544e-01 1.444191653036915879e+00 2.010996208433494026e+00 4.639269877799640507e-01 6.242613985564516854e-01 1.060995852543235918e+00 2.982739720956367746e-01
5.625006618868644281e-01 1.879526340925091965e+00 1.800386081331449617e+00 1.170450628979158303e+00 9.030618131281574756e-01 1.662200223974029445e+00 8.872353460405919545e-01
1.057547456757637061e+00 2.321789501580202586e+00 2.090855754033879688e+00 1.790580424276345006e+00 1.289402238253942068e+00 2.249941482019938821e+00 1.513243163756431198e+00
1.529038342613718182e+00 2.677325744973413357e+00 2.453416407679087197e+00 2.361930108051186306e+00 1.678550003637889532e+00 2.642777548708513002e+00 2.192215809345460009e+00
1.900894843987426253e+00 2.905013681468720854e+00 2.746786963748832022e+00 2.900926988552066987e+00 2.008118096704786470e+00 9.807378475421523190e-01 3.008487517764795616e+00
2.109463582983948093e+00 3.041018031412499933e+00 2.887560845581655933e+00 -2.906216110092973093e+00 2.219907556140069183e+00 1.329622367473800582e+00 -1.810660973858952305e+00
2.242196105015963781e+00 3.073723117839571195e+00 2.828209632288723796e+00 -2.603184069792157995e+00 2.298779810603894358e+00 1.869291506820002891e+00 -3.339703011222121265e-02
2.459485038646872290e+00 3.054202057110392055e+00 2.919032795694233240e+00 2.968423774288952099e+00 2.341443237816194234e+00 2.407877923417454991e+00 8.939068693768598139e-01
2.786371934988294274e+00 -2.993474352336223276e+00 -2.971766652182278978e+00 2.886790000430349501e+00 2.501086981063310510e+00 2.939948950045871090e+00 1.670193896986100546e+00
-3.108595602552378434e+00 -2.559346034119380775e+00 -2.475133700437162076e+00 -2.911958090420610823e+00 2.777866476440430166e+00 -2.832142844974715690e+00 2.433459557790185190e+00
-2.692759501276960954e+00 -2.082795761486748276e+00 -2.043826126985984537e+00 -2.332049632301570252e+00 3.098693945285125650e+00 -2.402924121096815302e+00 -3.101032872020011766e+00
-2.298825692205382243e+00 -1.686797247704989511e+00 -1.907176109666415265e+00 -1.788810495225417130e+00 -2.916519921797307013e+00 -2.393945675896393066e+00 -3.054617417841113181e+00
-1.953516578716702368e+00 -1.437497291197559646e+00 -1.982007272771832085e+00 -1.375472998255319990e+00 -2.693768812615141783e+00 -2.900938986752660487e+00 2.078690094658949938e+00
-1.630458588572193612e+00 -1.232081927229644380e+00 -1.764152614178754686e+00 -1.152140179590289470e+00 -2.389321900128593246e+00 -2.768566757630134489e+00 2.787665114058016869e+00
-1.245200568983266143e+00 -9.396281464183604548e-01 -1.396999641522460811e+00 -9.236664024328921085e-01 -1.929372658564011411e+00 -2.434472182059324918e+00 -2.721121086381260046e+00
-7.611127799022970875e-01 -6.058277991015801334e-01 -1.059312205412159313e+00 -5.275884994142862050e-01 -1.349220649874153688e+00 -2.187891885042537510e+00 -2.062701838264259901e+00
-2.010446131508699386e-01 -3.518596222982398047e-01 -7.863540876719833372e-01 -8.427953092920292821e-02 -6.178503488656547082e-01 -2.115135892073371160e+00 2.844651107845965754e+00
4.394597781909304612e-01 -3.948497170771058107e-01 -5.308303510882851350e-01 2.615301920285187376e-01 1.685793829949117972e+00 -2.084440779121899290e+00 2.874771590270684740e+00
1.644371016777216976e+00 -9.069175081231659608e-01 -3.548592269828426682e-01 1.921158794784152690e-01 3.077660277082300944e+00 -1.931486885032674516e+00 -2.809287300075188121e+00
-2.104253495290468567e+00 -8.979015865983110967e-01 -4.153988936450353497e-01 -4.490350140543855062e-01 -2.569652826538328494e+00 -1.678635344303054167e+00 -2.181461571303962899e+00
-1.410502969748518520e+00 -5.138957965894898061e-01 -4.501329559937649605e-01 -5.754653806816467654e-01 -1.995975402915085128e+00 -1.345208015890013931e+00 -1.508335596978993776e+00
-8.184359826684951544e-01 -1.656142257859308936e-02 -1.881227675901732121e-01 -2.499789393918711855e-01 -1.430679217866840158e+00 -9.368994852023457831e-01 -8.095901994357365128e-01
-2.433741484299923041e-01 5.097959541051365617e-01 2.273535392314695591e-01 2.259647066709783991e-01 -8.709372986923846760e-01 -4.717151227748117570e-01 -1.172787908982606264e-01
3.197576202123326716e-01 1.039010420019632397e+00 7.068259850786130505e-01 7.604143749673522024e-01 -3.231165511241611554e-01 2.584579952746739531e-02 5.521314254710166791e-01
8.586421661720433640e-01 1.555074087446459696e+00 1.202192515383466942e+00 1.300968137061798258e+00 2.201396161068650270e-01 5.040888751117830191e-01 1.173404505025662070e+00
1.370764021451417847e+00 2.037975407311803266e+00 1.668697131205424178e+00 1.839093739201368871e+00 7.876079606787843579e-01 8.850073129846591780e-01 1.738150693151505166e+00
1.854130312770133626e+00 2.460644042517925900e+00 2.072538592083064568e+00 2.360176205646919545e+00 1.374945476806211042e+00 9.784204372163550767e-01 2.182438712890665933e+00
2.298264944887900896e+00 2.793764870799306355e+00 2.457005868512330604e+00 2.816165512656002345e+00 1.938815774743295250e+00 6.271462713163687974e-01 2.394214849102573428e+00
2.665082836752376227e+00 2.996136883410947416e+00 2.917696203171649127e+00 -3.127637413040278425e+00 2.409641354176262240e+00 4.750197058140694373e-01 2.564754170394828670e+00
2.895704541351721506e+00 3.013482432550434353e+00 -2.814087435511641200e+00 -2.881301787634896083e+00 2.786057423741090666e+00 6.871036296760759665e-01 2.946156686921193035e+00
3.062741309388187005e+00 3.029068146081923985e+00 -2.194318081743876991e+00 -2.560283893063694638e+00 -3.076738168830754905e+00 1.023964535865520498e+00 -2.841686768217747350e+00
-2.958811226535660754e+00 -3.056145914352832449e+00 -1.374955329112606650e+00 -2.168783067100382933e+00 -2.618149269821368641e+00 1.348854419999557575e+00 -2.452209894033249959e+00
-2.622686095404221263e+00 -2.767189093155379087e+00 7.347248602702679543e-01 -1.781919936714029928e+00 -2.204195397284197444e+00 1.534639492940850447e+00 -2.369286759458721914e+00
-2.366033135513537999e+00 -2.490696142596124485e+00 1.740153779797896982e+00 -1.419344015203371390e+00 -1.824084223928096771e+00 1.617364486241425370e+00 -2.273385281646606693e+00
-2.274489780030066299e+00 -2.165884494994447351e+00 2.434976959719138634e+00 -9.877464750859342724e-01 -1.336572448660764190e+00 1.878965559646698091e+00 -1.820369773794424217e+00
-2.135336909729804500e+00 -1.669566984167909274e+00 -3.126653984223586313e+00 -4.392044465598429759e-01 -7.280592298584984690e-01 2.376160984470411464e+00 -1.198780016053956343e+00
-1.741605923897253216e+00 -9.636818137170248821e-01 -2.357937584558743360e+00 1.685202369225606567e-01 -7.337377583891056820e-02 3.039385618078888296e+00 -5.187422889883033239e-01
-1.127051969903672068e+00 -5.063215207266778123e-02 -1.535839501069207857e+00 7.824252514680415382e-01 5.623060050218121608e-01 -2.399048156104329976e+00 1.716332811610821740e-01
-2.871094908793876965e-01 9.932037699389075769e-01 -5.376336603876030740e-01 1.347764931129708188e+00 1.120429229784637437e+00 -7.016498844296766846e-01 8.137260546900102476e-01
8.008223567215296823e-01 1.977355148776275717e+00 1.602389524010136679e+00 1.889954971557354702e+00 1.617367823967200469e+00 1.004235049714976569e+00 1.393953360939025332e+00
1.843756003968707091e+00 2.803673130018188964e+00 3.075383472992022860e+00 2.471486986354392457e+00 2.135475402094220598e+00 1.725167662616009068e+00 1.924954073937097832e+00
2.652841538667884969e+00 -2.803259783544744366e+00 -2.494015381160267886e+00 3.097934094266703742e+00 2.719875844515148078e+00 2.195034745103388030e+00 2.384585812711483399e+00
-2.969016520062096820e+00 -2.266875082919803663e+00 -2.096300567059976139e+00 -2.538220757795687010e+00 -2.934041367817737278e+00 2.589049587261541330e+00 2.613432044611868399e+00
-2.410667899093339450e+00 -1.880217266090869144e+00 -1.969238766305708488e+00 -1.979040560145896688e+00 -2.332651751464966061e+00 3.027319812459834392e+00 2.592481363251305293e+00
-1.956652549733331137e+00 -1.665877756947989230e+00 -1.798864137525262974e+00 -1.664490504147929206e+00 -1.814103261274448320e+00 -2.753520522636114354e+00 2.853717218959155311e+00
-1.648717760797561382e+00 -1.787014974096350350e+00 -1.738488038306601702e+00 -1.555156259373742245e+00 -1.370259631512645848e+00 -2.293663957081955473e+00 -3.006112199161564025e+00
-1.528504923810343641e+00 -2.283085203915156125e+00 -2.672958554848476442e+00 -1.116940812871799915e+00 -8.554214031151186060e-01 -2.346355163966893365e+00 -2.654158202608786876e+00
-1.698931334184383468e+00 -2.345138416180454932e+00 -2.622845175788745209e+00 -1.821558391095911000e-01 -9.240468788365840958e-02 3.115242697260587335e+00 -2.619261983237031632e+00
-2.158267719775245119e+00 -2.055248403274763991e+00 -2.186845208036408472e+00 -3.061258201376572785e+00 2.230267143731240242e+00 -2.833516112830571476e+00 -2.527037895532930456e+00
-2.129706262763337854e+00 -1.617935042132282009e+00 -1.691329342934784874e+00 -2.217734814565716750e+00 -2.556069358694734284e+00 -2.287305485793764248e+00 -2.104501032813261396e+00
-1.708408325022720886e+00 -1.110037551036095582e+00 -1.176173205964364588e+00 -1.441585645398983262e+00 -1.777372505637938360e+00 -1.690091862042762960e+00 -1.548062888266354520e+00
-1.139395756823285533e+00 -5.742392592499110382e-01 -6.487204806287244496e-01 -7.289740221263131259e-01 -1.113835513841026303e+00 -1.082212171756212316e+00 -9.942407118242605479e-01
-5.256937025831840415e-01 -4.589824351688824577e-02 -1.276966580018166486e-01 -1.180198763515372534e-01 -5.220608003932153407e-01 -4.858215725629798087e-01 -5.276545885520479429e-01
7.619700204478981054e-02 4.455979687713987336e-01 3.646099485540846286e-01 3.585178518608666542e-01 2.381201308712811368e-02 8.458613298934278268e-02 -1.843575065064262941e-01
6.292941939306903043e-01 8.801107588287807593e-01 8.248161920505122646e-01 6.954146218726816597e-01 5.457507086038038135e-01 6.145675432674816419e-01 8.202984395745326063e-02
1.126575686102219143e+00 1.246394134053791181e+00 1.268571309018324822e+00 1.031321023348389376e+00 1.066636193659274978e+00 1.121388844113270444e+00 3.503422630596556564e-01
1.580223837998582237e+00 1.444063789632584083e+00 1.647993543493906143e+00 1.430330335286757570e+00 1.588241762314112071e+00 1.546876782642344850e+00 5.570577349318197591e-01
1.976303578809251116e+00 1.131567575653117830e+00 1.679194400204712112e+00 1.806902839128315730e+00 2.087156375503615546e+00 -4.355591109395233196e-01 6.200399394422922983e-01
1.935321201765449084e+00 9.746802988355226516e-01 1.334731960614823576e+00 1.984934159525237440e+00 2.449625974054314259e+00 -1.576558448287243910e-02 7.223047758638030391e-01
8.166545977974989379e-01 1.311358766173418511e+00 1.549906266158355361e+00 2.057926059643358840e+00 2.254397573935464472e+00 6.165960251564142069e-01 1.050691377269105331e+00
1.128518604759099375e+00 1.751073832728304192e+00 1.987298177495633755e+00 2.370548542129175651e+00 1.954484537945774925e+00 1.244178331984896690e+00 1.480332614995362839e+00
1.660408030082427766e+00 2.109136277425156081e+00 2.397450053043217899e+00 2.766578223250604651e+00 2.191741461917279477e+00 1.809157345827091534e+00 1.857285725388689190e+00
2.216383818320532217e+00 2.290279190673233156e+00 2.685753810650017837e+00 2.783350179284225678e+00 2.493317827575273427e+00 2.219686852008455169e+00 1.995567392053162692e+00
2.735752139137797911e+00 2.424113583035975683e+00 2.918799170675667298e+00 2.003769841838300980e+00 2.644357262266888053e+00 2.369763450016824535e+00 1.911266523612774604e+00
-3.106744932000177428e+00 2.663109602267151654e+00 -3.037751420662607948e+00 2.268117954354559984e+00 2.746326507184094101e+00 2.518110146466045585e+00 2.086064539987228628e+00
-2.798902030824727216e+00 2.882232171299281109e+00 -2.617075309746735190e+00 2.779430789577939542e+00 3.026264273126391124e+00 2.912348845545270848e+00 2.488482270967872445e+00
-2.677594026322159149e+00 2.818537631878414107e+00 -2.243255402104169960e+00 -2.952375013629446876e+00 -2.815476224020304397e+00 -2.817993903911269804e+00 2.935448339375569482e+00
-2.799684513996019586e+00 2.656203652106251312e+00 2.470879981907508238e+00 -2.551707290977869302e+00 -2.337076449210429896e+00 1.807120343322869749e+00 -3.122671003988668037e+00
-2.930665053826710498e+00 2.892749382790813950e+00 2.574761212664770760e+00 -2.913048719488644522e+00 -1.949962943899370860e+00 2.258537308049194614e+00 2.847989159410302396e+00
-2.812822083711798538e+00 -2.936611028467359219e+00 3.074919091563431461e+00 -3.077690286589662261e+00 -1.879964664509568228e+00 3.126068803554730380e+00 2.958059254160069873e+00
-2.376446070278629641e+00 -2.394545585763823148e+00 -2.731249530253636149e+00 -2.534915138508129218e+00 -1.774629408084802851e+00 -2.204921787010667877e+00 -2.780333683657158605e+00
-1.606813537617161725e+00 -1.808261884588831636e+00 -2.362488694973624792e+00 -1.849581519684551534e+00 -1.241031586231211348e+00 -1.266913362357032558e+00 -2.109086398643907678e+00
-5.100630356834927603e-01 -1.160501001103828811e+00 -2.079998508492974629e+00 -1.107820747301603070e+00 -5.015059954372286244e-01 -4.011515798677491307e-01 -1.336307896420935393e+00
5.787022650770253795e-01 -2.750970191757167727e-01 -1.802888078672045813e+00 -2.876064326019284745e-01 2.963979290758935181e-01 3.743158674883601544e-01 -2.245318353364358643e-01
1.424837090877883572e+00 1.318360625768538519e+00 -2.268494784116049878e+00 8.002419364277845171e-01 1.047295892642789994e+00 1.057910447534238685e+00 1.165190775248757582e+00
2.093492030888735478e+00 2.482022035548278271e+00 3.041970679426869495e+00 2.017335721226501732e+00 1.724532969077860800e+00 1.679924633144206592e+00 2.036774144859231583e+00
2.631008174631083385e+00 -3.078611620917175884e+00 -2.739170740003867621e+00 2.740328976971954322e+00 2.348498746937650150e+00 2.250513406659498727e+00 2.759971042784373996e+00
3.046024314059178728e+00 -2.477587137168222764e+00 -2.110331479046103631e+00 -2.957401289002857148e+00 2.945931741844858287e+00 2.743995902450929503e+00 -2.813373793405108181e+00
-2.938934976375389585e+00 -1.992394064974283063e+00 -1.443603940181865219e+00 -2.371551030434573715e+00 -2.767306858545089732e+00 3.063973920249235317e+00 -2.074549434637980028e+00
-2.762803736575833113e+00 -1.941248121102889135e+00 -7.530074233064809608e-01 -1.836743324038759839e+00 -2.374379188737228308e+00 3.003409766373245304e+00 -1.272029908957975852e+00
-2.608552039551755186e+00 -2.451102007295624663e+00 2.955239672479003321e+00 -1.406087357973608842e+00 -2.844325957832968044e+00 3.013121325129847428e+00 9.478763554107623446e-02
-2.342350367427200375e+00 -2.181547785567105713e+00 -2.594819352438233029e+00 -1.159181774603441406e+00 -3.077780411175365050e+00 -2.902541364730168105e+00 2.575967681851435653e+00
-1.940217189484038762e+00 -1.628141952518747715e+00 -1.949553684749631755e+00 -9.696193334283822463e-01 -2.577333793798394446e+00 -2.382465429114552169e+00 -2.786229874982250720e+00
-1.448371038893069507e+00 -1.009492292162946558e+00 -1.370488705230526794e+00 -5.536243264699842737e-01 -1.915602687564446072e+00 -1.848630148156285236e+00 -2.056345185957927590e+00
-8.994677101693122623e-01 -4.051247863365211033e-01 -9.002121786025658601e-01 6.589259675182586318e-02 -1.155512060939541508e+00 -1.364202649044399251e+00 -1.411355022936528369e+00
-3.117134812202891347e-01 1.424640103750565365e-02 -5.810695533599943285e-01 9.315684772813824788e-01 -2.691363701800580377e-01 -9.398357527200316142e-01 -8.948195184161883420e-01
3.066310394791580962e-01 -1.430107749882865598e+00 -3.863241727217549548e-01 2.701502678249112943e+00 8.534410030862343843e-01 -5.085100735752093870e-01 -5.683525977302786858e-01
1.697308813111139569e+00 -1.330962900608066324e+00 -2.481750969617501079e-01 -1.916103788487355963e+00 2.141945830722063793e+00 2.312413380806401658e-02 -2.473961948801685351e-01
-1.898636675083000602e+00 -9.461348421840536371e-01 -3.315326192404463579e-01 -1.148768825441280894e+00 3.101909683865005540e+00 7.413685076854062972e-01 2.579043697046373707e-01
-1.334735438362091298e+00 -5.756893428546964175e-01 -4.969344034301282909e-01 -7.036938949268226606e-01 -2.503610673215486138e+00 -2.269086109410122454e+00 2.922330361375660157e+00
-8.579167051693930013e-01 -2.037152971228751164e-01 -2.524379817594398223e-01 -5.423915920155750747e-01 -1.918475580678184800e+00 -1.545551191414017644e+00 -2.068812136104177579e+00
-4.757889459232937934e-01 1.432501969921280982e-01 1.608994617795146687e-01 -3.265316109100609432e-01 -1.372787762268189438e+00 -9.996515795442986185e-01 -1.616373621945743633e+00
-2.113129923703112034e-01 2.788458694626674284e-01 4.356860285983439329e-01 -1.635835048627467050e-02 -8.770532526207128754e-01 -6.620784746298061796e-01 -1.725892769764851842e+00
1.107081979939540488e-02 2.123991545980790652e-01 4.294448287682405274e-01 2.316731281005827425e-01 -4.532097090408748197e-01 -5.180067435048841817e-01 -1.496002782083116323e+00
2.813772715358853760e-01 4.125113670975150693e-01 5.986739061624364311e-01 3.913275254552676108e-01 -6.130549858194254964e-02 -2.395978229591043396e-01 -8.214122397854447533e-01
6.335436932595791548e-01 7.767805908358816902e-01 9.650233110556846183e-01 7.537652450677843063e-01 4.240074708173599549e-01 2.781905365093754745e-01 1.687241008219783969e-02
1.055582532182392841e+00 9.441336539011316864e-01 1.114301671801242621e+00 1.289846460085201318e+00 1.027954408652451690e+00 9.027369465514165636e-01 9.363142777251260984e-01
1.533198847400689457e+00 6.392644015125423795e-01 7.483931497965644608e-01 1.889069930226878080e+00 1.727795201574484185e+00 1.675186297900155941e+00 2.107512624646312283e+00
2.025770486913679669e+00 7.268341166216897298e-01 8.839083430352580040e-01 2.417178157502392288e+00 2.495752646541689934e+00 2.763923828971961871e+00 -2.178943463038171213e+00
2.468422961003535754e+00 1.158021783295917873e+00 1.343055566302644221e+00 2.021702440181154969e+00 -2.969022638174383388e+00 -2.398994880773012817e+00 -8.389707468312566085e-01
2.770541081842293973e+00 1.654075836172100633e+00 1.839731905250591160e+00 1.351483189155414877e+00 -2.115814363336470105e+00 -1.559782448892811813e+00 -9.031734177995915935e-01
2.785269968043469380e+00 2.104376345745384125e+00 2.170326761042380870e+00 1.699589965482051213e+00 -1.300211052676900625e+00 -8.494264633665683517e-01 -1.300582368473665928e+00
2.524897276968162796e+00 2.466543771059936052e+00 2.018482500235901700e+00 1.957773812223821741e+00 -5.476819831428176855e-01 -1.706246271474468057e-01 -6.318672470520789730e-01
2.365528001496828292e+00 2.816114448559135841e+00 2.055205628182920741e+00 2.033091269666116752e+00 1.709553922886256627e-01 5.110108844993616062e-01 1.585342332473072546e-01
2.449643617970334475e+00 -3.009815681609993021e+00 2.542816426370644756e+00 2.279801969470041545e+00 8.729852069465871001e-01 1.189802525844408043e+00 9.519657194991123506e-01
2.657262502170369078e+00 -2.448916009473799171e+00 -3.111415686113136569e+00 2.722873661863358219e+00 1.580513246015198270e+00 1.865138591813065183e+00 1.748311444508844348e+00
2.952198083644117954e+00 -1.835134746033260100e+00 -2.444648117304633494e+00 -3.012301508614796841e+00 2.291067428847886500e+00 2.526110735321105416e+00 2.533984171613461900e+00
-2.970333624696284147e+00 -1.219895187031560635e+00 -1.798006154812898050e+00 -2.433653742959884791e+00 2.989675264639538810e+00 -3.140382505665104684e+00 -2.995699176411881215e+00
-2.536026628447050069e+00 -6.613275240010191292e-01 -1.338788940266538940e+00 -1.843070777462907150e+00 -2.622436735637420746e+00 -2.628166296464054419e+00 -2.282270305584794823e+00
-2.040478261516902592e+00 -2.823450354005220264e-01 -2.514605912517704045e+00 -1.287529229620346660e+00 -2.007349442010403884e+00 -2.541940383638551015e+00 -1.671591321781996431e+00
-1.496679688835656163e+00 -2.132114151782438793e-01 -2.101047230213875405e+00 -8.130149073776625768e-01 -1.455299108093059735e+00 -2.867519853751420822e+00 -1.250106364714218321e+00
-9.368066534140915280e-01 -1.281475496674167047e-02 -1.307993371224464463e+00 -4.183489680695723356e-01 -9.554179330813001858e-01 -2.607355173763092004e+00 -9.877131918701295143e-01
-3.948626673843943502e-01 4.875111015372337042e-01 -4.675338324716665772e-01 -3.542650969627623991e-02 -4.691783013545192671e-01 -2.111029842343880691e+00 -5.591039492402112288e-01
1.234819670162413535e-01 1.112989798490040094e+00 3.296902699141616155e-01 4.332553764372059635e-01 5.348977540847197482e-02 -1.731654478577980827e+00 1.449086563656979132e-01
6.331184550077526563e-01 1.763398128092896311e+00 8.532851693457539355e-01 9.564916367676005171e-01 6.134123442567966933e-01 -1.429927564311426869e+00 1.023213011406208572e+00
1.163132005068385766e+00 2.377000813298937310e+00 1.355491399607964276e-01 1.489579236602113665e+00 1.199197200419139131e+00 -7.826654102965078241e-01 2.253581057310374725e+00
1.703061472867635207e+00 2.793031527071529130e+00 3.081727169697982549e-01 1.920410972640213876e+00 1.775613211105937728e+00 8.096474833905005497e-02 -2.224312187496012783e+00
2.233904784124418619e+00 1.335899014958120690e+00 8.755312453289444408e-01 2.009994737986502855e+00 2.327183049767197698e+00 9.844457692611505717e-01 -8.674922907764864854e-01
2.755728474181825316e+00 1.300651376549040172e+00 1.392240524184961137e+00 1.864405196134323761e+00 2.902955149840070970e+00 1.750104988206149237e+00 1.434700891792587973e-01
-2.953863621984152352e-02 1.474618825931756305e+00 1.696670029332965290e+00 1.995529832385122715e+00 -2.673712661534036972e+00 2.113441985859359384e+00 1.296384465038199263e+00
5.057429880554616952e-01 1.609735258529433999e+00 1.844482456255200908e+00 2.126712881354960061e+00 -1.731557485379332961e+00 4.489366319970037322e-01 -1.254461534909525167e+00
9.518405032228577367e-01 1.914853621655471461e+00 2.194875550388910579e+00 2.170889413387671940e+00 -6.899646339608039858e-01 8.481716773653568131e-01 -4.094545211662417583e-01
1.410649558350895338e+00 2.358558827488122400e+00 2.711989627650241097e+00 2.479942934179746317e+00 2.130026166998972292e-01 1.226998059113753259e+00 1.888506855090533731e-01
1.910862619373506988e+00 2.795731859929680319e+00 -3.124935092881711451e+00 2.955040153769336708e+00 9.424992152219241470e-01 1.565196815587479806e+00 3.905614638257200455e-01
2.433378276652315098e+00 3.081283796171637945e+00 3.034911522136737982e+00 -2.822391861776607058e+00 1.527997151764054040e+00 1.941481888653835419e+00 5.619070436134623314e-01
2.942720209197383863e+00 -3.082087099239615213e+00 2.829535430390445860e+00 -2.410374627868328012e+00 2.027085391513786750e+00 2.403970748859222351e+00 1.125402610006587478e+00
-2.857271556874974028e+00 -2.823420343602567772e+00 -3.011471530001291974e+00 -2.132763681600596151e+00 2.500807834893628456e+00 2.949279897719265353e+00 1.831286597706541563e+00
-2.411385231105306115e+00 -2.379355289292319764e+00 -2.405837640927887211e+00 -1.954766074767569473e+00 2.995433970595030360e+00 -2.754597648854760550e+00 2.596167095772257571e+00
-2.003993263929898294e+00 -1.866086980287105401e+00 -1.753813095710647918e+00 -1.645381687837273121e+00 -2.736337444076709868e+00 -2.167638733758266323e+00 -2.863135247081303181e+00
-1.670054693552960101e+00 -1.493678880920501495e+00 -1.112854834763530310e+00 -1.126587616438182060e+00 -2.147058814478207900e+00 -1.646517678855449640e+00 -1.974959087518443734e+00
-1.433795927783284130e+00 -2.671548414351206269e+00 3.106549554110912936e+00 -4.392150465125109204e-01 -1.563486567229138258e+00 -1.377690292696830410e+00 -8.259666191729710949e-01
-1.270228585457807702e+00 -2.551496769695371647e+00 -2.624205568343326522e+00 6.415462231334727594e-01 -1.171807236411603004e+00 -1.860452544830150767e+00 2.133680904180037530e+00
-1.131013950868200446e+00 -1.957868010285493954e+00 -1.869084291004145193e+00 -2.632267035600850846e+00 -1.828218481413424357e+00 -1.847467246496171001e+00 -2.801715528789737064e+00
-9.291533310712631888e-01 -1.307150775158915090e+00 -1.057505006355538679e+00 -1.565819567887933195e+00 -1.785783190211376326e+00 -1.320930801897667761e+00 -1.684047382439101126e+00
-5.875816530054138731e-01 -6.796040436068880863e-01 -1.251085463870807712e-01 -5.275118165958404548e-01 -1.150783272150032177e+00 -6.078086906936982503e-01 -4.476883393161452673e-01
-9.880275785345665751e-02 -2.565889061831614359e-01 1.325201137297881360e+00 1.021793982424425318e+00 -2.956794586158759119e-01 3.858642950078575162e-01 8.948339584978800554e-01
5.128708028719201062e-01 -1.330815404865618001e+00 -3.101257356165559642e+00 2.650595085678180585e+00 9.893794273378212489e-01 2.456228985586769387e+00 2.090248785212573068e+00
1.524179289339689269e+00 -1.259480501434315780e+00 -2.092804550433532640e+00 -2.648187266126309503e+00 2.677714246071129178e+00 -2.487164882066998040e+00 3.083300124595757641e+00
-2.570802615434791605e+00 -7.707099918912597714e-01 -1.402089388771978085e+00 -1.875208509118450939e+00 -2.527961267729812445e+00 -1.754397314833915145e+00 -2.341090317054154379e+00
-1.607665180941654448e+00 -2.796957511315860123e-01 -9.015347156280263397e-01 -1.211549757613327838e+00 -1.761432828933008343e+00 -1.241593246088507074e+00 -1.603204656452171362e+00
-9.890017736051466279e-01 1.525758532430874226e-01 -5.112213693967914141e-01 -6.420335137391568470e-01 -1.135408268202315218e+00 -9.165639525628517248e-01 -9.773025642016847092e-01
-5.611553817201158090e-01 5.379126026494748247e-01 -1.053758484747722990e-01 -1.600969660828634178e-01 -6.235925553613785866e-01 -7.865147210096651298e-01 -4.351923419436497520e-01
-4.492722042387313763e-01 7.809053903351016457e-01 2.906361528236388603e-01 2.052920132358074801e-01 -2.277561558573649170e-01 -8.637047235874730777e-01 6.049855022456630121e-02
-5.016991949437371590e-01 -1.218264196372411678e-01 4.320422269044241204e-01 4.095881218965369830e-01 5.889423665115779694e-02 -7.870320514448672089e-01 5.706479162431300489e-01
-2.983183682609832910e-01 -2.792011134524018945e-01 1.071502262320675643e-02 2.602960454690923520e-01 1.526757446900391946e-01 -4.509236303525679390e-01 8.911876101744671264e-01
1.038605148869548994e-01 1.936120657824260960e-01 6.834412162605604801e-02 1.609967256393821933e-01 4.104805979647704189e-02 2.171360777488545984e-03 -1.171020397095928089e+00
5.510208769119940841e-01 7.565482450863422192e-01 5.038280339365621696e-01 3.775729055440082971e-01 8.725343110664188218e-02 4.630503980808011733e-01 -5.995706815291194092e-01
9.713111364413753446e-01 1.359695013989995704e+00 1.084990385068907104e+00 7.926839164570078644e-01 4.174732669655407680e-01 9.127667503213098277e-01 1.051183809691181720e-01
1.348718438479259873e+00 1.997137463533823043e+00 1.746324160570294826e+00 1.306891898185073009e+00 8.887638936953111690e-01 1.349910487853070551e+00 8.529440847270414183e-01
1.737215715430295404e+00 2.664004140694709033e+00 2.466185744995434970e+00 1.896562575102239023e+00 1.433246445988560547e+00 1.768968482140340193e+00 1.642595657040192725e+00
2.180936135476830184e+00 -2.933312738491128169e+00 -3.048227549626645771e+00 2.537620139649208628e+00 2.009334997658847044e+00 2.125263285817420300e+00 2.463200183189217629e+00
2.678874216024435206e+00 -2.254985479644118662e+00 -2.264159538591491660e+00 -3.086287369898923494e+00 2.585514138358606662e+00 2.373345594871806519e+00 -2.972527157936402098e+00
-3.060670627025686041e+00 -1.635217896071741839e+00 -1.564086634010222188e+00 -2.427565251419880887e+00 3.132940844640538902e+00 2.582406886985651351e+00 -2.065866336759311750e+00
-2.488536238514728716e+00 -1.217372793251715990e+00 -1.212394394592142044e+00 -1.844667568785653300e+00 -2.683241077476770542e+00 2.891141549555726442e+00 -1.091999592014987863e+00
-1.854418009069524143e+00 -1.115116894103227674e+00 -1.081789895361638276e+00 -1.420091569586042324e+00 -2.311127203062890434e+00 -2.911502750608745416e+00 -1.027525638062385532e-01
-4.944581029334136901e-01 -8.354650243876123872e-01 -6.580507554384269486e-01 -1.108079649329039462e+00 -1.901419652286815420e+00 -2.312724281120941860e+00 6.930043319371005373e-01
1.456519236217348467e+00 -2.726750130172717057e-01 -8.328751677062626313e-02 -6.192798734644264780e-01 -8.426861060395011149e-01 -1.620270105297574093e+00 6.178834949599507631e-01
1.991290031640031488e+00 4.137906888201155486e-01 5.587724738779614730e-01 1.259034247545086915e-01 7.549181726215693500e-01 -7.861821091181443455e-01 6.733271408206003006e-01
2.447936317113003302e+00 1.162575638984369331e+00 1.249061744818369624e+00 9.644637002882704424e-01 1.601223988854488134e+00 2.228924823918675635e+00 1.166964379509771499e+00
2.924205525435873643e+00 2.009305441230106126e+00 2.014423633176608330e+00 1.879958672160282784e+00 2.285390659585156303e+00 -2.951197476518289786e+00 1.818873891207027915e+00
-2.826552916936264648e+00 3.093456074049623528e+00 2.946933541405521328e+00 2.853281996142610577e+00 2.960323925876284790e+00 -2.138791611033372675e+00 2.547590917808834288e+00
-2.227648245067122001e+00 -1.668582676024656708e+00 -1.929775343414251276e+00 -2.437081617342458095e+00 -2.625510995634959155e+00 -1.280508890940468492e+00 -2.963415669700863120e+00
-1.498508151891454476e+00 -3.163974236777710169e-01 -3.528229183255489065e-01 -1.443734884522400286e+00 -1.869984366690150335e+00 -3.431101444313753857e-01 -2.130292864278158227e+00
-4.903488684011420573e-01 6.750441342961540636e-01 6.694429819562810469e-01 -5.165275926796186745e-01 -1.039798964568458217e+00 6.042009384327935440e-01 -1.233236575483382946e+00
9.673430819073450815e-01 1.547471552733904687e+00 1.464950990333772740e+00 3.178749310627285163e-01 -1.187974172993179339e-01 1.473953858371311876e+00 -2.090821844462406043e-01
2.197660699265150175e+00 2.419232944891453130e+00 2.184976879354423751e+00 1.101800455248783228e+00 8.830255746066422162e-01 2.265699685310375688e+00 1.037027011672308152e+00
3.071501822211663679e+00 -2.905982823527872405e+00 2.889858261729317590e+00 1.857182665110460595e+00 1.879882222236287648e+00 3.002634154872222183e+00 2.329061622835008727e+00
-2.493272651992578748e+00 -1.783313921697414983e+00 -2.653641810378775112e+00 2.641902317173773440e+00 2.817490030206236451e+00 -2.576617094299425759e+00 -2.862436092951564870e+00
-1.843985499537509565e+00 -5.828794902222391716e-01 -1.739684232550413157e+00 -2.728599142010955436e+00 -2.574278353377136952e+00 -1.859870564895864664e+00 -1.919408311605126150e+00
-1.230928749539640377e+00 4.417336582500926423e-01 -1.929588671332631011e-01 -1.557844025300706869e+00 -1.714236812344900551e+00 -1.100839562878574762e+00 -1.071541852551974650e+00
-5.711105531248207301e-01 1.268536772722269834e+00 1.244872214150383627e+00 -1.638449436837399464e-01 -8.606693670264656815e-01 -2.440258024709751339e-01 -2.803468702517707967e-01
2.075431665951404658e-01 1.976114122593794598e+00 2.073890769879613849e+00 9.431342573445194999e-01 -3.255817673589640922e-03 8.046786544840029975e-01 5.033519663542230793e-01
1.020383679760905826e+00 2.610195391915432594e+00 2.723891017370447365e+00 1.766473277647151008e+00 8.403602165396262258e-01 1.947080273915777981e+00 1.288705696242382182e+00
1.799817156950960451e+00 -3.083981858868205084e+00 -2.983620195993058388e+00 2.466786447770858093e+00 1.660831423279190755e+00 2.935930189719540895e+00 2.094282526137408063e+00
2.512012729771117669e+00 -2.502092295117147813e+00 -2.428666516137049758e+00 3.112344946076207819e+00 2.436348769474796949e+00 -2.517669910961854551e+00 2.899151034167335439e+00
-3.129841621578110633e+00 -1.897286041861991457e+00 -1.852238288277888278e+00 -2.570625833967104423e+00 -3.128909524343021609e+00 -1.812717666463302235e+00 -2.624443806947187596e+00
-2.531994914028200760e+00 -1.220930043267973275e+00 -1.212874328755963127e+00 -1.965437543416153066e+00 -2.455296914941862862e+00 -1.240674763618048182e+00 -1.904396657945031102e+00
-1.960229696539636191e+00 -4.089591669255219775e-01 -4.914086053236335072e-01 -1.328634982107351759e+00 -1.813751403569015430e+00 -8.946610262811837133e-01 -1.218051408648292755e+00
-1.344796705031960249e+00 5.462532738221659301e-01 3.084155306838958222e-01 -6.333764770280875256e-01 -1.169025284380464047e+00 -6.666585937638205284e-01 -5.300169702793237070e-01
-6.581170286228507083e-01 1.500188801894969615e+00 1.160733416432427889e+00 1.365135709507573070e-01 -4.993220248583294940e-01 -1.498830680318676833e-01 1.921655104955339588e-01
7.979592799787278701e-02 2.325657275402433388e+00 1.994687041877251987e+00 9.497800478627043130e-01 1.936581962110435762e-01 6.493185672901395922e-01 9.285814904792258906e-01
8.498592153811047600e-01 3.036449761178884099e+00 2.758729743509151344e+00 1.785169011402443218e+00 9.085475541574721259e-01 1.766478246892094095e+00 1.685370246811922268e+00
1.611518594702652907e+00 -2.608423587153819945e+00 -2.829526528063426749e+00 2.592528456424220806e+00 1.626705814397124916e+00 3.128160530651380000e+00 2.449006298448708652e+00
2.335351228270494683e+00 -2.023090950323352288e+00 -2.190681431051113570e+00 -2.956672510895011818e+00 2.334404474674274699e+00 -1.993400497442346042e+00 -3.092309696549080833e+00
2.987227136257037952e+00 -1.475751078285567175e+00 -1.581250200572750453e+00 -2.295783126310588784e+00 3.014813222597452214e+00 -1.068943235709550965e+00 -2.382121231591376009e+00
-2.762955401741569172e+00 -9.679350321921627032e-01 -9.862467283780699256e-01 -1.737768242536771091e+00 -2.645494743889261979e+00 -2.653794391954712450e-01 -1.790545992613571613e+00
-2.317626867239447552e+00 -5.136471885395319514e-01 -4.259454863161596383e-01 -1.270366144889081950e+00 -2.076055318396566651e+00 4.546582158084892522e-01 -1.354772474169094520e+00
-1.896032838439711155e+00 -1.433140993375681682e-01 -1.226896898412664222e-01 -8.742484628848290473e-01 -1.563787365914057981e+00 1.116977991682614357e+00 -1.109107248966323844e+00
-1.450380806616528906e+00 4.361127356760014645e-02 -1.092480490373376023e+00 -5.622606045833455912e-01 -1.116783877405516323e+00 1.676352693245278136e+00 -1.048087495667215929e+00
-9.981500757571978300e-01 8.295095822763101645e-02 -8.189392431488027313e-01 -2.961888582978640105e-01 -7.507948828569389610e-01 2.022009348955988717e+00 -7.801366307111399223e-01
-5.554737341467417266e-01 3.184693531540677691e-01 -1.808098281293029352e-01 7.900661954004812443e-03 -4.249289212428061235e-01 1.676376150655711328e+00 -2.534097672007877278e-01
-1.064763463198747095e-01 7.947542618624440225e-01 5.309545660193800698e-01 4.591471235744107871e-01 -2.890595220838410029e-02 1.292107023703034319e+00 4.282751414277969904e-01
3.539628409702633705e-01 1.374178454874604105e+00 1.255319670790554065e+00 9.989659970229377572e-01 4.397102135795328826e-01 1.614895538976028888e+00 1.135769854526591738e+00
8.400621248806851016e-01 1.990103387728555440e+00 1.968964602611421810e+00 1.584965058968357043e+00 9.527353474642104025e-01 2.113713709877359737e+00 1.833882845661280347e+00
1.340597340179334962e+00 2.611942319712413862e+00 2.648534097927604858e+00 2.167263000882240220e+00 1.467963154227897693e+00 2.650311254828471519e+00 2.471697331359122174e+00
1.850683505960292630e+00 -3.062608351294695996e+00 -3.011001513350455738e+00 2.718578946866486934e+00 1.984569297705469193e+00 3.126236801472712212e+00 2.997182958686178011e+00
2.370721692039299722e+00 -2.464291798156507340e+00 -2.432095299280396805e+00 -3.010275624241413706e+00 2.524856999003922908e+00 -2.704276019339108217e+00 -2.806957200938155150e+00
2.915580231033478409e+00 -1.872707804742880233e+00 -1.877454870298743472e+00 -2.436326058696854258e+00 3.103331460414728848e+00 -2.230223021266064976e+00 -2.297957676503344260e+00
-2.758923156744116145e+00 -1.274396317670046130e+00 -1.312714786147285428e+00 -1.803980666024615376e+00 -2.542680995965050705e+00 -1.600018606823886635e+00 -1.672242611617566821e+00
-2.080984776458733698e+00 -6.808287485827324570e-01 -7.450186799893643297e-01 -1.150921064960582774e+00 -1.854811500141662739e+00 -8.040727427720356646e-01 -9.469150163550313914e-01
-1.326187896315014214e+00 -1.784516735603634552e-01 -2.724305470444213784e-01 -5.400911551379266040e-01 -1.091444534731022209e+00 1.568201909607350453e-01 -7.879351780752583134e-02
-5.162225184837508918e-01 -6.286049644501885414e-01 -2.458486611213976381e-01 -6.591016358124700270e-02 -1.793650368311920928e-01 1.443008811011629033e+00 2.931895935704366796e+00
2.766634487485987171e-01 -1.406956693696356009e+00 -6.180102316974258603e-01 -1.400142942850650385e-01 1.377825668826340166e+00 2.911540035429166728e+00 -2.064810677969014296e+00
1.004925045251683358e+00 -1.004031739648312049e+00 -3.365004158268072310e-01 -1.301418927131886838e-01 -2.022931428885518468e+00 -2.461068473873335716e+00 -1.146532963988295517e+00
1.457361193344968164e+00 -5.749711176852408956e-01 3.928396478182132751e-02 3.308069510748098963e-01 -7.480398163423830349e-01 -2.484268077699405275e+00 -2.182565115051467441e-01
1.014772500479683481e+00 -2.194760901886496085e-01 1.331283987482046460e-01 9.927983116095238092e-01 4.493027830338524042e-01 -2.366787887925448697e+00 8.669902444714910894e-01
8.468095892568994199e-01 5.977288600352291537e-02 -1.612224160252324345e-01 1.652337869002766801e+00 1.613774217921484233e+00 -1.677286149013159866e+00 2.561054715791032610e+00
1.100741616245140886e+00 3.698100088764734172e-01 4.747131035637457835e-02 2.133772618638196228e+00 -3.051738896535417744e+00 -9.316110752011743656e-01 -1.409518323897653191e+00
7.551963472849814174e-01 7.288904086353322764e-01 5.220009017901877657e-01 5.997696981713827036e-01 -1.014294022512872040e+00 -2.319632916807202738e-01 -1.797199154123128861e-01
3.555164205564040891e-01 1.065931410983921745e+00 1.083584661500889945e+00 9.959327715409279635e-01 1.093684409647100175e-01 4.430105951558684918e-01 8.843998675895649031e-01
4.525251448777952712e-01 9.279832164558977636e-01 -5.628151308707963763e-01 1.573706972084354616e+00 9.140715083626761439e-01 9.644797913573170955e-01 1.819380985638718196e+00
6.100493426939959107e-01 2.586732597234489561e-01 -6.958405309234255709e-01 1.966568977453740708e+00 1.587174091389586428e+00 1.435094514898655804e+00 2.619675737635863033e+00
6.236441224865310051e-01 4.643772365846710048e-01 -1.935153263269957791e-01 1.109329459052540878e+00 2.031567002910300790e+00 1.962533797487955534e+00 -3.023726069220179280e+00
7.713108153396474043e-01 8.597644959665904363e-01 2.535732755955303896e-01 1.072123564159681575e+00 2.306396522724051490e+00 2.593282837969261401e+00 -2.662003923969930241e+00
1.052732633130170292e+00 1.210514820694225113e+00 6.311509191535062957e-01 1.380969386875858573e+00 3.054313355378938777e+00 -2.933056099880475998e+00 -2.178825115930080880e+00
1.338651580567421062e+00 1.500628286796598099e+00 1.020099158602062905e+00 1.588796297338768593e+00 -1.841898810214614324e+00 -2.144803991693048140e+00 -1.510909594903529829e+00
1.501768844669873371e+00 1.812068908348013485e+00 1.451161582348747814e+00 1.797065433821639413e+00 -5.613017459347483529e-01 -1.187527975379074840e+00 -6.402654983691138391e-01
1.642120245244842680e+00 2.195421143472220393e+00 1.914870559563705665e+00 2.168778498798177079e+00 3.373917327840151303e-01 -3.474304208091593543e-02 6.882211082492510901e-01
1.910644827936262002e+00 2.626324729290689941e+00 2.367506086958514278e+00 2.672145386323792504e+00 1.037129830659751173e+00 8.725562375415001348e-01 2.304635732401667525e+00
2.278454216022470114e+00 3.037844129262219361e+00 2.716711391644802465e+00 -3.094718473298189831e+00 1.635393707985016931e+00 1.557825310358125659e+00 -2.914125291964465791e+00
2.688607063724677282e+00 -2.939872760666036200e+00 2.786285538636376735e+00 -2.570909594626137107e+00 2.129225369270386192e+00 2.115025309197089864e+00 -2.069919674824390654e+00
3.082961927115336120e+00 -2.886052231506823329e+00 2.582589878721846866e+00 -2.122004323583707386e+00 2.533876607224785360e+00 2.606647768720365299e+00 -1.408945603658454004e+00
-2.811299898252828555e+00 -2.882310191264099597e+00 2.731180154677141925e+00 -1.765798220161895804e+00 2.936422049072534790e+00 3.079306313315850918e+00 -6.521398576530224034e-01
-2.435802409208430053e+00 -2.643305944058143009e+00 3.131307640832821537e+00 -1.678004768972986449e+00 -2.975414939177401408e+00 -2.834878370872377040e+00 2.611085776871388653e+00
-2.054465479155384244e+00 -2.241501142713989481e+00 -2.665309420597674617e+00 -1.912835009914917395e+00 -2.611319059789528385e+00 -2.476771864273355384e+00 -3.072136600369410608e+00
-1.731937778086529489e+00 -1.784940464126276050e+00 -2.187106108391394521e+00 -1.928141460897781156e+00 -2.340910003673183581e+00 -2.140361196624869677e+00 -2.568962257049837383e+00
-1.550076715079487411e+00 -1.308649697663130107e+00 -1.754172345783417075e+00 -1.632825888489004118e+00 -2.040417721911187421e+00 -1.791581890121510590e+00 -2.010428738838154317e+00
-1.556594698768340779e+00 -8.545509388749288338e-01 -1.429945706881522005e+00 -1.264582535134334051e+00 -1.711787323719617504e+00 -1.544221872282262042e+00 -1.536814236700673852e+00
-1.494258727540379583e+00 -5.522372313859015280e-01 -1.295408154916987353e+00 -9.703154679220513668e-01 -1.371144252485422710e+00 -1.491072191076253661e+00 -1.302524808512247834e+00
-1.174287278257927669e+00 -6.083663658002245178e-01 -1.197688718665100405e+00 -8.031007190641127336e-01 -1.084601037696145687e+00 -1.475254983912781093e+00 -1.564583625598291672e+00
-6.997771748766566935e-01 -6.462253260813124456e-01 -8.455743728779998580e-01 -7.732272587902774275e-01 -8.666302057768215938e-01 -1.273596146025873566e+00 -1.546594498946741503e+00
-1.237365262863489163e-01 -2.043470932297952736e-01 -2.318442742662946421e-01 -4.711570829824707762e-01 -4.855221807816822444e-01 -9.438425081349197665e-01 -1.133534965455491150e+00
4.404593173407937989e-01 4.722702717634630343e-01 5.808040768590041480e-01 -3.016542410770494190e-02 -2.801609071394844507e-03 -6.920359185223987630e-01 -6.311614082312956286e-01
1.043716924627295706e+00 1.412914052639007600e+00 1.762119579047490836e+00 5.996233166574613804e-01 6.526057180313542538e-01 -6.994379490668406474e-01 -8.782144993786178411e-02
1.208221301518951796e+00 2.703397776854161716e+00 -3.071935365998291534e+00 1.249026890496715669e+00 1.370606852968266676e+00 -1.138001839982785146e+00 2.073192088065818894e-01
-9.043314523024095219e-01 -2.251478559005307467e+00 -1.977710587543394682e+00 2.853702486550893536e+00 2.864500878807358042e+00 -1.052919236889332533e+00 -2.918104720031039490e-01
-3.902124728885179028e-01 -1.168140591165732767e+00 -1.098419932867144011e+00 -9.927206998031825602e-01 -1.052478250075645771e+00 -7.208314630176619886e-01 -5.063001565946485538e-01
1.673845595834288769e-01 -1.812207774397311122e-01 -2.968806413974260372e-01 -2.496937918908436194e-01 -2.385722612360487160e-01 -3.006154932965725002e-01 -1.458464671344719861e-02
6.481155738701097624e-01 9.714533196212707944e-01 2.455418528869191541e-01 2.170941939715523294e-01 3.445215299921419172e-01 8.416403412774234316e-03 4.110993883467091159e-01
1.133125105073360839e+00 -2.190132774248223058e+00 -9.559599167154835264e-01 5.840879639196883133e-01 8.768230087764472547e-01 2.481316059517709727e-01 6.458316326703857913e-01
1.512928125002801272e+00 -1.203685274024300256e+00 -7.006409308375769474e-01 3.012759487047373883e-02 9.391082222124699230e-01 3.351296591713571194e-01 -3.921999623159201920e-01
1.658189581622516728e+00 -3.479863989024951088e-01 4.735027811897850325e-02 1.829648132226623369e-01 5.560679864561797192e-01 5.616581232799151557e-01 -8.256301431018439607e-02
1.403239717795117469e+00 3.442133815005433140e-01 6.505084952445068236e-01 4.955326153963703351e-01 6.080597630972539580e-01 7.992935052297615028e-01 3.335330508250017867e-01
1.373887160793689333e+00 1.054301856175595908e+00 1.258971334327336544e+00 1.067368354745104941e+00 1.084369631699394487e+00 1.170032559374884373e+00 9.512111859417576865e-01
1.562658757440295032e+00 1.563566283423912795e+00 1.585132050155473094e+00 1.546340956878452966e+00 1.537055847192770219e+00 1.511049055149825238e+00 1.485013958339192364e+00
