1.733364238836422766e+00 1.585774164125318020e+00 -1.645678791375465355e+00 1.640913467953775351e+00 1.599979870131608140e+00 1.585584303807625828e+00 1.626882328842433889e+00
1.335241960458845245e+00 2.344782184747931986e+00 -7.623770963749093577e-01 2.076607133457537113e+00 2.156892723800655443e+00 2.043653739781841061e+00 2.047423282493565644e+00
1.653544445167110188e+00 2.809313203490313882e+00 2.229126478428639091e-01 2.512237306876472953e+00 2.681871328088988538e+00 2.473571686213067444e+00 2.529756063202578176e+00
2.087970639372508153e+00 3.096812103470569788e+00 9.506756156486571019e-01 2.723725766392600889e+00 2.997371175788311692e+00 2.785205570868918290e+00 2.906461136436685688e+00
2.505922161505058643e+00 -3.059837609054925522e+00 1.644759948854618958e+00 2.980513992717119365e+00 -2.959568405173854444e+00 3.090101246905474053e+00 -2.954195947435868774e+00
2.876345979051156299e+00 -3.017632535891864087e+00 2.208075847036287787e+00 3.116958259063863146e+00 -2.837308264730159291e+00 -2.996291073216978962e+00 -2.826609719389888031e+00
-3.006398386202321138e+00 -2.884714627591047797e+00 2.652461241163635464e+00 -2.973318667103602486e+00 -2.740612257453557632e+00 -2.763666523445611034e+00 -3.094639453673254881e+00
-2.600553363474013224e+00 -2.626274006726817323e+00 -3.065082184969358803e+00 -2.893085101216390953e+00 -2.732295750070239393e+00 -2.551251104217200805e+00 2.796176537599354361e+00
-2.142625260272700505e+00 -2.302976570752919727e+00 -2.454898472674418297e+00 -2.654149320279065360e+00 -2.494252282487908534e+00 -2.291618698074886940e+00 3.074398996207420964e+00
-1.649477049013942542e+00 -2.053460403876207430e+00 -1.575211614495496404e+00 -2.499511633583973325e+00 -2.190265317831622038e+00 -2.072798419496117983e+00 -2.872089107992626733e+00
-1.004807733434515349e+00 -2.194701167729660174e+00 4.467192009391260932e-01 -2.424751492215146964e+00 -1.813840543358810731e+00 -1.898348930458973127e+00 -2.471213999141720130e+00
9.567580903818778681e-01 -2.591959532124835874e+00 1.773885124443064676e+00 -2.738761958423659326e+00 -1.542023265782495489e+00 -1.945748527664868277e+00 -2.196686388386784650e+00
2.254530462950644853e+00 -2.620181959158565999e+00 2.450999727385111182e+00 -2.912643372294513977e+00 -2.254609956643646829e+00 -2.413335327597258217e+00 -2.071801520250793338e+00
2.910656357295555718e+00 -2.456208565106556829e+00 3.092249722920671573e+00 -3.029104128592559064e+00 2.822083915140030985e+00 -2.826574513320429194e+00 2.602015646271925498e+00
-2.762038373693314508e+00 -2.160482170172183469e+00 -2.553577452781256696e+00 -2.924125963742733703e+00 3.023035310209609250e+00 -2.710939906466436788e+00 2.777262148686573617e+00
-2.179273232774423530e+00 -1.767084374698318916e+00 -1.902942505669822149e+00 -2.642356251515882715e+00 -2.957136039622131563e+00 -2.456239126334435863e+00 -3.019309585901454263e+00
-1.588378787360996469e+00 -1.317617783054480629e+00 -1.271555208977639406e+00 -2.169599611367264202e+00 -2.517863679142721800e+00 -2.110773004481072856e+00 -2.431770152541945063e+00
-9.722861410816185934e-01 -8.420411579151122483e-01 -6.673335579616329616e-01 -1.673324787330661811e+00 -2.095516512178606128e+00 -1.743712158899922260e+00 -1.883016445812052853e+00
-3.352186944154639803e-01 -3.911375746161538935e-01 -1.252426162923026554e-01 -1.257476730883282157e+00 -1.765124545529235922e+00 -1.386106891204388347e+00 -1.448980121023041523e+00
2.928509706204767138e-01 -8.500822356563594862e-02 9.015996448710260347e-02 -1.187590511811624117e+00 -1.765568690193659362e+00 -1.123300874177927122e+00 -1.285494957026319884e+00
7.906061428659264534e-01 -1.027330948430506957e-02 -2.285152865036528536e-01 -1.497826056927368032e+00 -1.898060294529719361e+00 -1.044707813228932025e+00 -1.217945171054911402e+00
8.775251091400466663e-01 1.963810930513130992e-01 -9.802812698858220583e-03 -1.263443655444784097e+00 -1.694694532332514880e+00 -9.857301987397810716e-01 -8.490154192994905369e-01
6.355971425067674652e-01 7.126861533921227121e-01 5.445669790822813550e-01 -7.186960203488621524e-01 -1.285238664707713641e+00 -7.865364029604023921e-01 -2.866244497445420980e-01
8.866599447308429749e-01 1.369813049457557552e+00 1.154006633839299800e+00 -1.004666343501323458e-02 -7.823298028584294572e-01 -4.216713473502169962e-01 4.349189190511403846e-01
1.351467600895758459e+00 2.037375013805174273e+00 1.742436352841117086e+00 7.880257890547517352e-01 -2.496888685052063017e-01 2.305480529075851215e-02 1.280583556848525539e+00
1.882660756044708394e+00 2.621192642180794508e+00 2.235708025714194136e+00 1.705222032248746800e+00 4.018606850720289891e-01 5.777774018417536350e-01 2.308194747179432849e+00
2.416562742700783417e+00 3.016861675462177761e+00 2.538886402771449724e+00 2.708643109879429467e+00 -2.258774938147658062e+00 1.168786549491107385e+00 -2.750801380211873592e+00
2.887321627821477943e+00 -3.100274008105672330e+00 2.728315871180313490e+00 -2.627541163553228198e+00 -1.631900120233859219e+00 1.785211290997682720e+00 -1.442541472625836096e+00
-3.040049386604950055e+00 -2.907402930579604750e+00 3.043110122953558427e+00 -1.808355761139202489e+00 -1.008878367505781748e+00 2.369780061192642062e+00 -1.037149021386719189e-01
-2.816484590627525098e+00 -2.552511169096373322e+00 -2.783954579120014206e+00 2.288154849212968411e+00 -3.206193751972307715e-01 2.891075641695386889e+00 1.137843852184816873e+00
-2.586120072244553203e+00 -2.138943286056079085e+00 -2.307141128829000909e+00 2.816714858219456996e+00 5.242836888876851731e-01 -2.868919540245353339e+00 2.096896089998153023e+00
-2.249049804397153629e+00 -1.736334831534142698e+00 -1.869391666466185375e+00 -2.949750740845063390e+00 1.948949201258579400e+00 -2.388501988763979345e+00 2.844704405831502303e+00
-1.815953831501160742e+00 -1.360840800962499708e+00 -1.502980507362750906e+00 -2.377087629842597583e+00 -3.042458819013040827e+00 -1.922010794071890016e+00 -2.758907232166206480e+00
-1.336228566056839373e+00 -9.843743495368618701e-01 -1.158937607988377971e+00 -1.779104261873502901e+00 -2.208141994721704027e+00 -1.471141141646503669e+00 -2.104461647336029362e+00
-8.187101730373819164e-01 -5.521462897124407299e-01 -7.164455194973801122e-01 -1.124928000553241825e+00 -1.455996799135988118e+00 -9.875065656388396507e-01 -1.378218796613602803e+00
-2.454571167372704976e-01 -3.864296874987824260e-02 -1.284723931819868048e-01 -4.199014992354234699e-01 -7.127097952237833045e-01 -4.251356891599123999e-01 -4.916735729819241008e-01
3.799248361088655157e-01 5.357141928445843249e-01 6.082909431171449333e-01 3.046166144219187855e-01 2.640053113712972910e-02 2.067670655566654081e-01 1.095514751604609982e+00
1.035145812471788940e+00 1.118145574320739133e+00 1.626040412257677703e+00 1.055944902243961980e+00 7.895520376932071427e-01 9.362332192889057936e-01 3.036497887655094097e+00
1.677272987364754275e+00 1.320292655236001478e+00 -2.310052632679475693e+00 1.822450535391988646e+00 1.535673865200300803e+00 1.759581945188174679e+00 -2.295456878093469211e+00
2.259968728561196016e+00 -5.881602527685572124e-01 -1.059979027975425092e+00 2.606377449069261054e+00 2.226511715650984602e+00 2.778718513796222034e+00 -1.593064352092392610e+00
2.746654983036185715e+00 -1.015364537535080880e-01 -3.053633684454778452e-01 -2.911716767463848665e+00 2.792802786208095078e+00 -1.509937195099996243e+00 -1.087909701945754648e+00
-3.135038619331375731e+00 3.769442113984583509e-01 2.901228630376819217e-01 -2.270583695876056129e+00 -3.045290817904521496e+00 2.651390656039786631e+00 -1.026801714125099796e+00
-2.718426906518730757e+00 8.382029603103774429e-01 7.680199008933938920e-01 -1.628852069830947213e+00 -2.428215613074224066e+00 -2.375613921551204655e+00 -1.105034259921868323e+00
1.038952346429133033e+00 1.334430636220645505e+00 1.164934529091956161e+00 -9.303017807131050976e-01 -1.662314762620205499e+00 -1.422666067736071183e+00 -6.853208665385840392e-01
1.652304359664837463e+00 1.916408397777521699e+00 1.584268514452523258e+00 -1.894982874795178018e-01 -7.278018601902779272e-01 -3.867990742142761174e-01 -9.100121043412182087e-02
2.344090745208974536e+00 2.597477904498325163e+00 2.092909972968012511e+00 6.058623143380484910e-01 4.789967603796688178e-01 1.032413169568185518e+00 5.674471271028482811e-01
3.068454181692869653e+00 -2.949773509379540748e+00 2.671196935792053306e+00 1.474350441456238059e+00 1.726407238374282782e+00 2.339676340062153859e+00 1.245541433750654736e+00
-2.509162168122640146e+00 -2.277394146640128625e+00 -3.025342674826276390e+00 2.519555197700224625e+00 2.632230951987449163e+00 3.126896710598281892e+00 2.014076849101250843e+00
-1.883839388626921574e+00 -1.779019145042398220e+00 -2.467142905555516297e+00 -2.669822713433217753e+00 -2.973377798393250782e+00 -2.598664913597414472e+00 2.911113599298566612e+00
-1.447821485442299272e+00 -1.337868157681750825e+00 -1.831236378484021987e+00 -1.827186028189716538e+00 -2.411082445106258465e+00 -2.146962360590364938e+00 -2.460819888949599576e+00
-1.170098619955412422e+00 -8.250596664592864116e-01 -1.136757739357770136e+00 -1.156947354331739897e+00 -1.854690160806929944e+00 -1.688667716333981383e+00 -1.609382704667899455e+00
-7.825231403041859046e-01 -2.844333072401707962e-01 -4.710970231236468186e-01 -5.580099238685976015e-01 -1.280558293927574587e+00 -1.231987269572913712e+00 -8.395397447034147476e-01
-2.509109173547913740e-01 2.394635747961033345e-01 1.281740749983746597e-01 9.435772761839121558e-03 -6.752218872391904103e-01 -7.561520661209785166e-01 -1.392305360369292255e-01
3.611991204881910278e-01 7.478137792234198500e-01 6.610814368150752518e-01 5.606660494968332964e-01 -3.257149063175027864e-02 -1.996717590851418977e-01 5.126244449622151533e-01
9.959734690516376387e-01 1.253211924224062024e+00 1.163673539428044190e+00 1.064100208886898047e+00 6.212231807683094020e-01 4.353658269000496572e-01 1.074618882561429345e+00
1.620052083039219992e+00 1.745016358733334494e+00 1.655993375685006708e+00 1.506930724778566821e+00 1.333786988476750146e+00 1.138340831544509824e+00 1.540409831903443605e+00
2.214880944265478213e+00 2.197695462508414632e+00 2.134749559606911706e+00 1.889946016832191988e+00 2.111741924103324397e+00 1.880029504596674839e+00 1.959022430924856284e+00
2.784677225553627178e+00 2.591712837125098368e+00 2.585541096230159930e+00 2.243074692147943416e+00 2.885289650162603969e+00 2.671978670739029837e+00 2.453716834220934562e+00
-2.941675029357759819e+00 2.917028705269054889e+00 2.994740096543448971e+00 2.618467566357191245e+00 -2.696177158338469493e+00 -2.721225884513136961e+00 3.126344809412130221e+00
-2.404161265171686157e+00 -3.138119441058972114e+00 -2.942589169569219010e+00 3.037664332072332662e+00 -2.107815064598812516e+00 -1.727998348573406728e+00 -2.365824914604949925e+00
-1.905667194197451231e+00 -3.048770805622996516e+00 -2.754566032146166243e+00 -2.801143028124581047e+00 -1.565774444132678855e+00 -6.601217248300337292e-01 -1.499433733277259151e+00
-1.495301193742368362e+00 -2.973419131044870767e+00 -2.736014083327454216e+00 -2.457687297185082276e+00 -1.085426681918404634e+00 4.001498416772775180e-01 -7.360793420651046137e-01
-1.303192635818055001e+00 -2.742534323467511470e+00 -2.583707036324881745e+00 -2.339551012221216197e+00 -7.619921962550665340e-01 1.366789207715716437e+00 -2.153067745308632208e-01
-1.496279175342626333e+00 -2.410639482371139675e+00 -2.212526577268373096e+00 -2.342439790667086186e+00 -5.834648966754025778e-01 2.252213849461072837e+00 -4.193015046006605233e-03
-1.620664449285824427e+00 -2.133008639328559219e+00 -1.766571281595846754e+00 -2.285753157070601116e+00 -3.573238488993339401e-01 3.070931544456774631e+00 1.333274460228176528e-01
-1.531917953511842567e+00 -2.142722297408430787e+00 -1.452496805817495851e+00 -2.291968636993422681e+00 -1.548226603987904425e-02 -2.547593939079776604e+00 5.039081142752757092e-01
-1.432212618595321008e+00 -2.321244632296091570e+00 -2.243565040966461144e+00 -2.295087667223060457e+00 3.179195907676066746e-01 -2.089074203698764176e+00 9.401345648662962073e-01
-1.279921513264763888e+00 -2.164875522254205986e+00 -2.373694825109653905e+00 -2.443876701573763022e+00 6.714372506837869015e-01 -1.705305706019345502e+00 1.392278261947506257e+00
-1.058925695738565320e+00 -1.828801696484968264e+00 -1.921330808322832429e+00 -2.522643849098933355e+00 1.035397824460808414e+00 -7.044624601038980138e-01 1.802184867645297839e+00
-9.475415931745405640e-01 -1.498383249761200409e+00 -1.441041907667477195e+00 -2.462556218346067638e+00 1.410368343526530621e+00 6.064288395086557815e-01 2.107556048125879045e+00
-1.246942235730732484e+00 -1.375208670364540753e+00 -1.130635985313876102e+00 -2.520256156057463670e+00 1.805245122456267115e+00 1.497234467342083208e+00 2.323753927337733227e+00
-1.477188679887042388e+00 -1.678916948253690311e+00 -1.525715896967807295e+00 -2.519104406525662476e+00 2.281483385284456933e+00 2.182084439056937164e+00 2.586878064529303689e+00
-1.327439654567288629e+00 -1.750559790864335108e+00 -2.064534102130702209e+00 -2.231292391103178119e+00 2.879571917081815258e+00 2.807414457785548212e+00 3.020139661090124772e+00
-1.052247435541663556e+00 -1.484281700369302515e+00 -1.912046084889076125e+00 -1.833745927147673482e+00 -2.718150790654858984e+00 -2.868819322515808512e+00 -2.688022744751744408e+00
-7.544935013755601494e-01 -1.107088854248206689e+00 -1.526084462588542801e+00 -1.389861470377744546e+00 -1.827802408291125946e+00 -2.216144592603129126e+00 -1.972559024618521839e+00
-4.267961101274913571e-01 -6.475231412569865119e-01 -9.703796742327852609e-01 -8.991520263200097896e-01 -9.340146056575416855e-01 -1.502796643807644106e+00 -1.128092896361006625e+00
-2.860247860345626822e-02 -8.265353414319129288e-02 -2.703384555050679094e-01 -3.581712269903006840e-01 -2.017146587767557342e-01 -6.988393434731017262e-01 -1.641769583643207242e-01
4.460505025341605645e-01 5.934962184435879085e-01 5.562762887203881457e-01 2.357764401583405112e-01 4.849081572568664233e-01 1.945157708530304563e-01 8.640788727649497680e-01
9.617459692460638143e-01 1.417980498314808102e+00 1.528949793582714767e+00 8.710151708659901182e-01 1.144159687177280338e+00 1.125246377515935592e+00 1.847043885015715148e+00
1.472819230993631656e+00 2.596223466350239040e+00 2.636902401481428182e+00 1.560503793594903099e+00 1.802380245572285711e+00 2.043323472078820480e+00 2.739940570978360856e+00
1.918471022375998425e+00 -2.166061690157972119e+00 -2.573295705168484826e+00 2.322041075944900612e+00 2.446519596710440503e+00 2.898344232732769310e+00 -2.725666068757384597e+00
2.205105097961171268e+00 -1.166179359585589825e+00 -1.693393329868679409e+00 -3.085424982613083955e+00 3.042732541637223509e+00 -2.633516768002269970e+00 -1.978159431785973643e+00
2.278250832359856481e+00 -5.349603900327820627e-01 -1.020364970999787291e+00 -2.012495329005915323e+00 -2.721999920403889828e+00 -2.007727174799882608e+00 -1.302171262603133872e+00
2.352200936092093908e+00 -1.311778488711773660e-01 -5.600166225609652937e-01 -1.038639592450712135e+00 -2.327244965909238683e+00 -1.609186326968387704e+00 -7.493851321711997304e-01
2.520061544201285031e+00 1.407691773446223815e-01 -2.825623241416272413e-01 -4.597907423164352414e-01 -1.924743809236953762e+00 -1.445703276658928393e+00 -3.193267566644223399e-01
2.135121481503667429e+00 4.587168674729241724e-01 2.042084415637234265e-02 8.246065008547570629e-02 -1.296279361175908251e+00 -1.124433424905284307e+00 2.300713798293957668e-01
1.394607118299612702e+00 9.067428868832245747e-01 4.974722771094330365e-01 6.948167035154673155e-01 -1.145657564867872819e-01 -5.060875532507883579e-01 9.414432074238375803e-01
1.708551070781473058e+00 1.472586760217266866e+00 1.098580570472585061e+00 1.349643822560266271e+00 1.462974691913372594e+00 3.966357220093567060e-01 1.721122953077035111e+00
2.208510068280740590e+00 2.156902490205661493e+00 1.773975714197315590e+00 1.985519372616674438e+00 2.397791393585783304e+00 1.593172630753192376e+00 2.481462987870765691e+00
2.744718023629782344e+00 3.076946853428181861e+00 2.525632386859658407e+00 2.566354081399495612e+00 3.031651348978215310e+00 2.782936441332096944e+00 -3.108233824046942040e+00
-2.986809088061471495e+00 -1.786490626358942846e+00 -2.804291277537072524e+00 3.107578315611191133e+00 -2.744874180899091964e+00 -2.593446136447267847e+00 -2.502090231880802040e+00
-2.396701760937625547e+00 -6.913560637256720431e-01 -1.552797478094372519e+00 -2.613257442263777541e+00 -2.301849189172931798e+00 -1.862231485378047058e+00 -2.012188248275478042e+00
-1.727508447857070362e+00 -5.916731557201440964e-03 -5.858078551191695515e-01 -1.954228007384801291e+00 -1.826954689489686645e+00 -1.183262848873400275e+00 -1.581554837889217691e+00
-9.642619172688929874e-01 5.958727844274119834e-01 1.229828003241479062e-01 -1.207426800798182542e+00 -1.281518748132946639e+00 -5.063195237500583978e-01 -1.110641682826355225e+00
-1.396849582351243069e-01 1.190392607634830568e+00 7.718988255658209008e-01 -4.123751864570751602e-01 -6.647525659218206373e-01 1.787030219282950971e-01 -5.692675975993828352e-01
6.747365931474708090e-01 1.770114643549692390e+00 1.404244785873510537e+00 3.934688940905094467e-01 1.188292980514145565e-02 8.716164922106495183e-01 4.845113926549580834e-03
1.411844505369332703e+00 2.305218359189558086e+00 2.023263612695502811e+00 1.172570360801335587e+00 7.227640423609739129e-01 1.542286381385836291e+00 4.452047104918850917e-01
2.036605031763270013e+00 2.756029972744040712e+00 2.611011136201884852e+00 1.907484988885887578e+00 1.463626598766543774e+00 2.148636404720863258e+00 -2.639230150528678043e-01
2.531586585422115565e+00 3.074316135876079326e+00 3.101005563472782889e+00 2.564733174965202256e+00 2.200505737646297533e+00 2.616831305446489786e+00 -5.239722334279507399e-01
2.904654145687092903e+00 -3.037235112290991967e+00 -2.980418608439553196e+00 3.035994439241020526e+00 2.755161951969822720e+00 2.869720402023593575e+00 3.217176609050941688e-02
-3.064964378532717415e+00 -2.894187424268136244e+00 -3.085159410878520081e+00 3.052856412005378051e+00 2.069427536420433977e+00 3.065922817204077333e+00 7.191158729506292868e-01
-2.742530457177974501e+00 -2.643612334553587573e+00 -2.831986987596369243e+00 2.919621562899439304e+00 2.196394963657641863e+00 -2.897210137660390483e+00 1.516493802553261938e+00
-2.396284453323666686e+00 -2.299753744858380244e+00 -2.326937285695477975e+00 -3.050314342251092992e+00 2.835687861584837322e+00 -2.484800969869209286e+00 2.407373013572266185e+00
-2.052280120871625702e+00 -1.937251008056887880e+00 -1.778787148304050492e+00 -2.583528102844018015e+00 -2.805319497711324050e+00 -2.075986912687744823e+00 -2.966538079567477393e+00
-1.732530748138507271e+00 -1.614291018851463200e+00 -1.317997300804990557e+00 -2.082110865637764707e+00 -2.200963317342843339e+00 -1.709756700030098830e+00 -2.140654033296481629e+00
-1.433899135582957118e+00 -1.297569615286338518e+00 -9.711650432964268331e-01 -1.576600823447095845e+00 -1.650797227353069330e+00 -1.383041200607133980e+00 -1.453772628268665823e+00
-1.112899548694689322e+00 -8.920223703418129757e-01 -5.133606015266694023e-01 -1.062343641373528991e+00 -1.112166479635466887e+00 -1.031775260574837594e+00 -8.307964213313537849e-01
-7.200090121932700704e-01 -3.830109791058597390e-01 1.857702375637741710e-01 -5.509991281049085865e-01 -5.535818616369839740e-01 -6.047261318017378429e-01 -2.064904511100974782e-01
-2.497252185052920292e-01 1.918674114449935575e-01 1.085090020890155715e+00 -8.430144906491658652e-02 6.985349106095039944e-03 -1.212250523476563896e-01 3.993861262468922368e-01
2.674059481325516408e-01 8.294196293436397749e-01 2.083345965906040043e+00 3.313587497760339118e-01 5.639594883267796677e-01 4.058588562795032995e-01 9.787702180028873267e-01
7.805294485555760442e-01 2.140864923585142243e+00 3.034223194009772140e+00 7.390014679375663809e-01 1.123050818728845712e+00 9.240380934828507087e-01 1.526831949662747601e+00
1.212675530692010950e+00 -1.594850467745295042e+00 -2.418493050389822763e+00 1.158976444258196237e+00 1.752603683590025607e+00 -1.783898899235934365e+00 2.080288718256601666e+00
1.244671234289326023e+00 -9.764914077840884943e-01 -1.710554628212678008e+00 1.397505000009171994e+00 2.588273961114701205e+00 -1.297752007163882837e+00 2.669781591277335497e+00
1.704275151669838173e-01 -5.549841349702835380e-01 -1.104448980842809958e+00 7.844875560927391245e-01 -2.178499241032902933e+00 -8.696011017418763256e-01 -2.907989966165720475e+00
2.978551949107421937e-01 -4.850900721461959830e-01 -5.796224175733118988e-01 2.061291675435110160e-01 -8.775471978179982813e-01 -3.947040374324224388e-01 -8.597586975048790991e-01
7.673127284168664852e-01 -8.254774719294981633e-01 -1.890493378544783054e-01 3.745322356035604705e-01 -1.117340360980184910e-01 1.579630090830271560e-01 4.158111891740115529e-01
1.329428046908753602e+00 -7.535372694552755490e-01 -3.786480098380337611e-01 8.078989913117976540e-01 5.613162362847367026e-01 7.553202341658895591e-01 1.201031933805349228e+00
1.924873767299576377e+00 -4.072205656727200807e-01 -7.955616595437696725e-01 1.324161264468848520e+00 1.224310941459714197e+00 1.400467329783578130e+00 2.039925829470008445e+00
2.521805500836044711e+00 1.119231122267529306e-02 -4.530944893739490831e-01 1.807900738970662724e+00 1.850434400898202991e+00 2.102900524386825509e+00 -3.141112945798978817e+00
3.104091591206479261e+00 4.372074962270627863e-01 1.339327467843976285e-02 2.241161255668746577e+00 2.433010744432239303e+00 2.908193165957241977e+00 -1.595925372993259872e+00
-2.605736546887016392e+00 8.261760646504821004e-01 3.308024072722838271e-01 2.709068017065153988e+00 3.024028143129754209e+00 -2.394803484001609473e+00 -6.425394271562743231e-01
-2.019653429730408067e+00 1.019839297325848104e+00 -1.549978052007374048e-02 -2.995964601165854280e+00 -2.558683297253135702e+00 -1.371472197280612315e+00 -1.188354453545628353e-01
-1.391326490926252379e+00 7.060961151828286653e-01 -1.535522072727659448e-01 -2.244861186746625492e+00 -1.540462734841900438e+00 -5.115645989402850535e-01 3.325297531953976260e-01
-7.110861950499597350e-01 7.093802130081707791e-01 2.743604640086866331e-01 -1.229475111933206577e+00 -3.434698078960623513e-01 2.188226695005277000e-01 8.694840401974260891e-01
4.486162208989691140e-03 1.131746551838592296e+00 8.423103425684210777e-01 6.699404361237104588e-02 5.964491729349927773e-01 8.831875018207938632e-01 1.457201443277868602e+00
7.303948293177464635e-01 1.635861345399233890e+00 1.414055004804837479e+00 1.074919479078812357e+00 1.324201287872494692e+00 1.504915326240253259e+00 2.041758342569001794e+00
1.444566704803419643e+00 2.061079132906948885e+00 1.905437104821986694e+00 1.702609837915197266e+00 1.906681350413700349e+00 2.056302679647456166e+00 2.537982949193530402e+00
2.146663323976607085e+00 2.261935764874376531e+00 2.213304494545285994e+00 2.165398072967104071e+00 2.359826496190074341e+00 2.497467527386636466e+00 2.758198166622975567e+00
2.875810000907196073e+00 2.262675099989972516e+00 2.282410910597142184e+00 2.584571944657294118e+00 2.687874326405187642e+00 2.809921719781645955e+00 2.608393042096166514e+00
-2.533772868882757212e+00 2.311522817817977860e+00 2.295870733495348759e+00 3.002735667928469354e+00 2.931795840318365265e+00 2.941776055879698148e+00 2.683080851928306476e+00
-1.261164677175532711e+00 2.409244035520193172e+00 2.398398738468216163e+00 -2.823196939641453795e+00 -3.050402246243021587e+00 2.839079787694830159e+00 3.062022456832228290e+00
8.373456124982243953e-02 2.541456725469125821e+00 2.567742314099804357e+00 -2.309557980019812717e+00 -2.642864136783798390e+00 2.787698674117955910e+00 -2.717480716985150480e+00
8.649016101421104219e-01 2.627832775276135902e+00 2.628066482661191916e+00 -1.685459874609674724e+00 -2.113525896654805614e+00 3.004155552805048313e+00 -2.137225965923549520e+00
1.109013224790716734e+00 2.512914086382342926e+00 2.444234122880769799e+00 -9.290205969194827995e-01 -1.494265541830122945e+00 -3.019190588366673200e+00 -1.519129182680951873e+00
1.214703153921586676e+00 2.549104427412834273e+00 2.524463344052197300e+00 -4.130687702237095804e-02 -8.019801479674627531e-01 -2.878169305139888223e+00 -8.901870899950954374e-01
1.626174140913789534e+00 2.876773939954014647e+00 2.898741992112194410e+00 9.180204154357546331e-01 -2.305578801354371543e-02 -2.921886751146214767e+00 -2.624149164451051175e-01
2.194914656016776711e+00 -2.969519652456073189e+00 -2.929301577786184385e+00 1.771934535722964110e+00 8.506134723511439288e-01 -2.944394470642781148e+00 3.806041774703202152e-01
2.821822627021343344e+00 -2.515720676194716177e+00 -2.467969483506475825e+00 2.459835328335427729e+00 1.759458378848720805e+00 -2.827352250939415779e+00 1.213369018623460249e+00
-2.813741712324214550e+00 -2.082232760297844099e+00 -2.009130859224834253e+00 3.063109830950054846e+00 2.557881727416742024e+00 -2.586681779733873032e+00 2.388550285877473645e+00
-2.177788943231253160e+00 -1.699498940083278731e+00 -1.547491942292273048e+00 -2.645627871143644949e+00 -3.051492427886994374e+00 -2.341027349900864252e+00 -2.891759184952932937e+00
-1.590487509077377348e+00 -1.420783348979156147e+00 -1.110652037641032708e+00 -2.086514250111529467e+00 -2.440471474863929124e+00 -2.166627165460986326e+00 -2.135670648280935335e+00
-1.091809582769386333e+00 -1.281558955216864470e+00 -7.641905406000044643e-01 -1.560681678809088035e+00 -1.867337011137296887e+00 -2.005742036979987208e+00 -1.488170611263635923e+00
-6.626001315267119329e-01 -1.166434295396474807e+00 -5.758430936640277498e-01 -1.063381943734322155e+00 -1.275606499348054257e+00 -1.710769212465848899e+00 -8.773262360126733439e-01
-1.779419448701686501e-01 -9.762682937977641418e-01 -5.432301368540369824e-01 -5.831817719309784209e-01 -6.195529392056799978e-01 -1.335957957269183094e+00 -2.735239759313874419e-01
4.717527591917354268e-01 -8.336366644230885914e-01 -6.074813052124814483e-01 -1.516149220981945489e-01 1.602898345892042054e-01 -1.204873133801375396e+00 3.098587461932537646e-01
1.908347922829778831e+00 -9.090688692273540816e-01 -6.396025073738925704e-01 5.558425387394997502e-02 1.634177948485912468e+00 -2.365869441789657301e+00 8.526964819147022645e-01
-2.050898411847680958e+00 -9.636018288345170602e-01 -4.548008987381427226e-01 -7.301587379550684709e-01 -2.679344756464720145e+00 -2.280306827831614758e+00 1.289464378294164382e+00
-1.322699136644608142e+00 -7.353942132352634387e-01 -7.995757880328961675e-02 -8.084010941927517457e-01 -1.828865460737110871e+00 -1.894608325234881319e+00 1.472615015855832876e+00
-8.186572725751771751e-01 -3.301638649788347646e-01 4.144545370699387887e-01 -4.316555187441172281e-01 -1.182489734282049731e+00 -1.473894721319723544e+00 1.309461510891577252e+00
-4.218443764438043475e-01 1.727679242266253468e-01 9.776382777401430024e-01 -3.084485994439205639e-02 -6.245765793494278961e-01 -1.035584679207583569e+00 1.400862943035479313e+00
-3.157814335434662792e-03 9.071122990757074511e-01 1.584607245122891195e+00 2.406157123405371634e-01 -1.417550170371214835e-01 -5.640235976003744600e-01 1.739959053705216308e+00
4.915885862304468223e-01 -2.989415847571595286e+00 2.263865076446682778e+00 4.161712953047096430e-01 3.225693383929349456e-01 -4.957824512598672101e-02 2.064722495713159578e+00
1.010974929489080187e+00 -2.166154657009376816e+00 -3.124217604905697332e+00 6.931733283325381967e-01 8.166014348624700547e-01 3.495003647337444064e-01 2.287829546216820109e+00
1.476292571675148269e+00 -1.647892472303109423e+00 -2.096423791407304282e+00 1.101098315342216916e+00 1.373629737807292139e+00 -2.104525624910166925e+00 2.558283006300269502e+00
1.768817074337617035e+00 -1.150143400720570863e+00 -1.289775999321812527e+00 1.518582941050915514e+00 1.945097334434964909e+00 -1.584344773007201557e+00 2.969790448552521944e+00
1.790748531423301149e+00 -6.729224291468218766e-01 -6.644847362621132403e-01 1.835194020126833081e+00 2.412312578103394944e+00 -1.086145321311990042e+00 -2.945544247776801683e+00
1.853583734175177300e+00 -2.601055347125710293e-01 -1.458028180773081051e-01 2.044928118103932935e+00 2.549031350243965655e+00 -6.290859728712669963e-01 -3.078283396685577600e+00
2.205735899904262887e+00 3.894398518920551971e-02 2.847172743458740718e-01 2.380135882228154642e+00 2.630762687626283736e+00 -2.420777019884910730e-01 2.959051881338746526e+00
2.783698824443543440e+00 2.271321789318118123e-01 6.220449345161075394e-01 2.963393509774227219e+00 -3.075660899175472807e+00 2.103400687649566517e-02 -2.911498423972924243e+00
-2.677018790134740645e+00 4.129796618347671422e-01 8.729334498716322388e-01 -2.557951804968932041e+00 -2.248945456473734783e+00 1.417893368208568983e-01 -2.325761828010138199e+00
-1.422870854423510023e+00 6.751581026323457690e-01 1.099737982801815672e+00 -1.672310929540898217e+00 -1.297765792751050640e+00 1.812987410472469696e-01 -1.704834241393699878e+00
-1.031306610278322627e-01 9.511660015744924923e-01 1.296743248964280282e+00 -7.549937470485909019e-01 -3.456120464313948704e-01 2.610488515988148017e-01 -1.092422111724802969e+00
7.587137967525598992e-01 1.128700855038771378e+00 1.368138590182112369e+00 7.509969731797699888e-02 4.890762195538989054e-01 4.422069363838502243e-01 -4.477510502267474379e-01
1.371597512953995457e+00 1.238413993719149397e+00 1.411362484462990174e+00 7.778391512576208200e-01 1.193614700328141431e+00 7.658711722904189001e-01 5.963540481592322084e-01
1.867483047868361501e+00 1.474104239260905835e+00 1.633653421195270905e+00 1.346188612602072565e+00 1.781234183798621640e+00 1.218971769251220971e+00 2.569224420874370640e+00
2.301770440020753483e+00 1.844164221528836745e+00 1.974362519028232343e+00 1.778482413215777935e+00 2.265124591254438435e+00 1.759223422673065196e+00 -2.724807478795238769e+00
2.682545149666708539e+00 2.248336773333594607e+00 2.323521495887284516e+00 2.123787096709563116e+00 2.646837280899298150e+00 2.328654867882865798e+00 -2.101313253781344148e+00
3.012362869021530720e+00 2.614293588537211388e+00 2.639696287759130566e+00 2.488638334373567407e+00 2.969267910368865060e+00 2.863470706637556873e+00 -1.900450825603084981e+00
-2.948219991271272100e+00 2.936726863973996515e+00 2.957739511397823762e+00 2.905827720693419103e+00 -2.949984539825400098e+00 -2.970335186229424274e+00 -2.156314233258024959e+00
-2.592108288962483797e+00 -3.024214414793911399e+00 -2.955517402779478164e+00 -2.928358708737304639e+00 -2.537137903258943616e+00 -2.694760199699756775e+00 -1.951140979360994843e+00
-2.205875569174469142e+00 -2.704918815650069863e+00 -2.533770908939438460e+00 -2.417262372999292808e+00 -2.078008451307659765e+00 1.890240769012325517e+00 -1.465252374229875754e+00
-1.810023125415406886e+00 -2.468913262604143899e+00 -2.088428987788724545e+00 -1.820431459907897453e+00 -1.580007292336886859e+00 2.030692636298447873e+00 -8.840802891944327113e-01
-1.413234253394826556e+00 -2.373754015188196842e+00 -1.657342107936199627e+00 -1.139271567160349496e+00 -1.052125547742523093e+00 2.605041578489485143e+00 -2.596733870061648797e-01
-1.021227696596968659e+00 -2.222048187704825040e+00 -1.262070967459105963e+00 -3.791286550757500540e-01 -5.184511270178434605e-01 -3.053850317269489523e+00 3.958182658666252740e-01
-6.551748709777159840e-01 -1.886044756508635789e+00 -8.927892893551542253e-01 4.850436480627408065e-01 -2.507433655124443120e-02 -2.451779045476699448e+00 1.085356327287593681e+00
-3.648353026397755938e-01 -1.485433485657511987e+00 -5.761931998850665648e-01 1.557410115742235979e+00 3.116452401830264174e-01 -1.964701995071246987e+00 1.871173075173264033e+00
-2.468196286841563281e-01 -1.162706166789199802e+00 -6.104909174378148062e-01 2.895433111666201320e+00 -1.616845366574824194e-01 -1.702673125747727889e+00 2.933513108061920782e+00
-3.693089153323305118e-01 -1.023294490289811565e+00 -1.257210499571784323e+00 -2.150012343498926448e+00 -4.607416415891131822e-01 -1.619013718730005547e+00 -1.709586323691791865e+00
-5.044971272429309428e-01 -9.964040400765518113e-01 -1.127682375677385940e+00 -1.135630412420113533e+00 -1.362290355585307755e-01 -1.456591532226786168e+00 -4.080812860946310128e-01
-4.434564046570912410e-01 -8.948998603756139758e-01 -7.164111034378740639e-01 -1.708484249135470423e-01 2.653040707169117551e-01 -1.249732978742799538e+00 4.476958623829446204e-01
-2.510350157596606957e-01 -9.293395731737261745e-01 -3.158981433743319189e-01 8.741776215249946747e-01 5.871880816364756228e-01 -9.703955601949847409e-01 1.134036522213698772e+00
-4.263150549829305622e-03 -9.757903114844261871e-01 -5.613686743925801886e-02 2.008629223395601571e+00 7.664086840829817948e-01 -4.823439591280214156e-01 1.789262263746467907e+00
2.500574391718535239e-01 -4.289877140138530498e-01 1.950332959011877032e-01 3.027262578363644874e+00 7.503673024611996478e-01 1.147707412987175046e-01 2.507978002238812731e+00
4.784674738233765101e-01 4.094564066860564844e-01 6.331826104194775429e-01 -2.437620812665172387e+00 8.183468900792966183e-01 7.422678040337746808e-01 -3.002366706533131868e+00
5.532085157440168599e-01 1.317074927325589062e+00 1.228856023550602750e+00 -1.722085884040771564e+00 1.081757688620908153e+00 1.365510650875368270e+00 -2.263216106612109702e+00
3.091392812434456960e-01 2.184439345716674197e+00 2.084572935966818363e+00 -1.035677669641059895e+00 1.404125108843947256e+00 2.001480468821185354e+00 -1.634684309562340232e+00
2.608354406563223593e-01 2.983265493834920346e+00 -1.850256114616709580e+00 -3.495175126182657466e-01 1.385895178957095020e+00 2.660634344142953633e+00 -1.073691655014302304e+00
5.643836010976316375e-01 -2.552025110468752356e+00 -9.100893018720024319e-01 3.397236159112506093e-01 8.779981479986019854e-01 -2.955225981371321087e+00 -5.493472228654455725e-01
9.986315711997396649e-01 -1.836893669605109247e+00 -2.844918841475745364e-01 1.010277880744986589e+00 1.131380297883677999e+00 -2.308785238822825381e+00 -6.100324620667930270e-02
1.468759101195785455e+00 -1.147112761900086264e+00 2.813486197167727743e-01 1.642784061307901666e+00 1.670934080894927121e+00 -1.729465259397096499e+00 3.628959283481859588e-01
1.934709297482630763e+00 -4.729779597396642776e-01 8.028723056145909975e-01 2.215367096112393241e+00 2.250763955698037666e+00 -1.239371858649893854e+00 6.232566462634461235e-01
2.383988094287401882e+00 1.938115541719431234e-01 1.286872258530990409e+00 2.744112044123716121e+00 2.789414305937055527e+00 -7.901180850356284147e-01 7.661007605975364010e-01
2.829029453236048486e+00 8.156362504481159403e-01 1.734673151243808276e+00 -2.973954030158083128e+00 -2.987830417399057747e+00 -2.813259110968016619e-01 9.316000673898700013e-01
-3.000800914573032774e+00 1.294232658704101091e+00 2.124576370692957461e+00 -2.318602805451034143e+00 -2.491771741517458061e+00 3.803323015230996584e-01 1.069983363670771626e+00
-2.532068014709440096e+00 1.651423153759604467e+00 2.421483586375667851e+00 -1.465893431822393955e+00 -1.831124606372713792e+00 1.246701003189609080e+00 9.391897062306878707e-01
-1.925967401012607993e+00 2.045402861146615514e+00 2.573803896455669538e+00 -2.530930397799078246e-01 -3.795690312248020115e-01 2.319847415466115059e+00 7.979358766941980763e-01
-1.607926005990544527e-01 2.526393451651291144e+00 2.680302976884648913e+00 8.438127440675483593e-01 7.668326170630788141e-01 -2.900474262944644721e+00 1.030013835742517703e+00
8.833065034933862414e-01 3.037782466979798812e+00 2.943604741617377840e+00 1.537817394248608416e+00 1.346979982942419385e+00 -2.008375175889740571e+00 1.477316813401306383e+00
1.649422799634214787e+00 -2.804834337342086759e+00 -3.020470305677657841e+00 2.087161742661894692e+00 1.900235809847629298e+00 -9.871403959502331737e-01 2.005218046195213599e+00
2.418210839632612963e+00 -2.538493235460770769e+00 -2.864883183691229185e+00 2.602011339563657710e+00 2.470937747077144753e+00 2.165152955475602603e+00 2.548553579123596702e+00
-3.117851922150126409e+00 -2.402849029249049639e+00 -3.042975726702938921e+00 3.098595474277760609e+00 3.033369547885838458e+00 2.826148403844237933e+00 3.057851339932258217e+00
-2.427218901702218545e+00 -2.151753888478390220e+00 -3.054520685656469059e+00 -2.714108105348214561e+00 -2.733913586858203182e+00 -2.903722165878195760e+00 -2.831412864644576644e+00
-1.792981163307310721e+00 -1.725285415237955977e+00 -2.761948979776877700e+00 -2.243747611175451073e+00 -2.235440787538634844e+00 -2.337811882296722210e+00 -2.604908148838793736e+00
-1.197061675696098115e+00 -1.197905083477585952e+00 -2.403518346190949728e+00 -1.756672782601466976e+00 -1.723048094547492193e+00 -1.755846745156732558e+00 -2.409160608310275009e+00
-6.292193785816507789e-01 -6.305542826425264424e-01 -2.189495179337704212e+00 -1.248516957116492021e+00 -1.159742208852867051e+00 -1.164149333579291845e+00 -2.070955514582554891e+00
-1.012018006547981269e-01 -3.527703698261539650e-02 -2.220133047438245910e+00 -7.492941156580894546e-01 -5.584976748546023329e-01 -5.824684663069649160e-01 -1.694877414278259886e+00
3.423570930843655713e-01 1.989757599910370933e+00 -2.170423368158943322e+00 -3.147442866166289543e-01 1.964243693279215178e-02 -4.601712166107928270e-02 -1.436424055730241012e+00
6.114269109770288368e-01 -2.281400407789685669e+00 -1.879503708004769402e+00 2.411370338263226984e-02 5.196662378453457132e-01 3.867389951231283152e-01 -1.241001542484115427e+00
6.601798852510649684e-01 -1.679785107387337106e+00 -1.464206715365706568e+00 2.888147781520586377e-01 8.993457807749750677e-01 4.315432146302456418e-01 -8.810205350875172092e-01
7.390534973891018655e-01 -1.112863864007625603e+00 -1.000076226104248178e+00 4.971173555437186642e-01 1.214630245751252557e+00 -3.173320624710278537e-01 -3.806395241586629785e-01
9.197461095658324703e-01 -5.639333992866238932e-01 -5.135814601902808363e-01 6.073296688311385916e-01 1.327656384874661644e+00 -5.425166961055032377e-01 1.582477743323402464e-01
1.113710537165688352e+00 -1.318736899010421008e-02 2.596731025687315682e-03 8.053303550555231949e-01 1.056954280251034328e+00 -2.105831696326011804e-01 7.461650331643262524e-01
1.401744748836889043e+00 5.664954417656129504e-01 5.607916135461625817e-01 1.216443895434261346e+00 1.264319035166631355e+00 3.640510767107113521e-01 1.423480848342641991e+00
1.842063659213391436e+00 1.177526450344791087e+00 1.125007564076727418e+00 1.750576404928068097e+00 1.827056486667510526e+00 1.076229400067601150e+00 2.214248551692422851e+00
2.376093655174149610e+00 1.781378652406765850e+00 1.557787381051624731e+00 2.301389335974451278e+00 2.478018742154465937e+00 1.861932289710481081e+00 3.119220870180569705e+00
2.943478297870804727e+00 2.280212382223676393e+00 1.574433828663595492e+00 2.788892641446259812e+00 3.118993482399211370e+00 2.699613013105684800e+00 -2.110735317174324610e+00
-2.759997160940525607e+00 2.659311612098778088e+00 1.713751350761281600e+00 -3.078082354670219178e+00 -2.548315101067909705e+00 -2.705211832341676281e+00 -7.974446634606939810e-01
-2.151572799928662239e+00 -2.086150561476981746e+00 2.321897755231200122e+00 -2.640966181107781363e+00 -1.937727578966199626e+00 -1.832595802192739320e+00 5.152345584657834765e-01
-1.474868162240571490e+00 -7.429022826675857338e-01 3.125915423215583466e+00 -2.024993216604447976e+00 -1.219038630769892384e+00 -9.915020203502501461e-01 1.476254565730667823e+00
-7.191766673930060083e-01 -7.063934622042014264e-03 -2.228711770546590198e+00 -1.048565221641612810e+00 -1.402429786036968606e-01 -1.873156346745580569e-01 2.242002745744836378e+00
6.754506000809189226e-02 4.790275006234424593e-01 -7.716707696372223646e-01 2.884470421918675642e-01 1.203739692814567608e+00 5.626635900005535484e-01 2.934890691781878225e+00
7.970912361457185291e-01 2.445552406096194731e-01 1.928942964231550095e+00 1.380849623516611446e+00 2.151688743205045995e+00 1.240443830615909127e+00 -2.701775590318505671e+00
1.373172474238983476e+00 1.691168983425635208e-01 2.219704967578829180e+00 2.227908638245127193e+00 2.884859456673344535e+00 1.823342396118148967e+00 -2.098591728005176460e+00
1.772615918332377083e+00 6.984567583826147841e-01 2.414987566259557017e+00 2.936958324631415707e+00 -2.771456498006135138e+00 2.363592626593833401e+00 -1.575880510793668199e+00
2.134721032995477774e+00 1.458976915081102055e+00 3.083948361267810245e+00 -2.769617061842056138e+00 -2.237556351078801242e+00 2.951596275261537894e+00 -1.180682324883780554e+00
2.584380092248227179e+00 2.715897499264123827e+00 -2.439273914574219937e+00 -2.361410487709701300e+00 -1.822351064499114992e+00 -2.693045474417730123e+00 -9.257231120576632222e-01
3.109582586927773562e+00 -1.805856127020901036e+00 -1.714435046539317442e+00 -2.092675803820721381e+00 -1.490279349011070620e+00 -2.036401122785997941e+00 -7.479823429835584792e-01
-2.615683035795037359e+00 -9.346734098015919701e-01 -1.068334771480265122e+00 -1.872261841156689144e+00 -1.232900481621490574e+00 -1.417849895980346053e+00 -6.151265574360709198e-01
-2.034789767597234622e+00 -3.665902907414022027e-01 -5.199008459551057726e-01 -1.546382477210136219e+00 -1.028922463328313830e+00 -8.651064510249976136e-01 -5.389215453471224437e-01
-1.424779475454439837e+00 1.154640893253678080e-01 -4.932948311023869353e-02 -1.112380125174778911e+00 -7.472564485549267888e-01 -3.626043670520789908e-01 -3.491494483501170754e-01
-7.779777655396663549e-01 5.722012863535620442e-01 3.980747997130148486e-01 -6.375422305868615469e-01 -3.541253976172966667e-01 1.199995334804729169e-01 -1.745880112271112547e-02
-1.087328281627061993e-01 1.005148364885928070e+00 8.426123495208950320e-01 -1.401449919226245844e-01 1.245808846697232380e-01 6.133466749832326981e-01 4.259096137315264707e-01
5.445907387588383441e-01 1.397180681784077949e+00 1.244908640796522858e+00 3.659220430633627341e-01 6.331362380787307620e-01 1.091820221023598991e+00 9.217084905271070161e-01
1.144794601069060169e+00 1.737525361778237132e+00 1.526382795503014700e+00 8.679424854028094938e-01 1.144388913439038591e+00 1.517505219032758257e+00 1.435016124645247970e+00
1.656094174834077171e+00 2.054735870471617876e+00 1.712959248803120227e+00 1.330071669971871540e+00 1.591011806735777911e+00 1.822923495529834570e+00 1.917339072450920279e+00
2.076059027300551918e+00 2.407788974125952830e+00 1.990656671537745170e+00 1.732307187689721140e+00 1.932686419623264928e+00 2.032239598478158271e+00 2.357811482496915634e+00
2.467509664880840337e+00 2.820087160142580096e+00 2.397764205750627653e+00 2.097620891752458583e+00 2.284084456756574788e+00 2.346546061162982255e+00 2.837722848308328771e+00
2.922227295593724961e+00 -2.999283855171066104e+00 2.860535495000497974e+00 2.540317055602581586e+00 2.814589803342859131e+00 2.835150082041695274e+00 -2.827970057059697062e+00
-2.792727983224653432e+00 -2.477949319253050398e+00 -2.988753874087989093e+00 -3.129468558949152435e+00 -2.734703740943814854e+00 -2.828489418548127077e+00 -2.003925618720941770e+00
-2.095130250747155198e+00 -1.780610101098778264e+00 -2.906361561104486846e+00 -2.338680752709489941e+00 -1.859339098334763074e+00 -2.113664293016072282e+00 -1.029847577741821896e+00
-1.162413377496976485e+00 1.554616225852027744e+00 2.258285736073436301e+00 -1.306253265919052886e+00 -8.924207218697796096e-01 -1.236370767224013845e+00 -4.365883154968917129e-02
5.311920389521992414e-01 2.243302913403643295e+00 2.475576128674209286e+00 -3.964688146539867286e-02 8.666025078927692971e-02 2.240520306307309806e-01 8.696184954843662052e-01
2.001340504071515092e+00 2.852032371070873484e+00 2.950583925634319371e+00 1.071813435057920483e+00 9.974625796717053738e-01 1.933006226722698839e+00 1.705905605555382065e+00
2.827858172876650755e+00 -2.852155746167347239e+00 -2.824633204666088471e+00 1.929145406848150168e+00 1.823758584145118267e+00 2.881541915174507640e+00 2.500276647696456411e+00
-2.809136857470536874e+00 -2.297213031115231452e+00 -2.321156115178746759e+00 2.639356142844479169e+00 2.573301989408880441e+00 -2.673703986878259276e+00 -2.998776891461946370e+00
-2.254273633417742673e+00 -1.772669853901081227e+00 -1.848225607976240248e+00 -3.053239956181792003e+00 -3.042475767003391063e+00 -2.044025672215160849e+00 -2.205730629417433253e+00
-1.791503093783822997e+00 -1.351980209356764107e+00 -1.516390278483990661e+00 -2.621395532355355495e+00 -2.492795211418624035e+00 -1.533273694468723747e+00 -1.327062400007847254e+00
-1.495958887967721251e+00 -1.443953962619230591e+00 -1.660450850961956881e+00 -2.430431336430026956e+00 -2.189363528223533972e+00 -1.431178359235817155e+00 1.305123905673650553e+00
-1.490627097672341028e+00 -1.975028109368821783e+00 -1.867541597767115480e+00 -2.315743518709163506e+00 -2.162422717873639932e+00 -1.975970563197271934e+00 2.846161978534526682e+00
-1.572842345494526839e+00 -1.707306082644776790e+00 -1.566505354670487904e+00 -2.049289486371267621e+00 -2.065220600465540457e+00 -1.850015086724723812e+00 -2.685113893631781767e+00
-1.451183163429803802e+00 -1.223100789880473549e+00 -1.096707653910806490e+00 -1.706705705013087826e+00 -1.857898272588735633e+00 -1.482451694664054465e+00 -2.058620668735632542e+00
-1.259292220520566108e+00 -6.873223130228123257e-01 -5.915284200173249740e-01 -1.431499081381969907e+00 -1.742446466076963185e+00 -1.136485034798182525e+00 -1.537341555154611461e+00
-1.085944541786909801e+00 -1.013347400686107486e-01 -8.056068478043160175e-02 -1.238623754449985848e+00 -1.601979208059777893e+00 -8.734290980519912040e-01 -1.061516416208279079e+00
-8.649908109271895462e-01 6.552053443729314308e-01 4.671470805481045541e-01 -9.868388503080863794e-01 -1.262223477671035043e+00 -6.265990421037669345e-01 -5.560248760821506764e-01
-5.822868711028136302e-01 2.119792598238464443e+00 -2.855280293775711797e+00 -6.176436794757105275e-01 -8.028512622347027117e-01 -3.395630790475690497e-01 -1.772579555457815328e-02
-3.308626546484658149e-01 -2.602541593777032869e+00 -1.815406551871253882e+00 -1.432419588283283807e-01 -3.131107042028816179e-01 -2.813273555785779714e-02 5.226450255243513254e-01
-2.126239449068705045e-01 -1.783839725592513803e+00 -1.236576015497143244e+00 4.164477942933261789e-01 1.369229321471226446e-01 2.628269004583588253e-01 9.390804921641051628e-01
-1.943987057300488042e-01 -1.193040821380023875e+00 -6.922171681050556247e-01 1.781021513064908746e+00 5.001463886879410348e-01 5.714919029763060321e-01 -2.931663546166152212e-01
-1.519315920403447040e-01 -7.879043692165649260e-01 -1.902509059269031910e-01 -1.831445709506123620e+00 6.035583757894312784e-01 8.965261002117713707e-01 -5.469488610927748518e-01
-3.245518209307507451e-02 -6.231638542142440285e-01 2.388967713406163762e-01 -1.230772252343106388e+00 2.028939321563068277e-01 1.159667041156966949e+00 -7.496266108402932504e-02
2.006171090892163722e-01 -5.224815127047276464e-01 5.635672957330446486e-01 -7.156844533949527909e-01 5.118599679192074176e-02 1.257523270056942089e+00 4.905882904619330853e-01
5.449746464675668811e-01 -2.398566626148030956e-01 7.357138914192229429e-01 -2.921629781743962373e-01 3.119252067939157214e-01 1.414233232041947952e+00 1.101088069584679419e+00
9.413087562245597839e-01 2.084072688609971968e-01 8.668644173199823166e-01 -9.218389556770546778e-03 5.833282724478621173e-01 1.808703690288202326e+00 1.652500436397887018e+00
1.342351839642553113e+00 7.851119912844838344e-01 1.241118359856123954e+00 2.158101432828845034e-01 7.245070986186350481e-01 2.408644710998925298e+00 1.898208794871986127e+00
1.744291362387795807e+00 1.525159897653454166e+00 1.909426237502840351e+00 5.308154012235295482e-01 8.499799710694623256e-01 -2.887441967005527577e+00 1.705066775455164496e+00
2.186302858636151036e+00 2.814980065062298920e+00 2.922408554051005858e+00 9.752848031212374424e-01 1.200420647712855393e+00 -1.705440308297782703e+00 1.964086348264289406e+00
2.728262784965629351e+00 -1.419406127032104337e+00 -1.939588431999472284e+00 1.471751024406852792e+00 1.708203697064721194e+00 -9.749203340426765285e-01 2.567478552044124118e+00
-2.758926220085008207e+00 -3.773185760979923531e-01 -7.030069457885641526e-01 1.480353815828018504e+00 -8.486480581308766258e-01 -4.332146109944727819e-01 -2.957358629080772960e+00
-7.865973001153458988e-01 4.719779889975135312e-01 2.475523831120047535e-01 -2.221653524060585860e-01 -2.452490799613300798e-01 7.890681342402852683e-02 -1.528166575290323737e+00
5.523160746567788992e-01 1.352689322109452918e+00 1.097324027811994673e+00 2.901055183744840060e-01 3.666547233218973578e-01 6.164048996180961915e-01 1.295970084331368843e+00
1.282875485291175677e+00 2.461501607789843060e+00 1.939298504791083566e+00 8.251771522628771338e-01 9.495652802182988905e-01 1.166962076214461463e+00 2.158274411661442738e+00
1.891956178044900350e+00 -2.290748379178625171e+00 2.927922962537975238e+00 1.341961924310144827e+00 1.497070431814445435e+00 1.722653946394751889e+00 2.869691657530621054e+00
2.436319203741271977e+00 -1.153476101039461632e+00 -1.640237897502958120e+00 1.820552381717255752e+00 1.992094658506321281e+00 2.269208851452581222e+00 -2.814435888365283134e+00
2.923106985282521553e+00 -4.752079878116300393e-01 -3.822733811600255716e-01 2.269649859623709354e+00 2.426238387443338418e+00 2.786579797482247933e+00 -2.393132215974434374e+00
-2.958152010838765111e+00 -3.054563511214136370e-02 1.907844850477515009e-01 2.727064206657270784e+00 2.802107656858276119e+00 -3.117890491497842476e+00 -2.094423970684776481e+00
-2.749574681109689056e+00 2.823497411412737579e-01 6.518370221880492865e-01 -3.081702950290749587e+00 3.073520825585462468e+00 1.581881618161141256e+00 -2.717464191526809181e+00
-2.757447489247550010e+00 5.114886420699461533e-01 1.169004943461846358e+00 -2.568778133927068552e+00 -3.083690132622480373e+00 1.869247430294624257e+00 2.875697050999809434e+00
-2.556475709722028533e+00 6.112316852216326257e-01 1.710864940876542839e+00 -1.977128981376684136e+00 -2.994819924410004663e+00 2.513038743995735569e+00 -2.840152759911588554e+00
-2.071870790201274737e+00 6.416669833356022368e-01 2.007927420581464339e+00 -1.284349863032922201e+00 -2.676855686964654701e+00 -2.998808642731024765e+00 -2.097868937186381899e+00
-1.448588077883277592e+00 8.040986584125316972e-01 -3.137422922515800683e-02 -5.792642085562503818e-01 -2.142346071811574326e+00 -2.071584490982157245e+00 -1.303825697307976261e+00
-7.527245644349445097e-01 1.094963077217770087e+00 4.190101876340961984e-01 6.088905710712793490e-02 -1.413505956184365031e+00 -9.743113800236820055e-01 -4.876957173969469483e-01
-7.244292335441352045e-03 1.432766357641501953e+00 9.068693945658313771e-01 6.165704202034459902e-01 -4.333061255776249898e-01 6.746614628306102368e-02 3.244351068835069629e-01
7.672038253167849930e-01 1.776558948042615160e+00 1.375962223697497544e+00 1.074236644338103064e+00 7.655656535650529060e-01 9.070374722665921485e-01 1.060855955017097729e+00
1.537319444450942374e+00 2.115381765960483218e+00 1.804984438478891118e+00 1.459984904784013215e+00 1.707353704623432167e+00 1.604320362848094206e+00 1.629873429017524522e+00
2.264779141030353493e+00 2.441355222891006704e+00 2.173177277118869544e+00 1.803779157851618908e+00 2.258871163855145525e+00 2.208369892070351170e+00 1.029132467748857943e-01
2.925519581726873319e+00 2.721895654260433339e+00 2.459516827360674895e+00 2.129333874510117575e+00 2.570251022429647314e+00 2.728070924464010005e+00 -2.470800996176627379e-02
-2.777915074321139155e+00 2.886622865978157204e+00 2.658836638796882923e+00 2.439474647933041584e+00 2.879380592198595767e+00 3.117541905032467309e+00 2.795883580457539930e-01
-2.328524801363761831e+00 2.890452052564896679e+00 2.802278227602858607e+00 2.652711785542708256e+00 3.089005213513020820e+00 -3.132346835081434744e+00 6.485790646372043833e-01
-2.812730561983982192e+00 2.883627978168981532e+00 2.938933173642715779e+00 2.636793226915322474e+00 2.064696675373963064e+00 2.742348547390800917e+00 1.081104434678082260e+00
2.367472580590216147e+00 3.024049777893945468e+00 3.121872038318250553e+00 2.553242961962236990e+00 1.942594054946235493e+00 2.605961599373367577e+00 1.543134368641283949e+00
2.697373885976214414e+00 -3.037725755250547000e+00 -2.963310668494978373e+00 2.687302673962335131e+00 2.341769949036657472e+00 2.693022370940453492e+00 1.885721030340558491e+00
3.099239056834340644e+00 -2.851470264358256568e+00 -2.865941940740410754e+00 2.949019052213503134e+00 2.744670877215517280e+00 2.816993330515179306e+00 1.985384273352737150e+00
-2.778379382875622916e+00 -2.741819345430144939e+00 -2.917287182476417939e+00 -3.022390378413494005e+00 3.132866674923057815e+00 3.015334573239028426e+00 2.092454873409628213e+00
-2.377707915592587984e+00 -2.640546990214568623e+00 -2.910564938907359789e+00 -2.708045390859564971e+00 -2.797041643369953867e+00 -3.023140248900915150e+00 2.383149255364684027e+00
-1.991600459743813722e+00 -2.505885776468436799e+00 -2.774687039511268605e+00 -2.417570486272021313e+00 -2.481807285940501817e+00 -2.766952914678176612e+00 2.785785683645299216e+00
-1.643378303573812538e+00 -2.335032033955017017e+00 -2.560225627551542704e+00 -2.150253061887981154e+00 -2.182525999520717797e+00 -2.492499417288255970e+00 -3.026277051251631267e+00
-1.338798229047140964e+00 -2.111373284617790613e+00 -2.286815610821609113e+00 -1.858292254245138553e+00 -1.806756916977518390e+00 -2.133861677886526920e+00 -2.497393096340750240e+00
-1.047768170248643660e+00 -1.847152099111527557e+00 -1.970157948778914925e+00 -1.524768429318026808e+00 -1.343050856641238466e+00 -1.695149731063863019e+00 -1.946878776998514082e+00
-7.387360216773192212e-01 -1.570985323770578868e+00 -1.633256790679712411e+00 -1.170243393378204155e+00 -8.232270058554164160e-01 -1.214806136351738175e+00 -1.403601994405020870e+00
-4.037079952910842540e-01 -1.278802706688074720e+00 -1.283376869774718321e+00 -8.134751084485687400e-01 -2.593928542866623665e-01 -7.420177710514721525e-01 -8.928034904935482352e-01
-5.379615680449334469e-02 -9.629455123630683566e-01 -9.451150646982593440e-01 -4.835920015666573257e-01 3.482763987032229114e-01 -3.424833766574487681e-01 -4.491469788240636807e-01
2.747299243324713425e-01 -6.652026158088079066e-01 -6.997550343311791377e-01 -2.816180786209829812e-01 1.038536731483855169e+00 -9.603152557150933244e-02 -1.590163645651966606e-01
4.832366320763144540e-01 -4.570993454462894956e-01 -6.036286808736951448e-01 -4.844928843002922481e-01 1.903096495576897862e+00 -1.786008940979457449e-01 -2.219772315539193241e-01
3.874596050294017990e-01 -3.277443146738189816e-01 -4.829994362021073906e-01 -7.784426255710994447e-01 -3.084982995068385581e+00 -6.147217415698721377e-01 -3.143189432635567493e-01
4.852595693390196474e-02 -1.096101019304670382e-01 -1.814574293511027336e-01 -6.435601346956877356e-01 -1.812982134870180229e+00 -8.755836544339344885e-01 -5.603885032924101756e-02
3.887672107917772291e-02 2.823002412008766004e-01 2.552031160058010339e-01 -2.968789653245798021e-01 -9.683214653965709351e-01 -7.566364233018648688e-01 4.169338079569671618e-01
3.214173804972448867e-01 8.128610672028658835e-01 7.773215034817577695e-01 1.260612440811436086e-01 -2.559061021404436809e-01 -5.219257584641664449e-01 1.020595091503594398e+00
7.439263251043494174e-01 1.468868650493726502e+00 1.366278744025792413e+00 5.931322367282314545e-01 4.829363180560466429e-01 -3.697909692503329460e-01 1.783261122637184837e+00
1.236679559208368140e+00 2.563328291074668197e+00 2.198917825512441304e+00 1.098596387085691406e+00 1.392945447294474892e+00 -4.773866462117929421e-01 2.792303851560210770e+00
1.787384755139274528e+00 -1.506048212947560971e+00 -1.638125448864827138e+00 1.692519251490846477e+00 3.126397013566258654e+00 -4.939711215161597391e-01 -2.275102293001812992e+00
2.497312510150985876e+00 -6.755400610573536468e-01 -9.112143098623006754e-01 -1.202496974346956238e+00 -1.665854056258781357e+00 -2.553721542314766890e-01 -1.247404716333890828e+00
-8.744334001111153665e-01 -1.613416642255852129e-01 -5.330695439072247188e-01 -4.848311470956134239e-01 -8.182919894875481104e-01 1.489631186527138051e-01 -4.818578020819378471e-01
-8.956953343947772483e-02 9.079530516524993156e-02 -2.369790652603730452e-01 1.019501831528960845e-01 -1.068807212740274792e-01 6.255251943334727560e-01 1.496664181531366655e-01
3.697076026006650973e-01 -4.262830073727066349e-01 -6.948317959221254891e-02 6.875284474141650781e-01 5.887650687293445317e-01 1.131404916748604883e+00 7.439132348352879287e-01
6.906839550192953592e-01 -6.366085874189340021e-01 -1.201523706886994947e-01 1.288000451111164013e+00 1.311148937989815355e+00 1.573180322247274221e+00 1.322237308382073984e+00
8.930123031483868656e-01 -2.636504269519769905e-01 -4.842713013118748328e-02 1.934977333479675821e+00 2.150632918648731629e+00 1.806194116843060415e+00 1.855095150167263229e+00
8.795977966541356219e-01 2.791164241616876374e-01 3.492641417632751377e-01 -3.084826463248624862e+00 -2.937902521181757987e+00 1.745528903898531770e+00 1.951147904048334381e+00
6.771077559574144589e-01 9.194695295491611686e-01 9.239029002233899446e-01 -1.823172470605134987e-01 -1.346069796625631643e+00 1.556727839298087890e+00 1.000555409273036878e+00
7.651061824533462730e-01 1.675570065184362800e+00 1.608601212981827455e+00 4.826664154464997969e-01 -2.332953067127931934e-01 -8.927694759819048143e-01 1.408953823970453989e+00
1.074651271470814073e+00 2.675925533720440619e+00 2.418133851718625493e+00 1.110202943448767243e+00 5.703797427948242849e-01 -6.628546673210207185e-01 2.067538634732043690e+00
1.323623109978923296e+00 -2.162595316686241720e+00 -2.852322987357618356e+00 1.733016454392757311e+00 1.209053257042240093e+00 -2.985414449541812232e-01 2.799136131884745637e+00
1.039434009466932762e+00 -9.292014334048817048e-01 -1.697223232600721277e+00 2.358755168817435077e+00 1.540307026860852524e+00 1.739544978710400314e-01 -2.719920906189384979e+00
6.093449689094576627e-01 -1.182027049178127343e-01 -7.446700780601499536e-01 2.984824175686200842e+00 1.681342298852183670e-01 6.805212715955385461e-01 -1.930483113639384074e+00
7.266967381332740672e-01 4.750396014572737524e-01 -4.395021871618570719e-02 -2.685947400177657318e+00 2.822774664040417214e-01 1.183879144672183692e+00 -1.147299055612920338e+00
8.537754770102858881e-01 8.653145843338103660e-01 5.083279727168065198e-01 -2.003891345514013711e+00 5.320808885124638232e-01 1.628955780500518813e+00 -4.102459353410017884e-01
7.937615382531970631e-01 9.222779600990739235e-01 9.590415620881634906e-01 -7.319385992388339757e-01 7.409833984367018012e-01 1.968403315418538746e+00 2.791999906452840019e-01
8.429480304188178286e-01 7.870131724355873271e-01 1.324028265895493384e+00 3.918479240184531420e-01 1.015609862101433114e+00 2.189699835658747151e+00 9.404127782527063051e-01
1.160088110976404741e+00 9.705993457161986582e-01 1.650185181923168987e+00 1.004376764302256309e+00 1.412303102740420924e+00 2.409570261103417987e+00 1.616117493524796611e+00
1.614894984034867420e+00 1.372745316262491855e+00 2.033659586768262084e+00 1.601331529771686135e+00 1.884845699289231957e+00 2.768863132197763921e+00 2.301605406823405087e+00
2.120764865915039543e+00 1.835224159004220867e+00 2.513022038026724747e+00 2.239206756753206129e+00 2.404470640865948194e+00 -3.062927685494558627e+00 2.983730661729156353e+00
2.626839214189548688e+00 2.267079057317491486e+00 3.066722506165250994e+00 2.898387245430511072e+00 2.956756738017510155e+00 -2.586629217818463555e+00 -2.626962917220962535e+00
3.087474416182803605e+00 2.589341822731915599e+00 -2.569589781151329078e+00 -2.737498480970306680e+00 -2.774642458334809714e+00 -2.211659825262481505e+00 -2.011332048577779030e+00
-2.819760134680370456e+00 2.754130882163367655e+00 -1.527394281590343628e+00 -2.112446010589057455e+00 -2.230707057394465842e+00 -2.061084123653389000e+00 -1.509685705821223412e+00
-2.523658093408799097e+00 2.790496517719279534e+00 1.895588640839772354e-01 -1.524155996701703319e+00 -1.704235783008354321e+00 -2.028808498974265184e+00 -1.141990055299916040e+00
-2.163100839087912064e+00 2.543344234992080732e+00 9.949636284817501286e-01 -9.790334072868778215e-01 -1.176334830237491635e+00 -1.679779487268387994e+00 -7.422990810469635159e-01
-1.543010439388015964e+00 1.961272395713072880e+00 1.523997452206571568e+00 -4.922104871090551836e-01 -6.440437589584371292e-01 -1.085976765034470937e+00 -1.898163163366679562e-01
-5.915690966865507772e-01 1.916109785312243297e+00 1.934148251673321717e+00 -7.194378934492200173e-02 -1.337353469738745415e-01 -4.038291400932175756e-01 4.098706660685484948e-01
4.225486963631208681e-01 2.181197690800922739e+00 2.157075472304864849e+00 3.721329671163857156e-01 4.006909429303979198e-01 2.935277010494085070e-01 8.915223110043674071e-01
1.228165008518299128e+00 2.542353260464288667e+00 2.189369087619432275e+00 8.630053702023476880e-01 9.388897099230039123e-01 9.488156232357033426e-01 8.160624774356233652e-03
1.861628466407656335e+00 2.922060757505847040e+00 2.319036114686098937e+00 1.348643321105593929e+00 1.454093544274792205e+00 1.557798317218100248e+00 -1.122353476968178665e-01
2.382730697789380514e+00 -2.996512822452685576e+00 2.629596807111296286e+00 1.708932551319663151e+00 1.858074400134628767e+00 2.114058815108571743e+00 3.629842402724920425e-01
2.832919834536408388e+00 -2.637447188207451720e+00 3.035616459818773816e+00 1.952962593762548105e+00 2.119109687785963203e+00 2.624093909307226635e+00 9.307032134876532803e-01
-3.032375427567173709e+00 -2.248662999973503496e+00 -2.800940110918475501e+00 2.291173535505519610e+00 2.372517635999144225e+00 3.109880997701891747e+00 1.522487855641547538e+00
-2.638507976156216461e+00 -1.822338233395802254e+00 -2.340446627700978333e+00 2.765454739286339780e+00 2.713287907957874445e+00 -2.717349519190084273e+00 2.133152292587776166e+00
-2.312706116668352241e+00 -1.405605445868528092e+00 -1.923446611239269632e+00 -2.966269589771393544e+00 -3.136170439143293187e+00 -2.283445142233791803e+00 2.764705840026587147e+00
-2.157314002197502578e+00 -1.031495861031758832e+00 -1.620047400889543576e+00 -2.396812594551761766e+00 -2.645754791381402349e+00 -1.898179433100920299e+00 -2.860620276147399110e+00
-2.144587593862645303e+00 -5.810871856418651227e-01 -1.428607497762337752e+00 -1.809779912781855682e+00 -2.085227801881623488e+00 -1.566996950119303511e+00 -2.126462406362418456e+00
-2.005023762781430907e+00 1.904341808310717199e-01 -1.228026032292647951e+00 -1.210751499151726973e+00 -1.471026548549067448e+00 -1.309156840447947445e+00 -1.299448379996058556e+00
-1.692923900861710740e+00 1.608302116519280345e+00 -9.444230690448193188e-01 -5.703791622624621027e-01 -7.881081329825555537e-01 -1.108904266708038433e+00 -3.892068360920080683e-01
-1.284325464369594272e+00 2.867100620003348865e+00 -5.000457253499790422e-01 5.080599401006470339e-01 4.564627343638115453e-02 1.129946843026838010e+00 5.179545012128663473e-01
-8.086502471683166826e-01 -2.722549696106948858e+00 1.229036024555385520e+00 2.213596680208595568e+00 1.046562069387826588e+00 2.621830952020423933e+00 1.330323869380159785e+00
-2.660953999764193445e-01 -2.371269753360700783e+00 2.856095259415727838e+00 2.838580683625123058e+00 2.023122321227577736e+00 3.103119573503703155e+00 2.092010367399490089e+00
3.526439312597120512e-01 -2.246040406625893660e+00 -2.784017543986445187e+00 -3.010054869172393843e+00 2.853134570015534610e+00 -2.604226165362890644e+00 2.827680918398610022e+00
1.135942939885676184e+00 -1.976057758518540153e+00 -2.204934035665942371e+00 -2.559844746229035906e+00 -2.701955361572335956e+00 -1.991621300330664646e+00 -2.769848662266506167e+00
-2.882662403888173852e+00 -1.510265639029634732e+00 -1.677556100682539908e+00 -2.042460768427964979e+00 -2.026858462395052296e+00 -1.348172747001149530e+00 -2.196552217878908309e+00
-1.422684314048164422e+00 -9.754347379231549375e-01 -1.263432056374683699e+00 -1.544616351006182331e+00 -1.465782189106482392e+00 -6.990020156579895838e-01 -2.091019289217356469e+00
-7.084315661517714968e-01 -4.344507191222036213e-01 -1.077243756542372033e+00 -1.053692167827564585e+00 -1.249388351225886984e+00 -8.499617010329296729e-02 -2.222445152174170158e+00
-9.536413742638918944e-02 1.518368337989042527e-01 -1.116362998054432509e+00 -4.022198038290936695e-01 -1.809129472596514132e+00 4.657987886527732990e-01 -1.699491643674839070e+00
4.716498778895113486e-01 1.013839266788231885e+00 -1.231211843205815892e+00 5.571373258981058285e-01 -1.972221001909217675e+00 -1.979926921206199619e+00 -8.032214393371540639e-01
1.229849708210981829e+00 2.402740195201835682e+00 -1.866127285315026585e+00 1.705613892988135927e+00 -2.070311663526248402e+00 -1.644188255441178192e+00 9.660948307748344899e-01
3.073559563498132086e+00 -2.776481984357756172e+00 -2.021161122460231496e+00 2.670214481944491069e+00 -2.077072215811897493e+00 -1.284607169978003061e+00 2.777557297335340181e+00
-2.378817500995871193e+00 -2.025232486837661661e+00 -1.658020620922491473e+00 -2.837512199124244461e+00 -1.767035502822438486e+00 -8.597685012354929768e-01 -2.539174798100347186e+00
-1.889481200456069487e+00 -1.433927450024817363e+00 -1.191293741230773584e+00 -2.171137025151999911e+00 -1.306377840560620340e+00 -3.669025461611590821e-01 -1.756246592270673590e+00
-1.500755815088359091e+00 -9.768174291659910136e-01 -7.409024826795157503e-01 -1.624056621092424768e+00 -8.324487376223068669e-01 1.891041532336568409e-01 -1.115999799352678901e+00
-1.200454231830578866e+00 -6.418611223890479112e-01 -3.615516451522783337e-01 -1.227784990345933913e+00 -4.375398946476932727e-01 7.476230385050045557e-01 -7.535989548941168792e-01
-9.331932992972122864e-01 -3.462068622936496087e-01 -7.009393890661337612e-02 -1.009203088934139680e+00 -1.762480760082408837e-01 1.260848740998091300e+00 -8.665975969378207910e-01
-6.276836234646064883e-01 1.726025141550185374e-03 1.954783023914540008e-01 -8.782903871060954160e-01 -8.289214468149985748e-02 -1.190330621372444497e+00 -8.116064061831689269e-01
-2.686125248776717878e-01 4.097781334589228330e-01 4.840996818484057940e-01 -6.424358914779960683e-01 8.833285720216473014e-03 -6.334275856088694701e-01 -3.915586075062090221e-01
1.162032158442653368e-01 8.495365063043911480e-01 7.891673638788704315e-01 -2.720385204797035050e-01 2.312557539992762534e-01 -8.656769281603406141e-02 1.291211508256469576e-01
4.857852525908131214e-01 1.271534259059537542e+00 1.045824596260688688e+00 1.920454897115935478e-01 5.917637214757911490e-01 4.565188366105473183e-01 6.694612514880325937e-01
7.396082227177851465e-01 1.532698912678917669e+00 1.102902633755613149e+00 6.668275924602306004e-01 1.003475975939112974e+00 9.607695490713841213e-01 1.113334052377452643e+00
7.341716204333879059e-01 1.249805185708341870e+00 8.646866909343479124e-01 1.094068066892957214e+00 1.417657726850064304e+00 1.424519675917357731e+00 1.290806754420747104e+00
6.769594523880196890e-01 1.041379670655004253e+00 8.584388681099341945e-01 1.417594393640398298e+00 1.800238439121606193e+00 1.831744480073929982e+00 1.324828799747368890e+00
8.763660907492211161e-01 1.287154382259736440e+00 1.060855111265926354e+00 1.662431288030934651e+00 2.164888144233798162e+00 2.143517211905921371e+00 1.700739426074470595e+00
1.183945938834198408e+00 1.623558379381601524e+00 1.291487566347898630e+00 1.805047002103659093e+00 2.537629796113507030e+00 2.155994083348931944e+00 2.277066960938514573e+00
1.451135553686789370e+00 1.963218033564290810e+00 1.577032678466503191e+00 1.590207181825257443e+00 2.606478663476765156e+00 1.434830755338913910e+00 2.856593383899503014e+00
1.636293566968712643e+00 2.331145577341177333e+00 1.973725152818262440e+00 1.421240686678959753e+00 9.285927684114054781e-01 1.330300288398818198e+00 -3.028844534096971852e+00
1.830323857862642845e+00 2.760171314448420787e+00 2.447046995662667701e+00 1.711296214635943169e+00 1.259319850960823661e+00 1.618392695567252737e+00 2.678399889530034272e+00
2.097233164145937412e+00 -3.048766726326443521e+00 2.907944088877627564e+00 2.187940651308330597e+00 1.740070987717929452e+00 1.979730232082183461e+00 2.685848654753856923e+00
2.402826930040536713e+00 -2.650944421222310776e+00 3.108660399896487014e+00 2.726863544243721016e+00 2.244828998487605531e+00 2.291091412806733008e+00 -3.088809211083329398e+00
2.701746624122974172e+00 1.481962616814799016e+00 2.195108639355029645e+00 -2.973516496662060860e+00 2.758609157742947460e+00 2.482290907888413223e+00 -2.413868484320198515e+00
2.946264105964601754e+00 1.848693661047191128e+00 2.170210771658508175e+00 -2.374920428861623911e+00 -3.062153628359052693e+00 2.521433779133046560e+00 -1.707474710042287347e+00
3.105279465179994869e+00 2.338285367498445844e+00 2.526775737242994868e+00 -1.743780992908600558e+00 -2.748226014368954306e+00 2.668984117468026884e+00 -9.894270183775059069e-01
-3.058328208461819298e+00 2.862565964922362038e+00 2.960086447448210478e+00 -1.091352799570454168e+00 2.964818794804368274e+00 2.997997139306974645e+00 -2.966390282540131706e-01
-2.843352584641718472e+00 -2.866490620524551503e+00 -2.844167772559372587e+00 -4.645080510602590529e-01 2.701692219986564947e+00 -2.784797600831267150e+00 -2.125011382516990732e+00
-2.491104887776594445e+00 -2.295217861022534667e+00 -2.327151580891712257e+00 -2.698469724198134134e+00 3.102523247595657452e+00 -2.178712470500738352e+00 -1.793184022298564440e+00
-2.010868893390457934e+00 -1.741937809108355717e+00 -1.811254122714836434e+00 -1.991051939373051027e+00 -2.520578521967082875e+00 -1.365864581750235951e+00 -1.105224845436368897e+00
-1.402113951823547255e+00 -1.274369856900860354e+00 -1.359517173535182533e+00 -1.234739662780803382e+00 -1.618401886342558660e+00 -1.862358426620928098e-01 -3.853585005836014377e-01
-6.136485500713141361e-01 -1.005932715702547497e+00 -1.089904776497304439e+00 -4.920622591364410270e-01 -1.932728030452959544e-01 1.010103367196107049e+00 2.892867841449801580e-01
4.348764969798883939e-01 -8.950720422631390782e-01 -1.026411809538319453e+00 2.177083506350438458e-01 1.117516778397610766e+00 1.912147234556724751e+00 9.177058173138700203e-01
1.529675695309815620e+00 -6.020121788833410204e-01 -7.869621071745120933e-01 8.436761850984252353e-01 1.935120314931896734e+00 2.651362855356463211e+00 1.405830499799175293e+00
2.334092682229513382e+00 -1.090911491369095931e-01 -2.867579932732766124e-01 1.387491230455953017e+00 2.540454812245740879e+00 -3.001911911425561019e+00 1.762325614676832020e+00
2.897509046398850430e+00 4.535120814649775123e-01 3.498659673284434946e-01 1.833386035049034080e+00 3.056507401074168850e+00 -2.436419277037000342e+00 2.129363341396887765e+00
-2.934044787920428998e+00 9.940561401253845686e-01 1.014385034896213789e+00 2.198356093509655551e+00 -2.783556103756349209e+00 -1.949975293198355164e+00 2.490670026762908940e+00
-2.502415658528634790e+00 1.481265639124990541e+00 1.647362321100156013e+00 2.523842795696173535e+00 -2.304404356439650137e+00 -1.461895887023477947e+00 1.597340260853109262e-01
-2.095464362025919680e+00 1.955128770844965169e+00 2.232119335346168132e+00 2.811491860464651715e+00 -1.834842237375806651e+00 -9.444015231434578217e-01 7.277506443967074468e-01
-1.763735117752071480e+00 2.481918419811409038e+00 2.820237257881546000e+00 3.110799528058762586e+00 -1.392365288034278503e+00 -4.376804049409555031e-01 1.292344263704471530e+00
-1.552906300099895276e+00 3.087082167073087025e+00 -2.832634048467945309e+00 -2.880197814408338441e+00 -1.092459585662695964e+00 8.134969429551747178e-02 1.858991734034273646e+00
-1.401853620645825194e+00 -2.515969545705975641e+00 -2.204473979917767057e+00 -2.573311653819804423e+00 -1.159440132925892986e+00 4.516414651975009797e-01 2.414545041467614173e+00
-1.216168271405660306e+00 -1.653486442973417292e+00 -1.598562201810107331e+00 -2.323103977753292693e+00 -1.166292571838628334e+00 4.629781573762695168e-01 2.910743807193986399e+00
-9.802170982331522842e-01 -1.732764493559124097e-01 -1.035543631820621924e+00 -2.117764045630305958e+00 -9.995662921577840310e-01 -8.126464479716419276e-02 -2.994121586025046078e+00
-6.881850521430680212e-01 9.503014074262747801e-01 -5.221483910598222478e-01 -1.997626802536422552e+00 -7.780508279879040368e-01 2.508471566908865302e-01 -3.085103241248424499e+00
-3.895225188963990504e-01 1.669264274398414072e+00 -5.531758430587194880e-02 -2.025589111730419223e+00 -1.791711280788345073e+00 7.314612980676472587e-01 2.935063558813109985e+00
-2.290100236245754262e-01 2.371892439559605048e+00 -2.940925380832986810e-02 -2.132981371084223809e+00 -2.163125839901249847e+00 1.300946416185018162e+00 -3.128736367286335973e+00
-3.782020119870689312e-01 3.094301207362540218e+00 -1.952550339533351886e+00 -1.967519550269180018e+00 -1.817269464731886774e+00 1.875863810346381166e+00 -2.676289906758316572e+00
-4.020054147537128197e-01 -2.454536268936935439e+00 -1.650392969500680040e+00 -1.619542680347361818e+00 -1.416020400371210020e+00 2.513953036922862871e+00 -2.187170830887653850e+00
-1.627630782978083113e-01 -1.742035688919180147e+00 -1.247181211350826935e+00 -1.197676009069592373e+00 -1.009152116358926321e+00 -2.932355786642863116e+00 -1.686028249287894853e+00
1.496518383425177456e-01 -1.072193994000438133e+00 -7.937206019128981715e-01 -7.634641712181056139e-01 -5.923378900733594632e-01 -2.087941735660467035e+00 -1.219154075734741882e+00
3.679857681763326060e-01 -4.606330418906325885e-01 -3.045521163398274278e-01 -3.909480743516871581e-01 -2.277751980742142857e-01 -1.285566155230772667e+00 -8.262254960045141150e-01
3.993244044665085202e-01 8.540258878641551754e-02 1.860175711329128956e-01 -8.012587929497864969e-02 1.457531861158720132e-01 -5.781910579536976291e-01 -4.772616175465999588e-01
3.613944693952114706e-01 5.716857120238884038e-01 6.750743716185222398e-01 1.542950177492987685e-01 4.767734931000707221e-01 2.644042805904958660e-02 -1.193821388776839243e-01
5.240281796328630781e-01 9.872201251400796185e-01 1.118588454138298882e+00 4.323999601508314305e-01 8.294851853739212411e-01 6.241031216354251399e-01 3.769824528624451387e-01
8.585728158689538425e-01 1.323274848890624522e+00 1.479018264436677832e+00 7.369401597645893753e-01 1.161438484160919105e+00 1.172842951059474448e+00 9.713316386434238670e-01
1.304119889867520143e+00 1.597129472173959508e+00 1.748324788698267573e+00 1.149002236765979346e+00 1.506766314170337795e+00 1.756209520403826163e+00 1.817790539134282790e+00
1.800221743010500530e+00 1.882351896895420484e+00 2.036102156312416867e+00 1.666834010719285608e+00 1.862754827891358822e+00 2.439540508807770625e+00 -2.734365785085812739e+00
2.299524649913265772e+00 2.241493884249886825e+00 2.442035409927997502e+00 2.316326044288923303e+00 2.219661983936813687e+00 -2.970502770362579259e+00 -1.391306545584687582e+00
2.766829292066609991e+00 2.672630235375820451e+00 2.938239618523487806e+00 -3.132468207701337271e+00 2.570903698915746549e+00 -1.474055373542488168e+00 -6.650945241149247567e-01
-3.113677292209148906e+00 -3.122028689238622423e+00 -2.769848272246290488e+00 -2.261138122512406312e+00 2.711342760948938668e+00 -2.823704814071678060e-01 -7.504602922485142935e-02
-2.714238212242801040e+00 -2.583586196001480317e+00 -2.171380060246032695e+00 -1.437013604698569536e+00 2.667454288707641119e+00 3.121631628019753135e-01 2.873855027852224575e-01
-2.348663192361076568e+00 -8.287866869200056774e-01 -1.557849241053645528e+00 -7.553841646029004764e-01 2.303906692097779985e+00 8.123348858363133029e-01 5.692658547029831873e-01
-2.102809979508833305e+00 7.681240854336732760e-01 -9.792397093884218640e-01 -1.795244598170018524e-01 2.114022144158324235e+00 1.186649275744222409e+00 7.777953252624874025e-01
-2.000254691336263768e+00 9.035847467549880108e-01 -4.505374502893442212e-01 4.542192902340227989e-01 2.149874148943780927e+00 1.555677390379572200e+00 1.224233870541714841e+00
-1.634662086363844580e+00 1.147256091815512136e+00 1.989981319749679900e-01 9.786182094863578040e-01 2.592026982722403172e+00 1.761510010494206080e+00 1.868234773382153602e+00
-1.090321152126640714e+00 1.563461046354436945e+00 8.990364147289575669e-01 1.373902860044521335e+00 3.081311241521818900e+00 9.850631743289193221e-01 3.085019427188270935e+00
-5.490607859203567864e-01 2.055484245001802268e+00 1.666867700232996574e+00 8.523668859038943668e-02 -2.130351301699896283e+00 3.779362710588078378e-01 -1.170256551920598076e+00
-9.960533822358059401e-04 2.573060225843479376e+00 2.431653081268450478e+00 1.653599530727841160e-01 -3.833811982396181373e-01 6.448097946029794914e-01 -2.742167035250137608e-01
4.712244650723519945e-01 3.078265950125133710e+00 3.092320532141663136e+00 5.020399984284723560e-01 4.122846553411105286e-01 8.546016709555901425e-01 2.888289656578924558e-01
1.057044896803525980e+00 -2.611080548656425027e+00 -2.429428767540211975e+00 1.080043155664761390e+00 1.145633827462263721e+00 1.213111277593015735e+00 9.523524824756742779e-01
1.722116888674922297e+00 -1.733269442531867544e+00 -1.794356867058448879e+00 1.609870815225501683e+00 1.646053292101470111e+00 1.519020406462434192e+00 1.524079790905114917e+00
