1.583228324115333763e+00 1.653548084486685887e+00 1.633550468280348777e+00 1.532436928515174435e+00 1.599876224206167041e+00 1.580208082886888077e+00 1.490584635665916258e+00
2.008677224641176373e+00 2.025237804813555531e+00 1.940516857973236364e+00 1.889854974832897883e+00 1.453723030271393934e+00 1.858166840452883717e+00 1.629620179297726290e+00
2.383448613846852027e+00 2.301003641997597882e+00 2.243810095658034687e+00 2.163049707207386430e+00 1.620012583712725940e+00 2.020108086601811070e+00 1.699177636077597420e+00
2.689903185444264988e+00 2.630223405444753748e+00 2.531003041147261268e+00 2.285421653872097725e+00 1.932272144548428772e+00 2.121862239289757479e+00 1.705945143597833003e+00
2.995377313572701095e+00 2.897041491347706277e+00 2.858778170205427571e+00 2.457135322771577979e+00 2.263369489692587333e+00 2.196454669536760385e+00 1.902990438178640664e+00
-3.055788276215970711e+00 -3.092032107498751792e+00 -3.123338665988601992e+00 2.741906617387096290e+00 2.641945895275640055e+00 2.446446181927278474e+00 2.269471217241837646e+00
-2.930488014366822824e+00 -3.086882461137317790e+00 -2.870299427566574746e+00 -3.105606245852905012e+00 3.060907475466329686e+00 2.732080410317666352e+00 2.851675654062981735e+00
-2.889626736353933190e+00 3.074030231184739836e+00 -2.747719029885673514e+00 -2.589766385213670308e+00 -2.705310738765945633e+00 3.035467350647466755e+00 -2.754142793350127683e+00
-2.728033466858042377e+00 3.041492394150202117e+00 -2.720736561105266738e+00 -1.960292902699589668e+00 -2.151071186777165245e+00 2.965542035090627415e+00 -1.491096426649056950e+00
-2.468989491433821293e+00 -3.030131248936773325e+00 -2.845157645963925397e+00 -1.190498933538468362e+00 -1.583855866408982793e+00 2.533361131167180424e+00 -2.485595878909722597e-02
-2.142585061980164518e+00 -2.781082674592572967e+00 -2.947213508646899793e+00 -1.804806026515768380e-01 -1.065114367052972355e+00 2.444920805970037581e+00 5.551848598967875636e-01
-1.811949932914144634e+00 -2.499334702065671543e+00 -2.879190827833404853e+00 7.677935762888764559e-01 -5.679792636224436642e-01 2.641298400985271133e+00 4.314403207193603929e-01
-1.598909637330000466e+00 -2.399768982800355221e+00 -2.698968656720214465e+00 1.296174303157229923e+00 3.947914809893692673e-02 2.815347518116669612e+00 2.075569885685637495e-01
-1.967803748105830364e+00 -2.429425465274133167e+00 -2.514442128307604829e+00 1.767763230759187509e+00 7.219674928835208005e-01 3.021282751254538379e+00 6.438359554463021217e-01
-2.407160857795449083e+00 -2.288704837963683847e+00 -2.293428001509366876e+00 2.259635396998801227e+00 1.472240674868249055e+00 -3.060048104758203991e+00 1.134004953011839456e+00
-2.251959375145810682e+00 -1.928411776409959311e+00 -2.036085037920074114e+00 2.711160365508580750e+00 2.257110968568818432e+00 -2.822919537688560077e+00 1.615941996641117262e+00
-1.893728421451423172e+00 -1.538012364531865073e+00 -1.779161660947568446e+00 3.074740971923502375e+00 3.139809551779840557e+00 -2.665586075164910973e+00 2.021775854800857974e+00
-1.439555227414502703e+00 -1.324632561128365804e+00 -1.609507380068053939e+00 -3.004690487862163195e+00 3.522163871114365463e-01 -2.655727764082176368e+00 2.251561527112079464e+00
-9.354928195967939786e-01 -1.973113062274427287e+00 -1.607481115045877873e+00 -2.910064078870895354e+00 1.320591608321894928e+00 -2.768026159599779934e+00 2.160511897392057179e+00
-5.455408070736725845e-01 -2.282587018765503739e+00 -1.650596616825699803e+00 -2.790804591607778828e+00 2.215362027426096336e+00 -2.628073567138587752e+00 1.950727518529983939e+00
-1.385596388683017599e+00 -1.990150733006743833e+00 -1.471867498168555999e+00 -2.555922097717298058e+00 3.131505588997507417e+00 -2.260802115787847288e+00 2.094225473275164173e+00
-1.248282700259376155e+00 -1.522567770700223866e+00 -1.053781199779899369e+00 -2.332003817745699870e+00 -2.236153609461505987e+00 -1.744599545404311058e+00 2.370433421414491093e+00
-5.205196140226715507e-01 -9.616325213894971746e-01 -4.773850530474179066e-01 -2.258811822899842614e+00 -1.402849175940156456e+00 -1.141292939117578120e+00 2.793070808286053808e+00
3.216905197047778553e-01 -3.554900530657603142e-01 1.902544010313678147e-01 -2.168881075774126810e+00 -6.803012445597818036e-01 -4.912070178054871450e-01 -2.950905672216289410e+00
1.164282467576998048e+00 2.552156084785422441e-01 8.873321998516996434e-01 -1.829429306235333952e+00 -5.351033722044992724e-02 1.773234158959178242e-01 -2.294077085218805934e+00
1.915410926427884242e+00 8.094018576380463958e-01 1.565004664235577048e+00 -1.360839775168636523e+00 5.018303806008248547e-01 8.264537832220214542e-01 -1.599750538475974926e+00
2.430198667431536119e+00 1.265687278369915791e+00 2.175942213652272805e+00 -8.913475869313092215e-01 1.037675181314680950e+00 1.462549120888241516e+00 -8.879402494490589159e-01
2.593328791310916426e+00 1.589979579966008139e+00 2.671436741987574859e+00 -5.248845521150986571e-01 1.569603996478564856e+00 2.140305581373394883e+00 -1.840394727138179587e-01
2.740642024916594810e+00 1.835595136865059818e+00 2.971800401202872255e+00 -3.722361050596129095e-01 2.074907523759925265e+00 3.105490312303796685e+00 3.563546858598583555e-01
3.025430388177101637e+00 2.096378307299974431e+00 3.026013451680150013e+00 -3.283185106444609924e-01 2.470234832589750962e+00 -1.584934303472333328e+00 8.155984381719662002e-01
-2.954340489139248849e+00 2.365711870237525272e+00 -3.074071762511013439e+00 -2.876604487462653958e-01 2.724866962229659073e+00 -6.341127165627205020e-01 1.356181689718133354e+00
-2.681420491914849435e+00 2.693652040967328354e+00 -2.719258137349135129e+00 -7.386033947038974645e-01 3.097316510556974656e+00 -5.608724572187955282e-01 2.090796370318708242e+00
-2.365194788032049633e+00 -3.110359514271817893e+00 -2.356865295321626697e+00 -1.158657566812507644e+00 -2.595033197431091398e+00 -1.957972281282590821e+00 2.985527884698233603e+00
-1.953732762099470222e+00 -2.383396583331081064e+00 -2.010637643078799108e+00 -9.025351630421608595e-01 -1.815955808149497308e+00 -1.525399329147394401e+00 -2.370251733089042023e+00
-1.447215637176200165e+00 -1.500668152567786962e+00 -1.561282033030300997e+00 -4.868205847634968220e-01 -8.744313997254344883e-01 -9.957037937759618540e-01 -1.410307430294225339e+00
-8.804979487061164178e-01 -5.679449608994910914e-01 -1.009879518320204284e+00 -5.988427666285171813e-02 7.345570366906775672e-02 -5.056600212626163326e-01 -2.862235375688312100e+00
-2.824071083006389760e-01 3.231658969869704578e-01 -4.044926390983069608e-01 2.614113275138343351e-01 8.339179485748224874e-01 -8.601114931221129356e-02 -1.784226667940550293e+00
3.610952157783223759e-01 1.000300618752143489e+00 2.174755513787105521e-01 4.199885848493087326e-01 1.441508280620696025e+00 1.981414810072604782e-01 -8.851942915752787355e-01
1.112686959473794923e+00 -1.594084425436728958e-01 4.775308467099121379e-01 5.095873286246758171e-01 2.028783936104594066e+00 3.912777717214385720e-01 -1.272267603088519938e-01
2.162055643656937143e+00 1.322379278769754418e-02 1.268736950516926310e-01 6.957128571695311292e-01 2.616357455413421462e+00 4.732772827118023606e-01 5.598421012078015346e-01
3.102519999556267116e+00 7.501958995221739146e-01 7.152109901312782014e-01 1.057947760929463188e+00 3.046860812822779430e+00 5.821763339433437823e-01 1.210129420907666509e+00
2.380670607274429251e+00 1.478964335924268569e+00 1.547194082137176130e+00 1.622210126581015377e+00 2.775846660733929827e+00 8.004132097612395302e-01 1.943601309198244254e+00
2.812484907052569927e+00 2.167614805251971255e+00 2.333453448980355560e+00 2.356742781453026403e+00 2.658205884277538900e+00 1.175162634244160342e+00 2.777088710098164270e+00
-2.917963491036260404e+00 2.881888927696294012e+00 3.010014730379253045e+00 -3.030390445529126175e+00 3.096334311919604954e+00 1.705049987018828261e+00 -2.627710820137964198e+00
-2.381907921311336107e+00 -2.443825700432028292e+00 -2.657593188031427189e+00 -1.969762477982849980e+00 -2.699155738450809583e+00 -1.673830235158215274e+00 -1.750483701838991824e+00
-1.877780879593831553e+00 -1.236745226735503911e+00 -2.037877741065995618e+00 -9.555336865980534888e-01 -2.246394970211217590e+00 -8.282784402235943144e-01 -9.878578723571105336e-01
-1.380974314180840601e+00 -2.460086422627985880e-01 -1.372962391100255530e+00 -1.698106396466786405e-01 -1.775347600376342649e+00 -2.252612130516433164e-01 -3.617358552142206363e-01
-8.738237959064654170e-01 5.509125493724928990e-01 -6.761015481913172920e-01 5.407175367400497423e-01 -1.230005588591037480e+00 3.497161775381012472e-01 4.175786418072215955e-01
-3.624860507368922735e-01 1.244010516442205283e+00 2.589867594902316508e-02 1.285675084048588879e+00 -6.511973224422156203e-01 8.821637825030698155e-01 1.501397959233219837e+00
1.428055456681043556e-01 1.792717689285809657e+00 7.100030929017165926e-01 2.081809789739457628e+00 -1.882194498374113178e-01 1.228829701845188138e+00 2.829183807676157070e+00
6.417544749762060796e-01 2.097930814216801387e+00 1.321542829711918499e+00 2.944142334336910416e+00 -5.562686806820370533e-01 1.176013201411246101e+00 -2.238003572685248521e+00
1.168543374167978932e+00 2.210609851223401368e+00 1.835804542946226858e+00 -2.258686008338399720e+00 -1.017609990109668461e+00 1.030588699314437529e+00 -1.280154238248367271e+00
1.788013647300164877e+00 2.476479108130988038e+00 2.309749989092066969e+00 -4.267637703157280415e-01 -6.905767930945748700e-01 1.176862537873303527e+00 -5.198772379056005866e-01
2.791827176332781324e+00 2.919809353133865137e+00 2.807881949284528833e+00 8.120928007221319689e-01 -3.785616793716905515e-01 1.391605491097670733e+00 6.013445794621898044e-02
-1.496470540326755527e+00 -3.008518002457403639e+00 -2.993310757392905863e+00 1.463477945447144490e+00 -1.808476709780250102e-01 1.601056589726988388e+00 4.710127563395161143e-01
-4.320288728989287175e-01 2.569206286736163136e+00 -2.949319047745275757e+00 1.953373622795550046e+00 8.905248200559212624e-02 1.807040576974410229e+00 9.010921380205328957e-01
2.985215876463742091e-01 2.244277423195909726e+00 2.392408874877053115e+00 2.443683697413950640e+00 5.306058857970692433e-01 1.990610974260880184e+00 1.438892253746692829e+00
9.507304914514718153e-01 2.715171185351593408e+00 2.656801028310962653e+00 2.981251654814042418e+00 1.058757937011741257e+00 2.128108940590330622e+00 2.040219652202371670e+00
1.557440569140936981e+00 -2.999728282037223970e+00 -3.110137677442823989e+00 -2.740807734616949265e+00 1.611360462311032693e+00 2.202112886010985093e+00 2.595918246463865042e+00
2.126950079022685181e+00 -2.412811159371520908e+00 -2.552453508878063992e+00 -2.237259251110168545e+00 2.153859762869774652e+00 2.249454256240470240e+00 1.679988715304143287e+00
2.641752422301943959e+00 -1.889731517315830445e+00 -1.998301999235849724e+00 -1.933675380830169654e+00 2.641393848157981505e+00 2.287019889598571609e+00 9.942228645080034566e-01
3.019150173810592808e+00 -1.541738415980625332e+00 -1.509019349221109474e+00 -2.392606387630708209e+00 2.693825800498355072e+00 2.415753705511067828e+00 1.393507652428452204e+00
3.071493035537173899e+00 -1.493567044044937120e+00 -1.164700579687119264e+00 2.976971717519239835e+00 1.908531687589060555e+00 2.664832964689684225e+00 1.881870167624140722e+00
2.855122163697195514e+00 -1.474197265632728682e+00 -1.041432902143948569e+00 2.982252076144391584e+00 2.416551282723396366e+00 3.006365142370478249e+00 2.445106965870757154e+00
3.046402898731138897e+00 -1.290404565204483545e+00 -1.139392367270579021e+00 -3.050104790713884739e+00 -3.079286210081001229e+00 -2.925286047375017962e+00 3.058944278164996700e+00
-2.762847122908767439e+00 -1.009213524991678934e+00 -1.102668294953571104e+00 -2.687368561371438869e+00 -2.190431637934536102e+00 -2.587356237469364828e+00 -2.611242922944350564e+00
-2.152417488020953229e+00 -5.804712507950134937e-01 -7.406399142375951206e-01 -2.217588240243757447e+00 -1.316096439705428001e+00 -2.295418210492207400e+00 -1.987739544964894023e+00
-1.464645013091129933e+00 -3.516423292115120058e-02 -2.365704243466718593e-01 -1.770730819645021104e+00 -5.112794723128164520e-01 -2.028785895652144955e+00 2.075161116313602339e+00
-7.002254904758903331e-01 7.638937685903396391e-01 1.528615994093607267e-01 -1.712471882090107256e+00 2.552226913758592342e-01 -1.781843923577028033e+00 2.747401540650346696e+00
1.533465177280021741e-01 -3.136647919224694103e+00 1.340824175833640330e-01 -1.898867540711530966e+00 9.690492739682459167e-01 -1.521138290965506679e+00 -2.741656140802369634e+00
1.077026467251407382e+00 -2.272560880876288270e+00 2.986957988667928166e-01 -1.532217872101110601e+00 1.600519786937532052e+00 -1.251081048910715143e+00 -1.905682617922704214e+00
2.044394687062293325e+00 -1.726280046005291391e+00 1.097411888149181891e+00 -1.022735883992246242e+00 2.116835348577533971e+00 -1.070771614906635971e+00 -1.093953466339392611e+00
3.023971014340463448e+00 -1.250310899553990218e+00 2.562431990567339835e+00 -5.683438267513613029e-01 2.527458531547867260e+00 -1.025867959050689837e+00 -3.510706220462437299e-01
-2.278700579288496897e+00 -1.133518184738259382e+00 -2.526437568953400881e+00 -1.679876524132192794e-01 2.784375618036782907e+00 -7.734560383343096479e-01 3.561948529339263869e-01
-1.252784146348766781e+00 -1.422467708491774729e+00 -1.759607703859354721e+00 1.004289387210415413e-01 2.691366213626817938e+00 -8.543194884547945789e-02 1.069840112635777052e+00
-6.568203522384405413e-02 -1.122116052319779511e+00 -1.080954732453280442e+00 -1.423410241491705752e-01 2.882373391728045853e+00 8.771630532266205815e-01 1.853736471143975217e+00
1.416626289056437393e+00 -6.036556176263097040e-01 -4.139435443036503792e-01 -5.026595064218530168e-02 -2.852888326051167933e+00 1.945384888123502964e+00 2.841093597208218746e+00
2.683021646742548061e+00 -8.849035155181447787e-02 2.259740846213942889e-01 4.898138286164274713e-01 -2.177635116125750780e+00 2.919883154613284404e+00 -8.712842675132274062e-01
-2.676144296834591430e+00 4.476380203375940892e-01 8.258668000669282527e-01 1.057437941529064895e+00 -1.433522836471923245e+00 -2.498107335863782197e+00 -1.333982800126067847e-01
-1.880175946502977258e+00 1.053623252926595866e+00 1.504894898565032557e+00 1.538831490691751736e+00 -5.954134254850086405e-01 -1.686403916680228265e+00 6.102761029466697851e-01
-1.155236912790726711e+00 1.751721370326427607e+00 2.378881500991709697e+00 2.026379284843452755e+00 2.775202807525457560e-01 -9.477724955169176679e-01 1.450855890254831415e+00
-5.443862647139539046e-01 2.522013618816961955e+00 -2.939072646747707296e+00 2.599491257813722367e+00 1.023253791394911794e+00 -3.223723959558459362e-01 2.360150138417179910e+00
-3.742131722563465240e-02 -2.933459487046163439e+00 -2.093768875053483747e+00 -3.117377279579344851e+00 1.219505389931490713e+00 2.368240992732393857e-01 -2.927316675928960610e+00
5.077000231633908012e-01 -2.041980960079342378e+00 -1.436252514520275358e+00 -2.689961194296360159e+00 1.278810002219557651e+00 8.344819173615908303e-01 -1.063413514589414133e+00
1.108259564412476861e+00 -1.177290525752951345e+00 -8.771647062923705329e-01 -2.293878510937565451e+00 2.180324558561860471e+00 1.539088999255369350e+00 9.550402704477275462e-01
1.708756586116172649e+00 -4.215984979614038619e-01 -3.292959898303366439e-01 -1.731859171844181144e+00 -2.748015902033220215e+00 2.275780734124813520e+00 1.505164245223463482e+00
2.235656229813719698e+00 1.282894375842583978e-01 1.921928108910803956e-01 -1.073840624308737057e+00 -1.405058637116094022e+00 2.971246538296773654e+00 2.087630362137028683e+00
2.613911335046735562e+00 1.851217008821728627e-01 5.913627897074406059e-01 -3.018918476793579941e+00 -3.846036535133798839e-01 -2.679328935491598340e+00 2.873476660802735783e+00
2.764158040956296691e+00 2.710499950830717597e-01 7.033306437324317040e-01 -2.385540954528428514e+00 3.905245898012426609e-01 -2.161988026098459414e+00 -2.478949112531895427e+00
2.566920643710316252e+00 7.392551192114156233e-01 7.343195619601328161e-01 -1.569665067022445681e+00 9.507077532539474074e-01 -1.762258955659684601e+00 -1.471464232155712093e+00
2.380898394760199821e+00 1.306549120110213513e+00 1.006901155647608626e+00 -7.365383220999101033e-01 1.370245024276642187e+00 -1.776524692267879457e+00 -3.966450306900700107e-01
2.595583120762847251e+00 1.803551357291971913e+00 1.395450289723734860e+00 8.667175212296004960e-02 1.821538056294378594e+00 -2.742275210013854991e+00 7.603919457286433259e-01
3.026296688774912980e+00 2.201184291661840486e+00 1.780487483174145735e+00 8.350237367442037151e-01 2.364591557656396503e+00 -2.685437342954176909e+00 2.088284953721947446e+00
-2.821034920995393769e+00 2.653984285219355588e+00 2.185395147793300019e+00 1.319292188330080107e+00 2.896358039713395893e+00 -2.408791180575944768e+00 -9.083141886222786399e-01
-2.544075906123663966e+00 -3.026032354901150079e+00 2.699041875739731644e+00 1.881091717754713954e+00 2.479993700667142420e+00 -2.198290512988310130e+00 6.585840760790719894e-01
-2.477552693620263646e+00 -2.294143670877489605e+00 -2.946688586272245391e+00 2.985873950775576269e+00 1.749713793591513467e+00 -1.906066924695863474e+00 1.876128243693617526e+00
-2.274912733423432698e+00 -1.471022705850721923e+00 -2.198797504039588624e+00 -2.290444092990777669e+00 2.218248847829786818e+00 -1.470777714227418542e+00 3.053747904129082702e+00
-1.904815347695289152e+00 -5.285213884656962957e-01 -1.336037211861344165e+00 -1.429231041647564870e+00 2.655738715147528684e+00 -9.508936100541274250e-01 -2.059694965552780310e+00
-1.658437607794903235e+00 7.877213287569009292e-01 1.187797072307491229e-02 -6.746989628901106650e-01 2.774866600210731171e+00 -4.318583041625869146e-01 -7.763167747683548114e-01
-2.005683665420092243e+00 3.074942417184583832e+00 -2.756636967697132956e+00 -7.638064248469003670e-02 2.779332318070617092e+00 -2.509992783248055082e-01 1.294618913802761506e+00
-1.973008205145919014e+00 -1.836610450011435747e+00 -1.682030618454440685e+00 6.796612488363469595e-02 -3.091882397509748248e+00 -1.518853969156069406e+00 -2.980082385827250935e+00
-1.473683530097942063e+00 -8.452864398636290577e-01 -7.098554305631051831e-01 -1.508433106260441969e-01 -2.434220897767801706e+00 -1.206485633515627320e+00 -1.800674840644142405e+00
-8.390767835587438217e-01 3.144778027744551951e-02 1.740114965232315569e-01 2.302983705740317411e-01 -1.659114641033887727e+00 -6.422561495793627229e-01 -7.737089260304449434e-01
-1.537799060680150876e-01 8.236551633466124844e-01 9.801107399160167155e-01 8.562847158489125254e-01 -7.847512189979012343e-01 -4.126197540922107998e-02 2.130994767470668905e-01
5.473779704799281998e-01 1.534459340026653296e+00 1.705493034172573141e+00 1.541284255600983366e+00 2.465422425233364523e-01 5.543633816161480654e-01 1.180891239705723850e+00
1.241325744971887524e+00 2.155643947458073306e+00 2.338347668664259249e+00 2.223626012287703624e+00 1.518055794008825954e+00 1.079871030763870143e+00 2.151744965053440595e+00
1.899932359590476905e+00 2.696623310770853266e+00 2.873110846091060377e+00 2.863278920962585516e+00 2.745070374503540744e+00 1.406898033132247816e+00 3.139999537255424134e+00
2.490629434174085777e+00 -3.087194346119878752e+00 -2.944958281754214813e+00 -2.853651163747723540e+00 -2.698028356205377509e+00 1.384222817015648088e+00 -2.143767877118796683e+00
2.982284183088083296e+00 -2.610059135178168344e+00 -2.483803189927451971e+00 -2.357388676670783223e+00 -2.188232940042371233e+00 1.505416747391275623e+00 -1.135860984858825473e+00
-2.914698732443878448e+00 -2.152920287725434090e+00 -1.979858953318042625e+00 2.164450584671003153e+00 -1.915803333215319482e+00 1.964636547525979049e+00 -1.444053723048016602e-01
-2.543096540883861056e+00 -1.732181061814948020e+00 -1.409223882560950214e+00 2.045886725812773754e+00 -1.809078391584404422e+00 2.567335273690939612e+00 8.146626576506017514e-01
-2.064625804625268568e+00 -1.358879487679800269e+00 -7.387860162205065473e-01 2.615133827207541284e+00 -1.573648173842536524e+00 -3.053328990016741074e+00 1.762322743816888915e+00
-1.453962323712352012e+00 -1.126263726052123548e+00 1.881077676515428565e-01 3.091876842663269009e+00 -1.089563629110998022e+00 -2.366216670101841224e+00 2.753933291636862624e+00
-7.488189857392479887e-01 -1.260020275882263840e+00 1.824901232152215780e+00 -3.077477993327735639e+00 -4.804295385693653220e-01 -1.620397735957064489e+00 4.426065278359150867e-01
4.124128304288702390e-02 -1.306365816368102895e+00 3.055525308296180409e+00 3.138357549793795442e+00 1.620560018647040079e-01 -7.276847973769762223e-01 1.262027748737523103e+00
1.386716362245489442e+00 -9.424664365988981718e-01 -2.511120657562283753e+00 -2.856852555326248932e+00 7.948704984638153004e-01 2.589003928316023218e-01 1.999814225287755542e+00
-2.032174536592351366e+00 -3.854867181042131441e-01 -1.972143534345430105e+00 -2.444638132150356302e+00 1.484159917080842828e+00 1.037338933771302374e+00 2.575030560823104775e+00
-1.052398302115955309e+00 2.675585671968956913e-01 -1.651591628314980742e+00 -2.136880660414751443e+00 2.793489444788559872e+00 1.669807301828980517e+00 2.866642822370280452e+00
4.017959760173803740e-01 1.077179562581095373e+00 -1.958017933691428958e+00 -2.030727899080582155e+00 -1.777018323985626091e+00 2.326717403170162068e+00 -3.123918377857985540e+00
2.887441234460002004e+00 2.402781108103411611e+00 -2.203293426003150923e+00 -1.861919328401278051e+00 -9.772233670946181006e-01 3.036793866485601345e+00 -2.599406921444590512e+00
-2.511226714938528559e+00 -2.328949491790785586e+00 -1.877438903509164980e+00 -1.481418268291261331e+00 -3.643865876719177832e-01 -2.511677634091633138e+00 -1.975399923813215386e+00
-1.856603957031050411e+00 -1.504178787798876593e+00 -1.371836478286360572e+00 -1.017476346206675375e+00 1.221382417290365341e-01 -1.607400504242061157e+00 -1.400082969894952178e+00
-1.355661662781922461e+00 -9.600956904198234554e-01 -7.765900852249744135e-01 -5.700422341323562181e-01 3.168690025123256371e-01 1.884653467233565971e+00 -9.166955861871353139e-01
-1.105354521961094738e+00 -6.751934302422263334e-01 -1.297072888234803711e-01 -1.784544153780180942e-01 1.441986648297453322e-01 2.679627248668178918e+00 -4.758199437473162319e-01
-1.067193010183569601e+00 -5.082190725798928499e-01 5.186118038086134918e-01 1.717549403613094217e-01 2.568502747387608753e-01 -2.877225297372681734e+00 -3.817572309051138479e-02
-8.185401168982141540e-01 -1.095603032145316680e-01 1.138907921165502435e+00 5.809710686947012759e-01 5.492231314750192217e-01 -2.137216293653897203e+00 4.367875908412549579e-01
-3.777696183760001492e-01 5.067969676154912007e-01 -1.870578896014731152e+00 1.170954907515244559e+00 8.831914109259221268e-01 -1.372088240058569442e+00 9.506226501061418865e-01
9.022989652604876398e-02 1.218519810423875249e+00 -1.582261789429232790e+00 2.104370871593551406e+00 1.331468586283349964e+00 -5.113858168543897742e-01 1.489009867356740680e+00
4.787197675441166034e-01 1.985864048143013649e+00 -1.471553168420350666e+00 -2.726151251956344002e+00 1.967326443653247825e+00 7.447567947700916013e-01 2.008986823424127266e+00
7.108637433958445717e-01 2.757341690479858443e+00 -1.276713014825598513e+00 -1.616954376390531856e+00 2.930740292338426478e+00 2.357514618123972117e+00 2.796235853736493748e+00
7.227647436669328851e-01 -2.894968084194726732e+00 -9.828424514967399883e-01 -9.065752582720886243e-01 -1.421354956501419853e+00 -2.940100883376143504e+00 -1.264939172644699683e+00
8.519164393543886549e-01 -2.525334288509998970e+00 -6.039402962133283426e-01 -3.500429856716635313e-01 -6.596602667789518148e-02 -2.221963132382797745e+00 -4.774343845383583473e-01
1.281166860870620372e+00 -2.097962564391305573e+00 -1.495356649033261764e-01 2.339511777527437941e-02 7.152820115973126391e-01 -1.592732378756162470e+00 -4.549166107441508788e-02
1.838715226136890202e+00 -1.473660514342922223e+00 4.040539555354614731e-01 1.727617278257431999e-01 1.202816420243037365e+00 -9.893359850217663398e-01 3.085401845960439315e-01
2.372961242344120869e+00 -9.746148346595775447e-01 1.110409134152364752e+00 4.766240269745858904e-01 1.365897104726850886e+00 -3.977285923835704451e-01 8.062181279370468356e-01
2.758104597086878496e+00 -1.127214143074938724e+00 2.520161061487438126e+00 1.053333741034847781e+00 1.623322160877017861e+00 1.557240660458428794e-01 1.471219033146543342e+00
2.992481333139090705e+00 -1.261816387994789679e+00 -1.823515078793283228e+00 1.751763449673155337e+00 2.168994004137023701e+00 6.253603078107551339e-01 2.222613398206610746e+00
-3.008853236061554970e+00 -1.177636405750488890e+00 -1.114134643341617936e+00 2.479648989417935212e+00 2.868486759930370056e+00 8.421718394176848088e-01 3.017388901791060007e+00
-2.612985280178711456e+00 -1.272261782191439705e+00 -7.752717899322972839e-01 4.351778165119177810e-01 -2.590097677734377601e+00 8.218544966238449101e-01 -2.400214047765994785e+00
-2.181115607827368574e+00 -1.085290723783941758e+00 -6.132414416274658553e-01 6.767524965641559254e-01 8.575014194803857182e-01 1.030362691219848692e+00 -4.141104580135901991e-01
-1.712212528494803099e+00 -6.110298122020084710e-01 -3.148680313507421502e-01 8.167561117415871319e-01 1.956800788093741694e+00 1.432178721523702292e+00 1.711088682358107738e+00
-1.164323888472510893e+00 -3.979571745658500720e-02 1.567344241168902863e-01 5.865939090540922551e-01 2.990510479349878459e+00 1.497321996616247874e+00 2.218911209081812164e+00
-5.412441353320747162e-01 5.525068147349865288e-01 7.038345163016017647e-01 9.741933989202736788e-01 -1.447915486975441146e+00 4.949523914339283848e-01 2.048139355453956423e+00
1.217179267602363502e-01 1.109720793843057551e+00 1.260887431704676098e+00 1.598515898713795735e+00 3.233180904025764191e-01 8.182692257248405099e-01 2.210501616301756123e+00
7.896412138175979978e-01 1.600554393869261904e+00 1.776324429630332213e+00 2.269649879963739902e+00 1.258977131424648066e+00 1.370819749300330903e+00 2.791584848682244768e+00
1.438857633719453855e+00 2.011827498143880177e+00 2.214651366300869562e+00 2.913749303990077699e+00 1.993522665390029536e+00 1.922520562908486053e+00 -2.830063811948953401e+00
2.048936319759811830e+00 2.381703677736568103e+00 2.594683384247832070e+00 -2.838030545190613818e+00 2.594668967769459655e+00 2.399906810201137386e+00 -2.201338146432427312e+00
2.612964902558271962e+00 2.802626284740556528e+00 3.011657261710941835e+00 -2.587936195464544564e+00 3.025510953379075385e+00 2.771566739798958512e+00 -1.779657223751369699e+00
-3.139039171767583625e+00 -2.947217329597847879e+00 -2.725782347877481637e+00 -2.534377038969660489e+00 -3.015099543855396025e+00 3.080918816926662807e+00 -1.953953239260840302e+00
-2.621350465443929689e+00 -2.208226132364426331e+00 -2.004649373995953887e+00 -2.182770830222288350e+00 -2.749040558509130427e+00 -2.839159345888654151e+00 -2.024196929200550610e+00
-2.088821540310702218e+00 -1.087271773627478177e+00 -1.024567976800458746e+00 -1.579680396086154737e+00 -2.309773952510595141e+00 -2.382382766505059202e+00 -1.554988705896186429e+00
-1.502601421656760694e+00 9.734795168260954035e-02 3.089923421093972167e-02 -8.520685093604107863e-01 -1.751239491018670380e+00 -1.816870962038501736e+00 -8.923185967304091415e-01
-8.282630582635595040e-01 9.447157827634912186e-01 8.315104416887678651e-01 -5.107444409818610864e-02 -1.114382807291553368e+00 -1.133992990292745695e+00 -1.063138986005942033e-01
-5.719846937353455923e-02 1.604580061262999680e+00 1.484681898045424830e+00 7.979936916043177675e-01 -3.272758795744551419e-01 -2.416754598903771978e-01 8.531189783822811235e-01
8.002484528601830904e-01 2.072952406956404481e+00 2.044846503384493364e+00 1.672846213218061928e+00 1.089461313661910680e+00 1.424500978185746058e+00 2.006776351476605935e+00
1.735209212303891579e+00 2.124306041103150910e+00 2.457026829204976170e+00 2.557609546386512722e+00 3.001406870889895995e+00 3.043920633182043645e+00 -3.039958980142568823e+00
2.752547477902977491e+00 2.055353006746349465e+00 2.691661804041928008e+00 -2.842785259403305176e+00 -2.208520307222374246e+00 -2.336418406905265144e+00 -1.847630489825400790e+00
-2.290201868027213372e+00 2.382113454304818134e+00 2.936247248334995952e+00 -1.979740109791604530e+00 -1.307894869151078554e+00 -1.594316379095229275e+00 -7.002307599440884545e-01
-1.009062073079478039e-01 2.840065219558991050e+00 -2.955476246179067346e+00 2.025517475716362981e+00 -4.239197877120484126e-01 -9.230858883831833950e-01 4.651253411643510027e-01
1.403700284401796949e+00 -3.026414603433598582e+00 -2.494347596535178901e+00 2.824059412984546658e+00 5.152086885107631797e-01 2.993524359965249459e+00 1.721795061774329172e+00
2.346414007848565131e+00 -2.771891567389076716e+00 -2.078141242916766718e+00 -2.712090375103948237e+00 1.691343708274994695e+00 -2.820653133195158979e+00 2.996264451926820005e+00
-3.126722342213372308e+00 -2.622306712805718476e+00 -1.883332331872770604e+00 -2.065627955085257650e+00 -2.985468568442821269e+00 -2.278475129957343803e+00 -2.380751392368608332e+00
-2.359703495623436620e+00 -2.346551806895101233e+00 -1.925656877556554569e+00 -1.615989881804916317e+00 -1.772210975514831643e+00 -1.757437846506634260e+00 -2.404446903276985292e+00
-1.597282008251291519e+00 -1.917777319983422712e+00 -1.711764933782316644e+00 -1.419504292433962256e+00 -9.880091388076531755e-01 -1.209465253141546182e+00 -2.020907339292597804e+00
-7.989566611483677194e-01 -1.463381937536497368e+00 -1.241520252865601304e+00 -1.115219423454216097e+00 -3.799506063761622365e-01 -5.955148421727723962e-01 -1.191038264419683523e+00
1.009070781168509984e-01 -1.210317745892763197e+00 -6.903511517903525574e-01 -5.504884960640411551e-01 1.905242827366144809e-01 1.072886502779203804e-01 -2.675783746753221948e-01
1.214005144783189438e+00 -1.505557652167996086e+00 -2.468610834144969179e-01 1.275526708137844079e-01 8.336379453755624613e-01 9.942026585545680195e-01 6.760471758004527043e-01
2.559336483546636121e+00 -1.436573331168256473e+00 -1.035469126524151795e+00 7.641145707199668013e-01 1.645172601111158928e+00 2.555579469572029083e+00 1.623392822491767307e+00
-2.487052056815620915e+00 -9.387456563890478334e-01 -1.060597399273478958e+00 9.092499554633394210e-01 -2.735114725948706749e+00 -2.041966524022001295e+00 2.542310582899087734e+00
-1.444960996281286603e+00 -2.936177554385950295e-01 1.017458940845664683e-01 8.562667434608116634e-01 -6.967157729193975690e-01 -1.112041752337915135e+00 -2.964116890042880925e+00
-4.430886828657578658e-01 2.925558760897381205e+00 2.803158069514493533e+00 1.567192877881907531e+00 2.592556286739602922e-01 -3.576920088268291664e-01 -2.983317910718136901e+00
6.853225814243427694e-01 -2.368877390878409095e+00 -2.676726254663245541e+00 2.470068553926668908e+00 1.134701684879414474e+00 3.571792000593492222e-01 -3.115956597388420679e+00
2.051804782271175132e+00 -1.769488426852442453e+00 -2.021045421534206632e+00 -2.916913017711610934e+00 2.016295320008631098e+00 1.116738221176656554e+00 -2.410275384517436503e+00
-2.935738813625665244e+00 -1.230913872514265206e+00 -1.429766269722633876e+00 -2.096829094568211982e+00 2.936460076292562782e+00 2.214184264786489997e+00 -1.644373031721559686e+00
-1.909657416763213655e+00 -7.167990140078909223e-01 -8.736094871537712914e-01 -1.366743916532935588e+00 -2.366690526999301714e+00 -1.751944128517740840e+00 -1.016936138945008228e+00
-1.027450999448790814e+00 -1.859322516995028374e-01 -3.190436189962706504e-01 -6.903262553426110504e-01 -1.340089081651177016e+00 -6.770004901577429957e-01 -6.481859224242186857e-01
-2.037182727654290870e-01 3.904257206691422177e-01 2.617908723676430904e-01 1.801928663317135760e-03 -3.337079812278303526e-01 1.114451641377674773e-01 -1.282067542961786155e-01
5.917750552495435468e-01 1.015453648519356600e+00 8.896084062629928679e-01 7.525195198970261456e-01 5.931716337875255762e-01 8.473014715903396388e-01 9.291970753233375069e-01
1.360871685013675503e+00 1.707618087798000284e+00 1.588169642844530882e+00 1.555664389735852415e+00 1.426343966782742889e+00 1.561956495250715671e+00 2.200905534436806033e+00
2.096017966499553964e+00 2.522929150389499053e+00 2.419407082646269469e+00 2.380489347463519145e+00 2.163820488800460407e+00 2.254249027955562923e+00 -3.031491458564020469e+00
2.783369871865528644e+00 -2.725259305688182643e+00 -2.815890041494847562e+00 -3.114635816281666081e+00 2.791668052119848920e+00 2.918382155406175738e+00 -2.176428889683392764e+00
-2.892279496559713614e+00 -1.533903313624369380e+00 -1.689534023909057270e+00 -2.445978145831161132e+00 -3.015345216809981910e+00 -2.749072359731563608e+00 -1.420335866905692468e+00
-2.459380521261826047e+00 -5.382018884946416781e-01 -7.631922046997640097e-01 -1.956871383731375813e+00 -2.740861147603664172e+00 -2.337142134054635445e+00 -7.033363846963068822e-01
-2.372288892447021347e+00 1.484135154303294901e-01 -7.537073333563069910e-02 -1.722002753284163523e+00 -2.515931383301400981e+00 -2.411870535431790863e+00 -1.051415437702857628e-02
-2.226409530887399235e+00 3.774109104208572263e-01 2.665292039014263148e-01 -1.529515981547303616e+00 -2.114766745093666245e+00 -2.145037542469352854e+00 4.510356287604641579e-01
-1.700738894472762608e+00 2.112352257740241768e-01 1.154028321206345964e-01 -1.075479162729864768e+00 -1.562219833021777360e+00 -1.446882168975083038e+00 -1.420465460624907861e+00
-9.992382766246170611e-01 5.227040547303989371e-01 2.737075157544558435e-01 -4.536020020671490127e-01 -9.391685573200345694e-01 -6.478207124658069693e-01 -8.009150374614837364e-01
-2.408079598269233512e-01 1.077472665419951792e+00 7.632602166518097642e-01 2.342417587840873450e-01 -2.870421839104894679e-01 1.464768626000801655e-01 -1.073662914443265226e-01
5.226738358114408900e-01 1.686211283882004475e+00 1.342393854024129585e+00 9.463819558421644462e-01 3.801615056589527364e-01 9.093645165341496250e-01 5.853814563870122223e-01
1.268861037852343498e+00 2.280333494182183340e+00 1.931251346879614195e+00 1.672942762279040041e+00 1.059036920114805547e+00 1.629497629075121967e+00 1.263910756437299554e+00
1.986230118565347258e+00 2.819381631437567481e+00 2.491965246532619194e+00 2.413273736342063103e+00 1.758173906424304267e+00 2.307464353231429843e+00 1.899284969965023606e+00
2.668505796500563854e+00 -3.008940020684121475e+00 2.997563241903026032e+00 -3.117589265343205351e+00 2.498775068265054244e+00 2.944838099176573021e+00 2.402886127726030718e+00
-2.973290177681908286e+00 -2.640926624277398549e+00 -2.839096105708674322e+00 -2.362117856309211561e+00 -2.964857543139594043e+00 -2.751027967935208540e+00 2.066343248215201100e+00
-2.388418619715142910e+00 -2.296659192944047856e+00 -2.431471090343220176e+00 -1.638067013680566619e+00 -1.986409420308331120e+00 -2.234896908168746421e+00 1.388762715007790582e+00
-1.896621436823917595e+00 -1.946257169956487676e+00 -2.061471351364497107e+00 -1.096469426978206485e+00 -6.577282258880983168e-01 -1.858893670781638807e+00 1.768711241722527694e+00
-1.558922696225006010e+00 -1.654109910311684084e+00 -1.788339929504928705e+00 -1.481804226271207892e+00 1.145935183108663269e+00 -1.683528844968456673e+00 2.242685038192361535e+00
-1.349452615454448612e+00 -1.447131301787900171e+00 -1.604878451734041311e+00 -1.422838306686826426e+00 -2.576801609847701346e+00 -1.518769901561624280e+00 2.626216990702409326e+00
-1.063756980872579749e+00 -1.146758567118482564e+00 -1.316576277786396076e+00 -7.614571292257042989e-01 -8.831590753488135492e-01 -1.121696224551404608e+00 2.702106250634319640e+00
-6.157595334928788189e-01 -6.758746308588075014e-01 -8.461698765402880795e-01 -6.167522011510234541e-03 9.978460635011381086e-02 -5.323015644913207112e-01 2.626151555639919533e+00
-4.850356076897365670e-02 -1.213507547355552607e-01 -2.636636050985107782e-01 7.780396302824974519e-01 9.121959190346641266e-01 1.704423802611954586e-01 2.819247646264535057e+00
6.134352548750919842e-01 4.351201662432190864e-01 3.495869848141706093e-01 1.631726356971046954e+00 1.647458062359001385e+00 9.645751360030027088e-01 -3.127448471159192778e+00
1.417371874777682894e+00 8.965261514491587036e-01 7.836039233900775614e-01 2.692917687550514305e+00 2.331848036502936150e+00 1.861941627982364400e+00 -2.957316563816742683e+00
2.556368780517710437e+00 6.383617173913583853e-01 -1.289561653998773538e+00 -2.370157069860018950e+00 2.979478263560186413e+00 2.918259917492458833e+00 2.840018255683822268e+00
-2.346234064327820334e+00 -6.781651939010043817e-01 -8.065997425910850227e-01 -1.480537268098496950e+00 -2.671902174764703375e+00 -2.229885095393706163e+00 2.901569331996397327e+00
-1.398347797238491230e+00 -2.980512324545744329e-01 -2.929905829485552893e-01 -8.320564993360497485e-01 -2.020323368427911159e+00 -1.306504262223350921e+00 -2.805267753507015183e+00
-7.071054367555691389e-01 2.315644129860162659e-01 2.421147457606072084e-01 -1.928576454691118269e-01 -1.301439283607809472e+00 -5.725993250409233681e-01 -2.076661524268535342e+00
-8.736070262410058906e-02 8.079122325867421628e-01 8.143102178244440159e-01 4.890045139552846587e-01 -4.980949280496464460e-01 1.020133458432993662e-01 -1.220444725581346423e+00
5.232042626565436283e-01 1.380008065547215113e+00 1.409661008407187888e+00 1.194847422514881741e+00 3.559884352246619477e-01 7.614172184895656725e-01 8.023634207664662177e-02
1.137498198613018374e+00 1.915304082555898457e+00 1.996737018438086819e+00 1.899627040281148593e+00 1.207912816324727245e+00 1.418408282937655418e+00 2.313874955977236247e+00
1.753706415681386854e+00 2.396580448603322644e+00 2.547185360137021348e+00 2.591032734187109110e+00 2.020869818944188712e+00 2.069598464875878729e+00 -2.829943824969497701e+00
2.367188560723169299e+00 2.829400247482472430e+00 3.041861247046516947e+00 -3.011619019892065818e+00 2.783613777401633183e+00 2.706245674605570084e+00 -1.893119862797345565e+00
2.975265279020081532e+00 -3.035673450835811860e+00 -2.821333439493355577e+00 -2.328889758947412680e+00 -2.789325503096770298e+00 -2.981793473853118659e+00 -8.562438413573311147e-01
-2.710714752259129057e+00 -2.598233712839543852e+00 -2.483617521960248098e+00 -1.488446901214530271e+00 -2.157415288782865037e+00 -2.532260248086994459e+00 3.949945387610311331e-01
-2.155827656192990105e+00 -2.111352697721474936e+00 -2.171622005640993613e+00 2.125817673918046324e+00 -1.779515639003269145e+00 -2.486895061392872641e+00 1.623537278512219517e+00
-1.751506249383872005e+00 -1.562462516948924129e+00 -1.701117723179813579e+00 2.846948623181999594e+00 -2.503919539285433871e+00 -2.548807085613442158e+00 2.613261611776263926e+00
-1.685995149458689779e+00 -8.972518689362355415e-01 -1.041845407565712200e+00 -2.707522982574305015e+00 -2.434876299427728874e+00 -2.131821780527822341e+00 -2.832417567952218995e+00
-1.496888763304785597e+00 -7.626296925977685270e-02 -3.389820924090499732e-01 -1.959354352932472620e+00 -1.874472644830264656e+00 -1.498643992848091688e+00 -2.065843129038755777e+00
-8.688031151783991435e-01 7.307080097389391238e-01 3.353156843184227354e-01 -1.193748034606007868e+00 -1.229491520795607418e+00 -7.820063113114494868e-01 -1.344186729517013124e+00
-4.809627803934568568e-02 1.438052554403188799e+00 9.790814995100672880e-01 -4.151874695073605182e-01 -5.671002839808532148e-01 -3.061361544664879461e-02 -6.587268390275530239e-01
7.903992587599336650e-01 2.081964548462291731e+00 1.599774945293780171e+00 3.742989898717119512e-01 9.591476995713975329e-02 7.202896931376013834e-01 5.498395325892820214e-04
1.553594838137150935e+00 2.690284920305249461e+00 2.190712248635517501e+00 1.172954732259716026e+00 7.705239545172408722e-01 1.453516991187930651e+00 6.477063356127412685e-01
2.224033810513865728e+00 -3.014053338670300342e+00 2.740619258555485160e+00 1.973356912472539193e+00 1.492144511394012385e+00 2.162179254262293071e+00 1.302737575939225012e+00
2.821605179684517406e+00 -2.471908994894422396e+00 -3.036236529184138000e+00 2.756927716566505371e+00 2.320680626254142620e+00 2.850787341072909431e+00 1.976276924320333306e+00
-2.902690148550770566e+00 -1.967131898511446986e+00 -2.560127204760108022e+00 -2.769656322495529732e+00 -3.018207143635937673e+00 -2.757937952101121137e+00 2.683772448933026578e+00
-2.344342385620577396e+00 -1.496709924726608465e+00 -2.083041315840590268e+00 -2.028291971010139694e+00 -2.102239203633840425e+00 -2.099783439147153263e+00 -2.845823144415239980e+00
-1.763045131782756458e+00 -1.047943113530527937e+00 -1.577381082657522304e+00 -1.293887154038356302e+00 -1.297652608223420323e+00 -1.448138003092887871e+00 -2.089935233183178642e+00
-1.151684623473639091e+00 -5.939936149586195757e-01 -1.026683504350039966e+00 -5.777497679991390189e-01 -5.796468315035868679e-01 -7.948736482738052445e-01 -1.451514999591849708e+00
-5.120489752614111323e-01 -8.977415951605963174e-02 -3.998869550519419391e-01 7.953056662466956306e-02 6.616661870644384436e-02 -1.389432632942571022e-01 -1.132593043637119212e+00
1.528153678099058721e-01 5.364143461688091197e-01 4.310931728973020904e-01 5.732553524181212001e-01 6.320903109840972922e-01 5.187478977772184141e-01 -9.488905489326008302e-01
8.409674516876400885e-01 1.407241197909800734e+00 1.653720227573333812e+00 7.033601659087044267e-01 1.099506790708379311e+00 1.167823204141666071e+00 -5.094862647505952191e-01
1.546097406388333484e+00 2.663178232086747865e+00 2.744716831834206339e+00 7.340702078091123628e-01 1.462385196752893579e+00 1.807696558685026655e+00 5.967214454028434839e-02
2.257435841756776806e+00 -2.464721284456495631e+00 -2.762850691561600236e+00 1.138901194796732019e+00 1.765232934615823535e+00 2.445811443865715251e+00 6.497574832247012822e-01
2.961014351258716815e+00 -1.650009514965328439e+00 -2.108885016292409098e+00 1.741947483786276285e+00 2.138136362201472185e+00 3.099808827478006013e+00 1.189692305913100823e+00
-2.634466593323219197e+00 -1.006857039015052191e+00 -1.506387775207562507e+00 2.400022469088004318e+00 2.685498268459340476e+00 -2.489830254506975038e+00 1.599732138011051852e+00
-1.956419797706335340e+00 -4.663102135486847932e-01 -9.296434236094650583e-01 2.551824326560201861e+00 -2.813401788647261537e+00 -1.752689396647558961e+00 1.793603895706602502e+00
-1.279929956740390340e+00 -7.213782105338857609e-03 -3.668442744148830981e-01 9.587121004560250626e-01 -1.302014272814623563e+00 -9.628886270492290622e-01 1.933558716305083136e+00
-5.987414724198741878e-01 3.726554010925118843e-01 1.827941402156913198e-01 1.628810696843578043e+00 6.045680696831453593e-01 -9.865613547900464742e-02 2.246274154743275631e+00
9.336367716091505120e-02 5.690000830490187234e-01 7.123189144896419078e-01 2.327211565153761708e+00 1.607148208978597115e+00 8.796184207224576612e-01 2.673829545234248428e+00
8.115768563541148062e-01 4.353483250973580465e-01 1.187082175939346174e+00 3.017748165829662099e+00 2.446688716007211273e+00 1.997688591993277418e+00 -3.132766053348766455e+00
1.684552464493175528e+00 4.160646786885065507e-01 1.255019198944402392e+00 -2.581749690691652166e+00 -3.009175822735168815e+00 3.115650735382760050e+00 -2.620877290382150449e+00
-1.652140339760168830e+00 7.097216817017035773e-01 -3.912414083477065430e-01 -1.894217783331759497e+00 -2.152358311831716442e+00 -2.205114018948681753e+00 -2.065978009728167919e+00
-6.340937238540618193e-01 1.127263382182418505e+00 -8.404541804047445559e-05 -1.198642212986023470e+00 -1.255767246185938379e+00 -1.372198519631058877e+00 -1.481514423485383647e+00
9.049627038831956072e-02 1.604476429602587739e+00 5.372827926548331412e-01 -4.981875874680775640e-01 -3.401931103128439937e-01 -6.199874278845417530e-01 -8.919472255924366655e-01
7.678052506515127273e-01 2.123291802019289687e+00 1.106264798280742534e+00 2.069958200836621853e-01 5.497675887419360974e-01 6.045109373896271482e-02 -3.170782090394547725e-01
1.403399476137913826e+00 2.658610135665762542e+00 1.650684414993546900e+00 9.500873684813346820e-01 1.371239675516918499e+00 6.194506649249644781e-01 2.387553491921219906e-01
1.964349398545061520e+00 -3.137957975442030367e+00 2.009367812972907341e+00 1.989140313524319303e+00 2.097200319380441158e+00 5.314038414269357524e-01 8.287629830631869643e-01
2.352896461814968809e+00 -3.095883847978207370e+00 7.485776761902566134e-01 -2.510097220018018049e+00 2.713151423286521702e+00 -7.443994456904835799e-02 -1.869209345319207571e+00
2.414653020072121681e+00 2.248359682517577340e+00 7.648545287528429881e-01 -1.574309255047105172e+00 -3.079726694774149287e+00 2.875535383112307053e-01 -1.258252764039361482e+00
2.448026605632251496e+00 2.453477202381804556e+00 1.226084898519153032e+00 -9.892318735796622464e-01 -2.748017915805871514e+00 7.274568620948720366e-01 -6.918217306829013147e-01
2.743553807669697253e+00 2.887076572473959324e+00 1.720400512869141085e+00 -4.850736585081915631e-01 -2.622227491380403119e+00 7.417568855276438500e-01 -1.805538401342925425e-01
3.087857223039049970e+00 -2.981634408076967002e+00 2.172835785398266051e+00 -6.713343342255270740e-02 -2.649742094127593983e+00 5.293811069444773754e-01 1.561568703333003905e-01
3.124234733167641220e+00 2.743204817925316341e+00 2.499072524478591628e+00 1.135401148319186981e-01 -2.561171374673148815e+00 9.431490729039376797e-01 5.009350164530044364e-02
2.804877599032000735e+00 2.112273796047781094e+00 2.694463434776066979e+00 -2.564135700959448982e-01 -2.342123039237294257e+00 1.683579250934472249e+00 -2.181022416713493950e-01
3.057962288453812238e+00 2.706700074648769938e+00 3.016363755452056150e+00 -5.946905749072541880e-01 -2.099920285697984834e+00 2.619956931879732664e+00 -1.012043665644448975e-01
-2.648006176602919481e+00 -2.834667801381302255e+00 -2.690841258807996628e+00 -6.510168787438893601e-01 -1.837893579337911421e+00 -2.631676006988441507e+00 -3.262305191848528518e-01
-1.933392705269801670e+00 -1.951071687955378664e+00 -1.907890315461707731e+00 -5.450814017628610175e-01 -1.480922329330646603e+00 -1.638227203173677760e+00 -9.941209495772836968e-01
-1.110892501385267517e+00 -6.505352983754324470e-01 -8.520364494208544359e-01 -2.525810970861691596e-01 -1.003885796804876218e+00 -7.421046252758983774e-01 -7.277336796645220707e-01
-1.862871511579438366e-01 1.145824794978308248e+00 5.338964561518076968e-01 1.742378670459241718e-01 -4.334669560844884861e-01 7.923416891875609269e-02 -2.319806470732746484e-01
7.936353291170282764e-01 2.255104680907751735e+00 1.716627459692973368e+00 6.583816239393549541e-01 2.032522846825005614e-01 8.591830992758473506e-01 2.894944762480548550e-01
1.749235212566089048e+00 3.066835087308477537e+00 2.600651941357224661e+00 1.148956565036415967e+00 9.060003846705441122e-01 1.610936287158687419e+00 7.927145421372466805e-01
2.638658977511308290e+00 -2.490311639205924799e+00 -2.898211482948722661e+00 1.572686832337622853e+00 1.772705596043157250e+00 2.350217482308121664e+00 1.223693036649922128e+00
-2.808477645463738792e+00 -1.777547731039561096e+00 -2.119680442964578582e+00 9.200409051877415090e-01 -3.024303944352935147e+00 3.113358031624881228e+00 1.311216260954068735e+00
-1.996470984411404137e+00 -1.049328997049497003e+00 -1.305201447978673768e+00 9.113126249477694618e-02 -1.475868941043595006e+00 -2.216732952229307330e+00 5.593913323375855340e-01
-1.192026271342860655e+00 -2.786360692787357429e-01 -4.375106090992492702e-01 5.504559217175047925e-01 -5.920620242136589439e-01 -2.934771985785014636e-01 7.194023864421847936e-01
-3.895860356873065977e-01 6.956006974667954257e-01 5.002956508615005182e-01 1.098023184215684678e+00 1.056343164016475128e-01 8.872032617752878547e-01 1.195409207612710523e+00
4.128459219331085395e-01 2.991353109299976776e+00 1.531233138921044734e+00 1.659702040765633990e+00 7.446857149768574269e-01 1.549058117877446739e+00 1.718441473165146505e+00
1.215333326187311380e+00 -2.131207561104261572e+00 2.569235930765460196e+00 2.217125533154576722e+00 1.376457242850962936e+00 2.154974357670411678e+00 2.230970607408113260e+00
2.021746439392102968e+00 -1.530238509232180633e+00 -2.875863952652863098e+00 2.772650785318645283e+00 2.034744034529877066e+00 2.786474805314365089e+00 2.727774626675608438e+00
2.829312093746258139e+00 -1.050507946879273735e+00 -2.215204870429245521e+00 -2.938922319749110112e+00 2.745486886308697194e+00 -2.833493806428504680e+00 -3.046958610527710221e+00
-2.655502142235820706e+00 -5.749681876569865402e-01 -1.603659725753342258e+00 -2.336326356114590830e+00 -2.756703101549792478e+00 -2.135058701869409159e+00 -2.503549655364561755e+00
-1.876571289640610152e+00 -5.858946427575678628e-02 -9.978587846937119199e-01 -1.705023427668439506e+00 -1.910160388619648097e+00 -1.405070374605424277e+00 -1.915262771881344417e+00
-1.142415357333346204e+00 4.624671262723112353e-01 -4.156212513196368419e-01 -1.068515642249151965e+00 -1.043023592516305387e+00 -6.378176059737173942e-01 -1.293931352011562952e+00
-5.341539461874150740e-01 9.231651648392832366e-01 1.112035736226159588e-01 -4.537297540532588824e-01 -2.494622800414435515e-01 1.931041098040595372e-01 -6.368839443500599051e-01
-6.169619487639647071e-01 1.108534023210314245e+00 5.698483487746510701e-01 1.445008584546592645e-01 3.841187258766268764e-01 1.195492843969211849e+00 1.093774396393936560e-01
-1.254507606920677976e+00 5.474907517946011604e-01 9.558726877107239783e-01 7.652364696298741276e-01 8.906179570402179557e-01 3.047131147718326272e+00 9.806547896483617244e-01
-8.668495233369386543e-01 3.421516465459548129e-01 1.225750923741141696e+00 1.426913125073882460e+00 1.406386125128344267e+00 -1.617162628097247312e+00 1.908393750634824748e+00
-4.019492788916836368e-01 5.749460705139890493e-01 1.235277774781110560e+00 2.100607099353347440e+00 2.002612523274201806e+00 -8.191246311268005620e-01 2.809112999431996549e+00
-3.438107622253900458e-02 9.076130950183232127e-01 1.221938923574555025e+00 2.719100370073522566e+00 2.669228487508738645e+00 -3.138548969306669822e-01 -2.606021043312761964e+00
2.718635416974509167e-01 1.313672330131690602e+00 1.531474695934715191e+00 3.092739302807113511e+00 -2.058881174530543395e-02 1.082912608639931135e-01 -1.731106362295894430e+00
6.647444389938457210e-01 1.767887341994550665e+00 2.005736889547542923e+00 2.857672542051208353e+00 8.705772243414653389e-01 6.114081649134840424e-01 -7.395964743576015632e-01
1.157624296534056851e+00 2.213026256132893277e+00 2.502613553862779394e+00 2.940393472102797112e+00 1.564711226447248471e+00 1.199039532460820068e+00 2.083891636831176175e+00
1.689298060547549385e+00 2.587488653634015368e+00 2.941405772390177642e+00 -2.872559611014661840e+00 2.220146106204020420e+00 1.793473585205886511e+00 -2.857847034454121804e+00
2.214958976557192205e+00 2.884869057001439252e+00 -2.985279441621480068e+00 -2.355316551530870051e+00 2.817880290764409601e+00 2.348822484241450237e+00 -2.065223076067788099e+00
2.718856375850956741e+00 -3.076697557896042934e+00 -2.651460949464067518e+00 -1.960853644003203611e+00 -2.936045400864219612e+00 2.866217075079383836e+00 -1.527097959538269212e+00
-3.077792895918611826e+00 -2.680343077348546821e+00 -2.231828397448905488e+00 -1.822977489765521097e+00 -2.453418384761826498e+00 -2.904602750233292507e+00 -1.727784386031070429e+00
-2.608900699246085697e+00 -2.245720582919021435e+00 -1.689500431813795389e+00 -1.684120764884099897e+00 -1.957691575085247049e+00 -2.356195516082791208e+00 -1.717052118728554566e+00
-2.202221878841791103e+00 -1.891096631183412979e+00 -1.033830341617032023e+00 -1.288984540595091044e+00 -1.419653459065750134e+00 -1.777387048761498667e+00 -1.107663599826117728e+00
-2.134047701676641928e+00 -1.945039961830608677e+00 -2.588913846468804958e-01 -7.643996834456938672e-01 -8.868394848046491363e-01 -1.185800380843760493e+00 -3.284403043712457171e-01
-2.758273494773348933e+00 -2.519035911731631661e+00 7.083356740213727631e-01 -2.052026992916260451e-01 -1.705212783892050776e+00 -5.931993496284438949e-01 5.558541227608790880e-01
-2.645386311047236205e+00 -2.387325959010229592e+00 1.964130026784096872e+00 4.051663029422434281e-01 -2.396973336707012514e+00 2.772740757982130599e+00 1.568858819280987804e+00
-2.190905088655910049e+00 -1.951268631397648390e+00 -3.082641638303794895e+00 -2.721354089641002005e+00 -1.811076523176320396e+00 -2.733591558588369441e+00 2.653271051581876705e+00
-1.642483069574745214e+00 -1.412636043366511496e+00 -2.099735852243893142e+00 -1.821547370185534698e+00 -1.136426436274751151e+00 -2.223502372664684756e+00 -2.609591063164149904e+00
-1.039908186746349106e+00 -8.364078822236836741e-01 -1.261508890571507058e+00 -1.208978901591141186e+00 -3.565431563784570712e-01 -1.770694314505466549e+00 -1.701760617153527999e+00
-3.799688383987024909e-01 -2.587315351383130957e-01 -5.076113897030662958e-01 -6.676701128120368089e-01 6.421795041739785104e-01 -1.398868043604650779e+00 -9.194574040111105351e-01
3.918164008718847402e-01 3.196931932197876192e-01 1.711770881107750053e-01 -2.792472845466464348e-01 2.032713012924074913e+00 -1.240651167140562894e+00 -3.334740967225785502e-01
1.938229510907616637e+00 9.432349184730637326e-01 7.893137415543981517e-01 -9.498256270816148039e-02 -2.917235963968633161e+00 -1.533850996875623096e+00 -1.037236426569008718e-01
-2.378253202137741162e+00 1.753914711112065206e+00 1.394323473381340994e+00 1.075345714734542713e-01 -1.962689754647261253e+00 -1.608646724905470116e+00 1.257362275065794510e-02
-1.719205819914014333e+00 3.019394001636302338e+00 2.062109678607273011e+00 4.906244262863798666e-01 -1.226753558967476954e+00 -1.295467534362470641e+00 5.397090308658701874e-01
-1.409188587439528240e+00 -1.849352497044801424e+00 2.877443037304791673e+00 9.500131691861795069e-01 -7.395379196933404842e-01 -8.711019820282303039e-01 1.468238913758433739e+00
-1.247981120966562329e+00 -8.349889496364010233e-01 -2.306623357788363915e+00 1.121981916669715362e+00 -9.225737587406644957e-01 -4.400465522919023154e-01 2.982915584899849648e+00
-9.188857042172779988e-01 1.824217775073097569e-02 -9.267366956395222122e-01 -2.806116131887700371e-01 -9.972565379037222622e-01 -7.534059227752971065e-03 -1.912723253891762010e+00
-4.095566670664247400e-01 8.294888278271336235e-01 2.615844081644351782e-01 1.158822652038201534e-01 -4.900654276370628448e-01 4.570952471615390977e-01 -9.298657603580899877e-01
1.870196889526633821e-01 1.631721165953815333e+00 1.209668371268711518e+00 7.157922519737688338e-01 1.783070125932812722e-01 9.853045945511090808e-01 -8.183881114520102917e-02
8.228374030140187534e-01 2.427785845515817442e+00 2.052667956745819478e+00 1.353097868524305802e+00 9.011918955217836924e-01 1.560451823611183730e+00 7.205748451068029192e-01
1.476862592234909233e+00 -3.062215269394050754e+00 2.855222538648277908e+00 1.994444456412005851e+00 1.652868478603862323e+00 2.160411536679093469e+00 1.492340525992536193e+00
2.139932128600814387e+00 -2.261225259419360256e+00 -2.638357356225329742e+00 2.612612690474725330e+00 2.423631453973206007e+00 2.772869851498865224e+00 2.228181299547695726e+00
2.798341890166341717e+00 -1.453699367036814571e+00 -1.853351383110508843e+00 -3.115913738581358228e+00 -3.078213494854442622e+00 -2.900650545989560403e+00 2.914399439842026318e+00
-2.921383447324210625e+00 -6.426992922982952550e-01 -1.084467649289002633e+00 -2.665277050428795480e+00 -2.304866257725748380e+00 -2.338663000261688829e+00 -2.717617025076520143e+00
1.379978468415602011e+00 1.745435613038436029e-01 -3.484524149402897786e-01 -2.279387183020283203e+00 1.828132444752303520e+00 1.872025693974222138e+00 -2.013430447959192460e+00
1.904481676363159570e+00 1.011434534286285158e+00 3.532829790849745244e-01 -1.831898511854294753e+00 2.731816495131798916e+00 2.465881736170162153e+00 -1.204529348319717252e+00
2.594258472965791817e+00 1.994376920442209267e+00 1.028236214848736063e+00 -1.183308433519990155e+00 -1.394091984853070398e+00 -3.078080525201872142e+00 -3.337532033859790248e-01
-2.924500080200532093e+00 -1.018766060189569167e+00 1.677715203029008117e+00 -1.710617653913861225e-01 2.020253067567902294e-01 -2.268835604033756503e+00 5.079733962706657335e-01
-1.758617225368386272e+00 7.384591183955517557e-02 2.274493396442917703e+00 9.895994953413435047e-01 1.072100966359070373e+00 -1.215360246356747442e+00 1.264034547662213903e+00
1.096962422133517023e+00 8.518625025900925518e-01 2.747518075000809468e+00 1.934869935751436953e+00 1.841785019517660604e+00 1.999379066629463519e+00 1.964948829125148899e+00
2.013376463697596819e+00 1.431195689678202099e+00 2.867977113438351378e+00 2.734909825435705155e+00 2.579156517423514483e+00 2.890218010295455553e+00 2.647182166977443796e+00
2.762985400577333994e+00 1.827890264197505887e+00 2.705426394261023049e+00 -2.803699044109752236e+00 -2.980081528004640656e+00 -2.632833133337424414e+00 -2.941043559763806048e+00
-2.815284856561433013e+00 2.293278093935680939e+00 3.001292614337655706e+00 -2.068485563910813951e+00 -2.264168590569436645e+00 -1.923773291462365975e+00 -2.187762808135266468e+00
-2.140384272610188265e+00 2.872034810793722581e+00 -2.790647789016500901e+00 -1.324644401632889101e+00 -1.557888771045377707e+00 -1.249769453441436307e+00 -1.340511068352310042e+00
-1.512201510598216059e+00 -2.824564081674902027e+00 -2.306579786041259794e+00 -5.610002764652260998e-01 -8.744354093896813396e-01 -6.276954746350515979e-01 -3.100545906308072586e-01
-1.077383243565662507e+00 -2.238787733482296094e+00 -1.954004868316429722e+00 2.694760169497719127e-01 -2.338599768585487293e-01 -1.418455797209013380e-01 9.822261624915186173e-01
-1.737755279127440211e+00 -1.635513548119359895e+00 -1.795595040281241506e+00 1.588340818932612253e+00 3.311027866573206246e-01 -3.041652706428219985e-02 2.162800622253335803e+00
-1.778465221823814835e+00 -1.001710350397735594e+00 -1.612620994528825902e+00 -2.356062103603072444e+00 7.246543154546615240e-01 -2.155604364318469690e-01 3.052193266338355748e+00
-1.209133890161797176e+00 -3.528619159705662089e-01 -1.211430190644603222e+00 -1.403985094580013637e+00 7.728803076540989858e-01 8.387657440828058530e-02 -2.490339302401656241e+00
-5.429185207848707950e-01 2.858570682042266276e-01 -6.717401384793016961e-01 -6.769154256808485037e-01 7.538356936796611896e-01 5.944087480160870074e-01 -1.830612678327334875e+00
1.401327987745388803e-01 9.133173077728866662e-01 -6.712356734338841002e-02 -1.024219145842011902e-02 1.080981042930408753e+00 1.167440278134538989e+00 -1.218390671136256653e+00
8.207753985945351882e-01 1.539049345124934742e+00 6.046361383026707115e-01 6.352040817293832520e-01 1.594649720303298768e+00 1.761143632264155823e+00 -6.281291637897949975e-01
1.499584524556784038e+00 2.192737095492339527e+00 1.422216060609557520e+00 1.281131088520991002e+00 2.183666999517396956e+00 2.387034034974341523e+00 -6.798132639787641401e-03
2.204315071286792271e+00 2.916425042748043595e+00 2.523297944849649088e+00 1.980456620498387998e+00 2.806048807087323294e+00 3.052240569171045692e+00 7.516929380326395904e-01
2.986524519193471949e+00 -2.533756035089921532e+00 -2.666429198594173933e+00 2.790357162010916880e+00 -2.833026808451916345e+00 -2.550719220834403611e+00 1.741306279705491011e+00
-2.416094135530317377e+00 -1.597642555582805990e+00 -1.832475205355665882e+00 -2.607676962486480399e+00 -2.148775131837649344e+00 -1.861849558408269933e+00 2.939446728269382803e+00
-1.504149060126371618e+00 -6.847587304499528349e-01 -1.122819717539441209e+00 -1.735132674472518621e+00 -1.419830052743150883e+00 -1.179958218350949384e+00 -2.206820164183515676e+00
-6.443253156747567045e-01 1.299714332190730626e-01 -4.770842739857463766e-01 -9.220306009174485951e-01 -6.640876816563694440e-01 -5.185790544355431964e-01 -1.255466871257413519e+00
1.471374389934964333e-01 8.779488904064212118e-01 9.852904592442641996e-02 -1.774120576781783032e-01 8.624601635678062761e-02 1.116503220373662730e-01 -4.372819280145373022e-01
8.833880686965348561e-01 1.587100641251361521e+00 5.666121627534747018e-01 4.962848780984791541e-01 7.946631881761948568e-01 6.825113388314609786e-01 2.887865988461853495e-01
1.564027430929531670e+00 2.279008963369233864e+00 8.567715816836752873e-01 1.095998938219510332e+00 1.426633239558565691e+00 1.176202983680038283e+00 9.360702663189645056e-01
2.159716989590122260e+00 2.964527758216568110e+00 9.651282031023216135e-01 1.628417539619746890e+00 1.930972113587557493e+00 1.461458542046327969e+00 1.527047560003030435e+00
2.479281665512455213e+00 5.147362350177883128e-01 1.065770498011248568e+00 2.083771290006293686e+00 2.261296496252696464e+00 1.388620704543702011e+00 2.027994721730921768e+00
1.671172111104678226e+00 1.174053089448715115e+00 1.280250642836608277e+00 2.389021250749270298e+00 2.490799210948467568e+00 1.448868003313794617e+00 2.224963390413888131e+00
1.690068909654383944e+00 1.842347922697242124e+00 1.604335261432519033e+00 2.328115115398655011e+00 2.747717443584313024e+00 1.803711601318362501e+00 1.551978407097474699e+00
2.140557345299584746e+00 2.520590669869697376e+00 2.030110625573180894e+00 2.004136221535896212e+00 2.975851670799601223e+00 2.250365740224480771e+00 1.334361814317789552e+00
2.643129116958225389e+00 -3.070313790039346902e+00 2.538865579812174644e+00 2.184443187082836246e+00 3.078152912517153172e+00 2.726601145309390795e+00 1.692590662289072734e+00
-3.134086826231457401e+00 -2.353934652206192357e+00 3.094812650790350617e+00 2.688881644934557613e+00 -3.011837365636862440e+00 -3.030070809784279895e+00 2.266549770944024100e+00
-2.615863870045228357e+00 -1.615818361324821595e+00 -2.621273951165720373e+00 -2.943645550442154146e+00 -2.582864643145319050e+00 -2.466688241213706778e+00 2.936136417673699928e+00
-2.070564068559043847e+00 -8.493039706847105297e-01 -2.115182121852168695e+00 -2.215601931266963920e+00 -1.999945667788249670e+00 -1.887747496811016612e+00 -2.698610650754657225e+00
-1.491476689364693131e+00 -3.422274360656479830e-02 -3.106708293202138371e+00 -1.424321066398282598e+00 -1.339728910979649079e+00 -1.343646098864927030e+00 -2.466191191476537092e+00
-8.968140120408286675e-01 1.030118662235255167e+00 2.706237394516446404e+00 1.547686212861666341e-02 -6.429400341686493103e-01 -9.095305888698977936e-01 2.836944047904002453e+00
-3.393955043549071737e-01 -1.976620327398231014e+00 -2.958014619145364676e+00 3.126125292965785896e+00 5.484937809875015113e-02 -7.428110106543469593e-01 -2.968387607008880380e+00
2.086697056011852999e-02 -1.115311834041360139e+00 -2.224214559593629570e+00 -2.320255351913940167e+00 -2.113887435733183828e+00 -8.388178148846987536e-01 -2.309218552835804239e+00
-2.892553895323208279e-01 -3.885588707105718798e-01 -1.418201698084859741e+00 -1.513486488465162871e+00 -1.513332428040686350e+00 -6.359788454455568285e-01 -1.638877764344120802e+00
-3.578623969908042435e-01 2.703474968259057531e-01 -5.793424351999854061e-01 -7.180803856819469866e-01 -7.800748805959234478e-01 -1.961412214245515651e-01 -9.972296326534635380e-01
9.108103007407845897e-02 8.814484091474649174e-01 2.256534913408809462e-01 6.654886823254013706e-02 -4.111939935045750422e-02 3.361597405156557250e-01 -3.996121158727145573e-01
6.679681643751462783e-01 1.441174039628754233e+00 9.252301124760753392e-01 8.420007771150660458e-01 6.835279961395510639e-01 8.951828721171014580e-01 1.517604258397543537e-01
1.273174588219906367e+00 1.940396778912654829e+00 1.463979340361418302e+00 1.609421284903444382e+00 1.384683670979528491e+00 1.477906207286385998e+00 6.266097886543574580e-01
1.874455678191986108e+00 2.354005581806417613e+00 1.852114002826878103e+00 2.382459939943152971e+00 2.064199979705477084e+00 2.068183925587990135e+00 9.718347302446989078e-01
2.453131542349740624e+00 2.690465922630669748e+00 2.205476270324275845e+00 -3.073475447722294973e+00 2.742673787252310369e+00 2.645527205302608653e+00 1.012188321487000220e+00
2.997782283070827170e+00 3.042938268321861539e+00 2.632207602578736871e+00 -2.036945308504816587e+00 -2.843004840268369193e+00 -3.079672743039853167e+00 8.396616406419079581e-01
-2.777072375307024110e+00 -2.810202439898306537e+00 3.128003743656628810e+00 -5.261496070979830852e-01 -2.135050320301646654e+00 -2.553224544097919324e+00 1.017854744997445771e+00
-2.303712119182817375e+00 -2.301473992891440723e+00 -2.648649689855304690e+00 7.542522100459146950e-01 -1.440536804912568414e+00 -2.042866796713345146e+00 1.475598874389805637e+00
-1.855996292006859116e+00 -1.746638775064117688e+00 -2.198685144183620377e+00 1.604470009373242911e+00 -8.114271831053074813e-01 -1.571016581340796803e+00 2.041373448651689682e+00
-1.431611403499462920e+00 -1.184172806330577643e+00 -1.972361587326464605e+00 2.289793146492646869e+00 -6.185358348652607585e-01 -1.210237040409756215e+00 2.652213906314395686e+00
-1.055676576252226218e+00 -7.176258251161193868e-01 -2.271430661140299456e+00 2.892427377351980855e+00 -2.173153601181309291e+00 -1.341532404792757038e+00 -2.997901250802664119e+00
-8.132668704986732999e-01 -1.623966674139994293e+00 -2.425849258932172070e+00 -2.869545027222844880e+00 -1.873666265922783181e+00 -1.921460725970159045e+00 -2.389877890456906240e+00
-8.924359229506934055e-01 -2.036955520226998217e+00 -2.165673525735440474e+00 -2.447602285992462878e+00 -1.636586693797079883e+00 -1.746680892404538277e+00 -1.889033170151920293e+00
-1.117250404734487779e+00 -1.545445131459436627e+00 -1.741028814932201296e+00 -2.096965151201379385e+00 -1.504520873795014424e+00 -1.390294428714937913e+00 -1.685564452701637572e+00
-9.718592781648329737e-01 -9.619557105049072465e-01 -1.228819360520490234e+00 -1.710348782517198574e+00 -1.214822091408267024e+00 -1.024013726107183775e+00 -1.662314264574878742e+00
-5.928224983805644444e-01 -3.526086827075814445e-01 -6.851136595810932706e-01 -1.238223199598822655e+00 -7.542512870914671597e-01 -6.475533681360239324e-01 -1.343334348245235121e+00
-1.245403871742615243e-01 2.551000897760150599e-01 -1.748401998130104384e-01 -7.080693387568932629e-01 -2.117022600914535424e-01 -2.279161705946427252e-01 -8.357762375043719105e-01
3.847700358620458894e-01 8.202216101879712395e-01 2.467872530230514339e-01 -1.616007028549186209e-01 3.583611250762382960e-01 1.991129257404684327e-01 -2.738011182272538369e-01
9.124503352390271882e-01 1.316444587241111686e+00 5.892862044543627498e-01 3.604937049153343898e-01 9.274112299368904022e-01 6.922206094084841776e-01 2.785708696352900970e-01
1.434551679075357189e+00 1.755606967248824812e+00 1.010285554556397569e+00 8.297083984260228418e-01 1.459082784780090680e+00 1.270070185790263650e+00 7.961255552332580088e-01
1.885738363788339145e+00 2.226990534067552208e+00 1.664073756551482264e+00 1.226021901590323315e+00 1.882052279125207672e+00 1.956197041443874296e+00 1.175237129738084363e+00
2.058549060308930923e+00 2.784427512650349268e+00 2.721249454746583751e+00 1.557508882992783450e+00 1.927810017734900461e+00 2.761401819002370583e+00 1.073623948145069118e+00
1.725586568551578104e+00 -2.892974790955622932e+00 -2.291152370018504136e+00 1.826296894895995004e+00 1.205654495875360332e+00 -2.515905546974774420e+00 6.960052330469763682e-01
1.753537304129845209e+00 -2.251931215322807045e+00 -1.458774489734216084e+00 1.889392273730904792e+00 9.687493951480597998e-01 -8.695029708196309048e-01 8.999525917410341469e-01
1.930052541618856310e+00 -1.603236165230192745e+00 -8.811411156794514143e-01 1.599186331294646823e+00 1.020722331867678134e+00 5.390465489551418132e-01 1.268369831773350942e+00
9.496527605351801071e-01 -9.670261613881379059e-01 -3.665114177401219142e-01 1.712751942795047944e+00 1.254370577576200407e+00 1.334686661697972232e+00 1.696201527503402806e+00
8.930960702209288504e-01 -3.701568093618030630e-01 1.208673998653223558e-01 2.168138232269039456e+00 1.632536984342003006e+00 1.924604881579533355e+00 2.179385227044524864e+00
1.358443517438783665e+00 1.392197789704488764e-01 5.442550965370765992e-01 2.704436027325830327e+00 2.076358333667595257e+00 2.400307010045213296e+00 2.696843088047744086e+00
1.906266274993337673e+00 4.744003604662673235e-01 7.798298375290568796e-01 -3.061768248729217490e+00 2.531155314034436721e+00 2.803222505377807039e+00 -3.060314952090528173e+00
2.496744758145792886e+00 7.655860370616740865e-03 7.049427124984708470e-01 -2.620383746142103121e+00 2.962437022978785084e+00 -3.064465794076795646e+00 -2.583123533408012040e+00
3.140405986600243615e+00 -6.862629640943003206e-01 6.720321437300641465e-01 -2.282246002071746549e+00 -2.959492788030924526e+00 -2.627664834497026813e+00 -2.222922802860651803e+00
-2.417202475783579718e+00 -5.985910667366666216e-01 9.050191457756170399e-01 -2.108781137747012036e+00 -2.736671689548541231e+00 -2.179313373347914862e+00 -2.327593004388674558e+00
-1.493575099993303734e+00 -3.902243847208263783e-01 1.181092768538635429e+00 -2.152987520800945020e+00 -2.740043370831401592e+00 -1.808418528390953073e+00 -2.878096839403554430e+00
-6.413669222789353253e-02 -1.769392980305001251e-01 1.310295345910846176e+00 -2.219075614198827484e+00 -2.823202313230694038e+00 -1.676391193314856753e+00 -2.849760451988200938e+00
1.383468058283403357e+00 9.360920741009925994e-02 1.266096640192427847e+00 -2.099420797892019408e+00 -2.712758619759964684e+00 -1.930320003854432365e+00 -2.606864374902518655e+00
2.355493345971106045e+00 4.203522702727719440e-01 1.312585450943032583e+00 -1.823961918967328399e+00 -2.381622720539919413e+00 -1.939214812352562545e+00 -2.293944059726233053e+00
-3.101432362717702507e+00 7.821660839000791343e-01 1.483680992528872755e+00 -1.418820425713520406e+00 -1.897027753046271359e+00 -1.635396968190048872e+00 -1.859636404340161198e+00
-2.282662573858728283e+00 1.150250738148479224e+00 1.715883215871693235e+00 -9.253842943712411451e-01 -1.308640454896094818e+00 -1.221788138115106559e+00 -1.337243789518428816e+00
-1.358299299054295028e+00 1.569208029731423704e+00 2.025562237865490722e+00 -4.025914372139177688e-01 -6.520114682662562222e-01 -7.758133761760068747e-01 -7.804151165498423026e-01
1.994689190904158638e-01 2.070347326623244832e+00 2.415865729111040139e+00 9.072916187200255611e-02 6.448482144715407538e-02 -3.769905495788344885e-01 -2.299238982848955115e-01
2.298796330601549975e+00 2.652022512951604405e+00 2.860239074054796937e+00 4.518057019077560965e-01 9.136134995148149640e-01 -3.503503829578361595e-01 2.245915008253577261e-01
-2.955149495975369689e+00 -2.899266794641210954e+00 -2.938274785415290857e+00 3.556671011885422784e-01 2.171666792636597787e+00 -1.341404286127063639e+00 1.141102666663508097e-01
-2.115647590906872377e+00 -1.461937055423735421e+00 -2.325506651584163365e+00 -1.214168321972644154e-01 -2.517237541861964356e+00 -1.137239986056098440e+00 -1.125164152236036275e+00
-1.321570288893304301e+00 2.643156437697224970e-01 -1.338155258066245690e+00 1.228188668812180001e-01 -1.376013783948057734e+00 -6.929668834026923019e-01 -5.103069431351604512e-01
-5.434900298760918513e-01 1.043243153595043937e+00 1.289085872900217478e-01 6.508736710326276098e-01 -4.320727202006887646e-01 -2.234750230154612938e-01 3.244022459536253233e-01
2.175520147834301699e-01 1.598039010347931166e+00 1.141215980765730276e+00 1.279493238242877196e+00 4.606153632652546515e-01 1.811348017060625537e-01 1.277301004389454819e+00
9.396822757115251834e-01 2.045538518418895890e+00 1.820643345657578571e+00 1.932834927576493778e+00 1.313634813481307839e+00 4.672923378104085201e-01 2.201189322382554714e+00
1.601996023394817614e+00 2.446315806769113532e+00 2.374570888194101670e+00 2.525341110275308498e+00 2.068059759501276407e+00 4.324429662288515885e-01 2.961286148141815122e+00
2.188055860546617826e+00 2.865399730967260528e+00 2.877135120429302972e+00 2.891387915855720525e+00 2.618256195150199694e+00 1.749169330726129956e-01 -2.951065850240720767e+00
2.713380861014698553e+00 -2.935424645166382795e+00 -2.933279175107384784e+00 3.085259050095455091e+00 2.892648195235579589e+00 -3.586807254416840007e-01 2.985667244238151330e+00
-3.056107732694724355e+00 -2.435620017335231147e+00 -2.500317509050216103e+00 -2.643603615198308887e+00 3.128571277958636543e+00 -1.002975308062744153e+00 -3.071547279846871703e+00
-2.531172028985185118e+00 -1.966466333007425682e+00 -2.177284378487971406e+00 -1.829679795270419573e+00 -2.754404170056738099e+00 -8.669942374249327566e-01 -2.600756795996357340e+00
-1.998367080833720388e+00 -1.673448465057793655e+00 -2.005294565049323463e+00 -9.461773951085522549e-01 -2.303659402796795597e+00 -4.232645577407948556e-01 -2.130782931476149056e+00
-1.476220800447248349e+00 -1.812324542053051601e+00 -1.805478459209671982e+00 -9.540169679287342774e-02 -1.891280730736975446e+00 1.231771012862288572e-01 -1.752049883659883456e+00
-9.639579365036001768e-01 -1.877264563356575655e+00 -1.408092720029508138e+00 6.718216293338339362e-01 -1.553129871299550713e+00 7.341038904855150538e-01 -1.409351135706661706e+00
-4.428100628756763690e-01 -1.437532337784670489e+00 -8.780673298660914838e-01 1.348353725949133386e+00 -1.273937677809928282e+00 1.349727936588414279e+00 -1.041925045856444854e+00
9.033050520257888960e-02 -7.744947459655469046e-01 -3.014056174939215293e-01 1.905633275585605135e+00 -1.022643998722195580e+00 1.909467331134492074e+00 -7.267200367021831031e-01
6.085630506718295862e-01 -3.576396938788874158e-02 2.744378148501250281e-01 2.159039683666610365e+00 -7.423776279752618557e-01 2.266386114350821046e+00 -6.354958153732694903e-01
1.042892450642956881e+00 7.189467058001995925e-01 8.072495635761552935e-01 1.354059518784198834e+00 -3.454409421261022684e-01 2.133267703483616273e+00 -7.251729929259662644e-01
1.363130156969848406e+00 1.420513188126518278e+00 1.278548150713223031e+00 1.369512838932121834e+00 1.951984847835031844e-01 2.049553136752856997e+00 -4.759740744379240551e-01
1.679048645048702326e+00 2.068899980039810682e+00 1.705576541875675201e+00 1.832916683057053131e+00 8.973090190128133470e-01 2.336187278347463092e+00 -1.430365634342646748e-02
2.118659214429746473e+00 2.678711250573319713e+00 2.168317710644022345e+00 2.369753706608733523e+00 1.758237647651642588e+00 2.750231225818889236e+00 7.889052073936880793e-01
2.681254539705179685e+00 -3.038289733080288268e+00 2.740525593893773149e+00 2.927582665295591635e+00 2.701944414100686309e+00 -3.102269518219332056e+00 2.719121162385184753e+00
-2.956330778972552142e+00 -2.501859852932525108e+00 -2.848864839434229079e+00 -2.786912512971449374e+00 -2.700574916132212344e+00 -2.652125305623774576e+00 -2.476836334991479038e+00
-2.242211568429796298e+00 -1.994061494502490151e+00 -2.033431066742377169e+00 -2.191163496799947819e+00 -1.940123272347938910e+00 -2.186713591810712565e+00 -1.800659752268321201e+00
-1.483655725544849702e+00 -1.459831362730147353e+00 -1.171371531353864404e+00 -1.579013443592774291e+00 -1.268344498100860696e+00 -1.673864806841027342e+00 -1.208969990808457240e+00
-7.040829799721378679e-01 -8.628948529614521856e-01 -3.112537488214813797e-01 -9.655700471741083257e-01 -6.692318715940793750e-01 -1.108494079797319509e+00 -6.848879021562862546e-01
6.433459440472771851e-02 -2.135525610311991007e-01 5.378849664362108651e-01 -3.825196477157041808e-01 -1.877797512784168954e-01 -5.101417141117753351e-01 -2.965733426668611394e-01
7.526620666556981254e-01 4.683773288326364970e-01 1.357055532255370567e+00 7.349365015536282741e-02 4.313615434190394386e-03 9.200325381266183378e-02 -4.187906989884110365e-01
1.219331953049952011e+00 1.128697751203868060e+00 2.140524996770588828e+00 1.589562371783605765e-01 -2.518422547336558459e-01 6.280627414578227041e-01 -6.668969659236736458e-01
1.028372648928831623e+00 1.750991591070216957e+00 2.888269003690199010e+00 -1.010838889861294332e+00 -2.424937444966675237e-01 1.040869024308998636e+00 -5.947202897954644296e-01
8.683343426430332190e-01 2.327511526629755245e+00 -2.675753745667780681e+00 -1.267825921219182472e+00 -1.040043834418759028e-01 1.130090049443385647e+00 -5.087546625819362456e-01
1.050071025202366837e+00 2.754719686224276654e+00 -1.897631459545906063e+00 -1.040635024422400523e+00 -4.024119333953117550e-02 7.002336550514147717e-01 -6.028327338443524308e-01
9.673307670397448543e-01 9.145327563644725655e-02 -1.061075138657955330e+00 -6.406580913737014438e-01 1.750112887522633359e-02 3.920827600024906490e-01 -4.679213507460291965e-01
4.785250647572166227e-01 6.320153214571372358e-01 -3.302492655552968226e-01 -2.091680538737635542e-01 2.414534780210733089e-01 5.324129273873736690e-01 -2.234206139629560939e-01
5.472738440223036127e-01 8.327906972913391437e-01 2.444473938175217853e-01 2.337161466125883824e-01 5.307151715041291684e-01 6.757903134511776821e-01 1.465105762050275262e-01
7.930923962833321683e-01 9.300859748073455613e-01 6.328488267033895998e-01 6.108559167893985453e-01 8.508169971391094100e-01 8.654478036251181949e-01 4.920816569664642204e-01
1.079853955065183557e+00 7.294213905357628258e-01 1.043249897079633337e+00 9.780711287378389684e-01 1.116620103539377906e+00 8.817567625280340327e-01 9.727100744809697996e-01
1.313186103304981200e+00 1.010542837314599485e+00 1.423287871262052917e+00 1.300897904134059591e+00 1.371417998249135684e+00 1.063614750643764983e+00 1.488011901004924864e+00
