1.531846140102150811e+00 -1.136952093196318403e+00 1.416554646171698462e+00 1.476237192018262645e+00 1.487281097820410514e+00 1.526400361756744095e+00 7.447807707471163496e-01
2.100488293747081681e+00 2.969131919255383334e+00 2.119282973718270124e+00 2.087943045931114128e+00 1.988505029590145856e+00 2.096849881493605405e+00 2.927580288966402655e+00
2.609607682260953965e+00 -2.671382002557801449e+00 2.614725676328642390e+00 2.631064920160251397e+00 2.404958494591248552e+00 2.566647402876206296e+00 -2.031144980106796005e+00
2.994924211817913573e+00 -2.407102467483862362e+00 2.931595607188253183e+00 2.883218175484779877e+00 2.711201572210339528e+00 2.848238177640644242e+00 -2.997578809051802406e-01
-2.882843917518312260e+00 -1.983273353348085744e+00 -3.018720368346532901e+00 -3.097216903560612522e+00 3.043595305268075979e+00 3.084726345704600803e+00 1.304484798834409487e+00
-2.627636501315385065e+00 -2.968178884048170207e+00 -2.820300212481362756e+00 3.110904139683508429e+00 -3.013127004218216332e+00 3.125309245819203330e+00 2.204935200501881631e+00
-2.517456661599295042e+00 2.574142519570212340e+00 -2.702022529871840995e+00 2.873196711098792377e+00 -2.893959298045329920e+00 3.092063694814257246e+00 2.882246314998081704e+00
-2.799187331005098311e+00 2.754087523345927213e+00 -2.812134351991590453e+00 2.588146921407116441e+00 -3.028030119946762966e+00 2.959023223511864309e+00 -2.758954778042770339e+00
-2.962231469739414091e+00 3.094140888319159455e+00 -2.866759351883880313e+00 2.760593377996246822e+00 -3.060028811829691886e+00 3.034039844623799276e+00 -2.329253536991183093e+00
-2.909210578199368680e+00 -2.806853267405195140e+00 -2.710844327905032713e+00 3.023940069998099389e+00 -2.914240309677670115e+00 -3.022102373780681805e+00 -2.539919794662010233e+00
-2.647375966532388158e+00 -2.315359842740956076e+00 -2.367250480940359392e+00 -2.787561558501491454e+00 -2.587166949615214318e+00 -2.665693273459925905e+00 -2.099178958118841809e+00
-2.341511614917943351e+00 -1.827510995536056226e+00 -1.982424027336003647e+00 -2.290017280764991003e+00 -2.192419550574600695e+00 -2.294231033690692367e+00 -1.247517829132510858e+00
-1.984498702814309956e+00 -1.312352960388705636e+00 -1.582451672724746849e+00 -1.691313623786656395e+00 -1.745442599887834234e+00 -1.936582429075098588e+00 -3.853821302483250166e-01
-1.629304850630196810e+00 -5.289115213263798632e-01 -1.182218846966538450e+00 -7.328778454005387966e-01 -1.259513807298292765e+00 -1.705089851832660486e+00 3.733785981328772152e-01
-1.277432896170852095e+00 1.568602699448272686e+00 -7.820898561329149290e-01 1.056632597424247422e+00 -6.284840675404529398e-01 -1.738265715508241271e+00 1.030725515409487869e+00
-1.057026485090137857e+00 2.636996497850613519e+00 -3.739022001702323461e-01 1.906284377736805702e+00 9.436070461769934248e-01 -2.147893298637896464e+00 1.628912741117304996e+00
-2.887496501904963875e+00 -2.921379635470306102e+00 -1.853850004293559506e+00 2.532986015547611380e+00 2.475240313134189130e+00 -2.478812960876738636e+00 2.222505797673123507e+00
-2.754516045267254576e+00 -2.260729744515729500e+00 -2.239050956684687677e+00 3.113476806028429245e+00 -3.118509365927107702e+00 -2.506512770098206389e+00 2.830727330114622298e+00
-2.323439692678913815e+00 -1.611086273896979337e+00 -1.786320543614757117e+00 -2.593134931172797142e+00 -2.561945836183279646e+00 -2.326778491313023611e+00 -2.851662943463452837e+00
-1.898802894779619610e+00 -9.585918327230980029e-01 -1.296393208888749093e+00 -2.096694639535526150e+00 -2.095317026009677175e+00 -2.094609449499065246e+00 -2.286725526226670357e+00
-1.509530582393042053e+00 -9.098565360570574911e-02 -6.917272295937636484e-01 -1.691740880002448488e+00 -1.691944815227433896e+00 -1.837344166998597705e+00 -1.776622926503933275e+00
-1.240661910627046005e+00 2.293530309055857863e+00 7.309083986733362348e-01 -1.437987220611176120e+00 -1.391838695875921017e+00 -1.629648192414937302e+00 -1.396192497399714849e+00
-1.253148672231788607e+00 -3.008473903246676961e+00 2.869016625401496157e+00 -1.528413684220571112e+00 -1.368912633253152711e+00 -1.499709148908935807e+00 -1.909761329476935998e+00
-1.548723935235659432e+00 -2.345518550344338760e+00 -2.586643704681032219e+00 -1.918877793375210361e+00 -1.872162605351526565e+00 -1.326741311218189168e+00 -2.030223647084323346e+00
-1.584807665229046814e+00 -1.707259813379260027e+00 -1.902749972827384450e+00 -1.743011068444908052e+00 -1.960961877884973115e+00 -9.911588684133658678e-01 -1.327118285115458818e+00
-1.319458252520838482e+00 -1.128094031485916693e+00 -1.339601884016804245e+00 -1.330699540268875936e+00 -1.742362253666961402e+00 -5.055801961885482143e-01 -3.336635337944771074e-01
-9.951023967464098785e-01 -1.078694213284787207e+00 -1.018299143721448363e+00 -1.293606777900569549e+00 -1.645121474715326659e+00 3.490926021376345584e-02 1.125795572246037102e+00
-9.325129041876608627e-01 -2.295660934563499733e+00 -1.073822511197765062e+00 -2.351103360615336424e+00 -1.966036355873097108e+00 -2.547824989561749298e+00 2.771795174025978081e+00
-1.815158925020015968e+00 -1.906378942996873826e+00 -1.184482177753845233e+00 -2.001140713672079574e+00 -2.006231976148630025e+00 -1.943040427445200891e+00 -2.391424183947728821e+00
-1.774591392067412565e+00 -1.406460302634738202e+00 -1.696812776091259467e+00 -1.525556288336739508e+00 -1.713875865386821129e+00 -1.358789102474818433e+00 -1.542362368335722156e+00
-1.370672935766303224e+00 -8.167148806618871326e-01 -1.922690626672375114e+00 -1.073069366686623338e+00 -1.300088806294626087e+00 -7.345720191246556396e-01 -8.137418386971355666e-01
-8.799682398786615733e-01 6.662027800151580637e-02 -1.508275172204478487e+00 -5.538312504856319762e-01 -7.971286492473887986e-01 1.160681738384362893e-02 -1.043783963188023023e-01
-3.593942902350575896e-01 1.430393299612537472e+00 -1.040727863061682079e+00 1.131666001840916924e-01 -1.793573636585444608e-01 9.755865917788794084e-01 6.693709534780133419e-01
2.393399875106907437e-01 2.714175064316428632e+00 -9.277288014285745010e-01 1.012954846832019529e+00 7.234192563242852758e-01 2.229576144154912676e+00 1.535012596892515235e+00
1.090537337177711175e+00 -2.657541646178602335e+00 -1.478442792893535751e+00 2.212350468972604123e+00 2.370447139629338729e+00 -2.919915610018984253e+00 2.490243098111528219e+00
-2.201899880789022657e+00 -1.938911867626958108e+00 -1.464158617789065975e+00 -2.766007916756616059e+00 -2.596981447070126237e+00 -2.070243463232046111e+00 -2.756736328992721141e+00
-1.450420855102803941e+00 -1.330735361161062169e+00 -1.365359353142995724e+00 -1.712163584898420909e+00 -1.784073815287827713e+00 -1.354657405981077867e+00 -1.678130722031940136e+00
-8.282757961244042733e-01 -8.187141575213310318e-01 -1.391645972864010483e+00 -8.489238689817345529e-01 -1.096947720699708029e+00 -7.204984035234335282e-01 -6.558412186752010653e-01
-2.427125812765222046e-01 -4.295464804921353963e-01 -1.457308294479433330e+00 -6.200623205769308088e-02 -4.423314831202530550e-01 -1.841622546523292991e-01 2.284991643597486799e-01
3.562719494902704120e-01 -2.022585005706065975e-01 -1.407261905012431757e+00 7.226553228608285639e-01 2.350286749709512291e-01 2.140898541284980139e-01 9.900693828272817409e-01
9.619564066561026028e-01 -6.537969152290572517e-01 -1.344320500333020085e+00 1.519871907368575803e+00 1.007328469826877626e+00 2.857083622810438484e-01 1.698286675101182031e+00
1.653549538725942014e+00 -1.584212989480630052e+00 -1.362233238455922368e+00 2.347190360063934556e+00 2.217044442585069053e+00 -1.342260320930609152e-01 2.401027548126721367e+00
2.534135850280044178e+00 -1.327909449213541260e+00 -1.239947203204575965e+00 -3.118338428495830428e+00 -2.512739232139758805e+00 -4.509254245101964043e-01 3.092153568641830219e+00
-2.630114476650963429e+00 -8.544267164126295722e-01 -8.839239110379009112e-01 -2.416795742968363747e+00 -1.570787779744085455e+00 -4.278280269880072595e-01 -2.576016254137968087e+00
-1.483297033275370991e+00 -3.417662145096452830e-01 -4.062471706717683539e-01 -1.862524852566841416e+00 -8.639292699191651881e-01 -2.402581162981523855e-01 -2.278412514167166503e+00
-5.308911170401913182e-01 1.335901651425398240e-01 1.664276016301489136e-01 -1.428030961738155025e+00 -2.204615710190101774e-01 7.425139451556844739e-02 -2.810090508068860515e+00
2.885859097749233215e-01 3.595802837290146825e-01 8.195223143812526700e-01 -1.007058843414570415e+00 3.993390669919780755e-01 3.568336595142516665e-01 -2.745986440858026789e+00
1.121869716021736352e+00 7.480511804614794515e-03 1.913585753539968515e+00 -5.617992682598341725e-01 1.076215496187684195e+00 5.129759203713913918e-01 -2.306756773414282868e+00
2.073566674108132446e+00 -4.540170433727395982e-02 -1.793067878726057884e+00 -1.629195335047971538e-01 1.963272912022791417e+00 6.315812793134355507e-01 -1.820359191334053772e+00
-2.023300235584920337e+00 3.165326127459518468e-01 -9.145820477727891751e-01 1.705527911476920344e-01 -2.537034769228281306e+00 9.211086677882052154e-01 -1.360392177201718233e+00
-3.836804595899779846e-01 7.983298516062775629e-01 -2.197479339462455050e-01 4.781392948385744246e-01 -1.093183016077501124e+00 1.328121303572619594e+00 -9.756785550424001974e-01
5.078814417214599919e-01 1.348122365676725831e+00 4.430515181761667254e-01 9.051625182810861814e-01 -2.480114222258193168e-01 1.800058327334791430e+00 -8.088108129892931375e-01
1.265995402424609173e+00 1.946439875763555927e+00 1.067731020141998499e+00 1.383950130383762245e+00 4.815027777538852249e-01 2.313488692420663462e+00 -9.479467475152189015e-01
1.992171342258579836e+00 2.590402546610517831e+00 1.681666918795314158e+00 1.739183692501303335e+00 1.236087215276350681e+00 2.855095823187564275e+00 -8.458825540075448624e-01
2.703734514351880058e+00 -2.982520397456398520e+00 2.321815746138465641e+00 1.273586071954647903e+00 2.068477684710279263e+00 -2.832532161133116677e+00 -4.666228780063831905e-01
-2.885918661166659405e+00 -2.174723407458246882e+00 3.019205075965962326e+00 1.024708793841694332e+00 3.006537532563259507e+00 -2.160388912431919106e+00 -1.998476228807883823e-02
-2.181399850430735476e+00 -1.231525126129638714e+00 -2.462716506688106932e+00 8.563853131237306737e-01 -2.294876605429877703e+00 -1.387530163970925212e+00 3.039436067825992960e-01
-1.495657702891567631e+00 -2.487284783105172814e-01 -1.496164306804121491e+00 -6.354896401103266035e-01 -1.417177068344089852e+00 -5.507024302022682782e-01 -2.287637798096604502e-01
-8.402910573208043354e-01 5.375821690614861481e-01 -3.380810229615789919e-01 -1.868009436039477777e-01 -6.644656132068159637e-01 2.410360731219276520e-01 -5.141847199842485283e-01
-2.069769556379435216e-01 1.053801348307677799e+00 6.182748764602886693e-01 4.168114608583794456e-01 1.174390056782872310e-02 8.892938473845606318e-01 -7.322203076154315537e-02
4.055947030249198448e-01 1.423176944526084897e+00 1.230547280992387638e+00 1.059200407253567899e+00 6.459381852183118111e-01 1.333649400807391583e+00 5.047330223970928342e-01
1.068404893420935808e+00 1.842514424891741776e+00 1.739367218163515805e+00 1.736284705145890284e+00 1.268816870949988740e+00 1.634049570052150457e+00 1.074838623851917863e+00
1.748995527418683249e+00 2.337901418968924894e+00 2.248902507605699874e+00 2.430279963186675829e+00 1.862646820877536635e+00 1.907865247418347066e+00 1.432588991507406595e+00
2.401923621197067149e+00 2.833355820358032240e+00 2.739882402145429552e+00 3.134753082996674323e+00 2.360215240993699393e+00 2.214266126911717425e+00 1.059707120643387679e+00
2.900396764651233195e+00 -3.081003052895012306e+00 3.141018772464663655e+00 -2.408013334038740183e+00 2.407987340852673075e+00 2.516257606453482953e+00 1.056721880208934206e+00
2.122862170448359009e+00 -3.059629203249152773e+00 -2.989904961688880203e+00 1.493717028090829402e+00 1.796922467597728668e+00 2.775579585106691116e+00 1.567658893965460321e+00
1.988736037605887130e+00 -3.089705726266612995e+00 -3.058313946742016842e+00 2.268717436223832262e+00 2.076867920760102404e+00 3.068223320304847235e+00 2.219585976848268860e+00
2.493854987552798885e+00 -2.784855103003866184e+00 -2.954592680651805470e+00 3.036202841543459208e+00 2.603054936149304055e+00 -2.847899174782043019e+00 2.935230322568013417e+00
3.065647379211403845e+00 -2.326413389559887968e+00 -2.636195283178331294e+00 -2.488452482138613142e+00 -3.109942618686869054e+00 -2.420836969786177129e+00 -2.564462663353540339e+00
-2.676036294813004535e+00 -1.868236729229915349e+00 -2.293760495473361249e+00 -1.749762244381532161e+00 -2.553247461313282063e+00 -1.975764460200968520e+00 -1.644288757169283022e+00
-2.174992186050289433e+00 -1.588059145917691595e+00 -2.072259922509988250e+00 -1.032736421276589045e+00 -2.035912917857875648e+00 -1.539200076748295620e+00 -5.603315435782616483e-01
-1.734482545108838814e+00 -1.829015411862038976e+00 -1.933690643450566515e+00 -3.840602759042969216e-01 -1.614212578843108981e+00 -1.142096229206386759e+00 4.326498601652704612e-01
-1.351573158130644270e+00 -1.954353053756789693e+00 -1.651066252243273746e+00 7.115184364078819268e-02 -1.320777524691914673e+00 -8.170696901151203173e-01 1.072175748280543628e+00
-1.047692567477868542e+00 -1.685134856239368872e+00 -1.266837863237350703e+00 3.787661614988091507e-01 -9.630540842104304833e-01 -5.879528177971699021e-01 1.331932139737837861e+00
-9.513342018548343049e-01 -1.418648176052522469e+00 -1.010395864236318220e+00 8.556432411649366188e-01 1.958759980250750266e+00 -5.018291287635474607e-01 1.618273133942349284e+00
-1.404669221606893004e+00 -1.505940526661730283e+00 -1.297113706968606062e+00 1.512572319024023004e+00 2.595433999428942595e+00 -6.147350927847345936e-01 2.112742275025987215e+00
-1.822842252102411909e+00 -1.729565916780763990e+00 -1.449428912993797169e+00 2.181120337150236121e+00 3.092692772164495008e+00 -8.594848488804814890e-01 2.657524073147671473e+00
-1.742424651404835156e+00 -1.547124146382978793e+00 -1.147416961446200867e+00 2.714956187332908666e+00 -2.735517528381008479e+00 -9.312027394253586943e-01 3.096545192125010892e+00
-1.543452528973136673e+00 -1.237300073309298254e+00 -7.872252641688035624e-01 3.055000942174054934e+00 -2.308886657066993475e+00 -9.149179034984956660e-01 -2.931863311743146294e+00
-1.328992933275208843e+00 -9.588099809474643909e-01 -5.617635265037469461e-01 -2.932145195946258553e+00 -1.888063212264290636e+00 -9.973815344079491885e-01 -2.666127731001319834e+00
-1.046101416604395151e+00 -7.052012139831259629e-01 -5.535629789034963721e-01 -2.513466313405758878e+00 -1.440117186503716784e+00 -1.020171824527753124e+00 -2.281118886032645676e+00
-6.541827969695696021e-01 -4.120122946316245316e-01 -4.701446373740744700e-01 -2.121288734228098605e+00 -9.675830204905795373e-01 -7.430730067127137017e-01 -1.963114832846713398e+00
-2.066693702788792164e-01 -1.232873235685487401e-01 -2.072598018485820315e-01 -2.543337195447469501e+00 -5.017083199277905248e-01 -3.142821341705728799e-01 -2.096765851613398013e+00
2.491451884001317507e-01 3.343710031503478036e-02 1.080468508258231319e-01 2.853483623367422339e+00 -7.713192937179180753e-02 1.327160775923669211e-01 -2.274935311919324299e+00
6.465007020640725077e-01 7.414378623586211081e-02 4.206288810834282743e-01 -3.057170920349380872e+00 2.578112443847184188e-01 5.103746292892213932e-01 -1.954424278612110433e+00
9.624140776113703222e-01 3.108734569094956379e-01 7.994514076721952467e-01 -2.600224873472734899e+00 3.916517401091120787e-01 8.309198810911100352e-01 -1.476241908167598593e+00
1.177448124933897500e+00 7.620626855080622208e-01 1.276645234933816209e+00 -2.129510783856109146e+00 -1.549979708011738344e+00 1.190703939544782708e+00 -1.010659204207138950e+00
1.342173486261518223e+00 1.334503436288051681e+00 1.824496736815130138e+00 -1.657916496960308850e+00 -1.584225118755707706e+00 1.651513780136298681e+00 -7.449728796040112622e-01
1.476571817314413559e+00 2.005335248555560224e+00 2.406831948292770473e+00 -1.177493235677761207e+00 -1.317215378623022515e+00 2.202730622145832040e+00 -1.109089058625685631e+00
1.530188794987859424e+00 2.951237844002088995e+00 3.045168996398841088e+00 -7.030839675634280583e-01 -9.965898504220392917e-01 2.877209131260953789e+00 -1.323066724507725445e+00
1.453797608321446999e+00 -1.387142703886549366e+00 -8.690423128860176594e-02 -2.964422565852450342e-01 -6.503936655631714636e-01 -2.321947056877228466e+00 -1.070099945229328053e+00
1.511659254966718047e+00 -3.465874490082536674e-01 4.955884317415235052e-01 -9.096041240438872133e-02 -2.838252004920100990e-01 -9.322658415020372846e-01 -7.687412926406302915e-01
1.838198372434403538e+00 1.602453959899172720e-01 8.217640645863577564e-01 -2.937799547418525337e-01 8.693778940549340417e-02 -9.430672774796877711e-02 -6.547110201541639363e-01
2.345330936740724681e+00 5.096212731003734175e-01 1.182154979861206767e+00 -4.244339187592722218e-01 4.448968550660551413e-01 5.111045936123160827e-01 -7.822428494797948328e-01
2.996945775631000508e+00 8.056785870020300999e-01 1.616505194899411579e+00 -2.313921192834492435e-01 7.217904100353058627e-01 1.004707250483161340e+00 -6.491737781389649298e-01
-2.522884438669491303e+00 1.113625217723017702e+00 2.059653894258360207e+00 1.347358480289909399e-01 7.690608155573108728e-01 1.403494545707530960e+00 -2.382117678816913775e-01
-1.637882485963733536e+00 1.477882911645747699e+00 2.435342718844297760e+00 5.894342324605991168e-01 6.047408582429623092e-01 1.747592051231776633e+00 2.798071058897148577e-01
-6.867880290519193798e-01 1.934008818727191326e+00 2.721417249290927209e+00 1.100383338400013677e+00 7.058366796915559460e-01 2.105333876075256683e+00 8.205814929888816112e-01
2.428581450602012859e-01 2.507520618290277170e+00 3.024451750850751353e+00 1.625614616507121912e+00 1.019038468208559589e+00 2.497112276507001294e+00 1.329743590806812703e+00
1.112840144602587955e+00 -2.990636885649466503e+00 -2.843895437802884896e+00 2.092593552464307560e+00 1.374106332915578266e+00 2.897061015141307205e+00 1.741553284224781173e+00
1.900151534121795605e+00 -1.305555745543695245e+00 -2.263089619617997261e+00 1.810201550531093329e+00 1.669553230432417656e+00 -2.997867739907954743e+00 1.961862758443464916e+00
2.604311359507963441e+00 3.418406532095506489e-01 -3.328642935895194110e-01 8.782476719074302496e-01 1.835963750297874064e+00 -2.617576868758155317e+00 2.021040521762135889e+00
-3.125784631119730594e+00 1.177399187148225446e+00 1.678507251330558780e+00 1.217061123773725662e+00 1.856486193938907237e+00 -2.244983003385892850e+00 2.104881959170668004e+00
2.343813493016293492e+00 1.861711720794615887e+00 2.363438957630330961e+00 1.584086888385554781e+00 1.860552223707108821e+00 -2.026839638257623921e+00 2.048710553010845370e+00
2.272191355568240478e+00 2.495148596595386348e+00 3.027811083679194493e+00 1.922160026440007830e+00 2.025039443699150787e+00 -2.184363662198618439e+00 1.997680529248539560e+00
2.956816750407667449e+00 3.102520160800482873e+00 -2.581470851685727208e+00 2.295942290446770340e+00 2.339059054442026220e+00 -2.088798447415856963e+00 2.327824532132939606e+00
-2.429922637532536456e+00 -2.568488127948998390e+00 -1.875184418614439963e+00 2.668735596957766187e+00 2.710285570012175071e+00 -1.609961112548746520e+00 2.834194153722739973e+00
-1.373854088953461172e+00 -1.705783156173352744e+00 -9.535330965383708168e-01 2.846992610632264942e+00 2.999682621553957595e+00 -9.773322103784326531e-01 -2.899278492376007765e+00
-2.612057383488374795e-01 1.287543943546743064e+00 3.292594093315687753e-01 2.225249369453237591e+00 2.672542703397653874e+00 -2.559834419741319755e-01 -2.381364653252084906e+00
7.470413466977915418e-01 2.067190610750671453e+00 1.270376196736829666e+00 2.048712935785742761e+00 2.100663544649570280e+00 5.532784473026421956e-01 1.548001483752047047e+00
1.621263907293026163e+00 2.735955062077108479e+00 1.976197799201901528e+00 2.495337849279631648e+00 2.419710730652658182e+00 1.470223117397666757e+00 2.169906268509235847e+00
2.424741236613321860e+00 -2.923024472048277644e+00 2.524313852714432205e+00 3.071859566867833458e+00 2.926869064781272733e+00 2.517397123642653778e+00 2.808153360240287721e+00
-3.077307423591283175e+00 -2.380303723814279682e+00 2.781087677041449435e+00 -2.624709906204254040e+00 -2.821174740479340581e+00 -2.632174519629747245e+00 -2.886086819900588907e+00
-2.297521158774083805e+00 -2.014938142424605338e+00 2.681831716629486273e+00 -2.085214449339158005e+00 -2.325969436158890957e+00 -1.508057082646761415e+00 -2.373861357746928302e+00
-1.449768712919808022e+00 -2.050662739332091533e+00 2.863132203660001096e+00 -1.620094169191377276e+00 -1.919334352160096957e+00 -3.904019376674467967e-01 -1.913259114861253218e+00
-1.112881191142610776e-01 -2.303271126228776389e+00 -2.948244751671707853e+00 -1.279641609115261813e+00 -1.667433227988762034e+00 7.730342007841787266e-01 -1.439444200554672815e+00
1.844580887644145184e+00 -2.159491968719094768e+00 -2.383530795877506048e+00 -1.212937826712527478e+00 -1.863259193937238711e+00 1.891856454489310169e+00 -8.887495372548148698e-01
2.753540858857141060e+00 -1.816698690001564254e+00 -1.833777494627641058e+00 -1.530035521259384801e+00 -2.941384992896723727e+00 2.765530061793191052e+00 -2.170511291868260639e-01
-2.897161343271441147e+00 -1.399419421251451023e+00 -1.347429128210658522e+00 -1.787963801523018592e+00 -2.943330972697475012e+00 -2.918324691396121384e+00 5.832633910688022061e-01
-2.448458237307353791e+00 -9.321942690079381144e-01 -8.371651304375512526e-01 -1.655872344239509575e+00 -2.621142795457816810e+00 -2.429226686210648634e+00 1.462739970301029091e+00
-2.194703220332117954e+00 -4.624460257496754712e-01 7.516364421248589167e-01 -1.258156881023525964e+00 -2.241801206132017388e+00 -1.895561206017902123e+00 2.199059043441865313e+00
-1.952663056984011991e+00 -1.716053959343404878e-01 2.706427780386881476e+00 -7.666159762594366711e-01 -1.916631518651949584e+00 -1.307113449084318368e+00 2.554502264942200451e+00
-1.194328764621644501e+00 -1.020677304458206036e+00 -2.886773617100217848e+00 -3.255466684043579195e-01 -1.732609470971923749e+00 -6.914309803358025253e-01 2.976165374802447694e+00
1.113300036836487372e+00 -1.635102195947497172e+00 -2.281122597860397949e+00 -6.111038021541252974e-01 -1.678063424371464052e+00 -5.879927962774351979e-02 -2.875417900224539469e+00
2.103542010887261338e+00 -1.662191578535732184e+00 -1.710976350568213844e+00 -1.625956815684451939e+00 -1.557796165967252122e+00 6.014442266553930994e-01 -2.599043522058683831e+00
2.839597746865194505e+00 -1.430071247484405506e+00 -1.191458854348574681e+00 -1.270760947006179808e+00 -1.282496638934992772e+00 1.325935501102173397e+00 -2.321062994555997516e+00
-2.762026221070272403e+00 -1.008655085463856738e+00 -7.288394606319258395e-01 -7.998210115979504931e-01 -9.188750878119925636e-01 2.224710771513468632e+00 -1.923149622729660280e+00
-2.136914254888115483e+00 -4.945742936605673212e-01 -2.579028414087053411e-01 -3.312203059567780938e-01 -5.582859855286087525e-01 -2.351359514595562583e+00 -1.495493183741783971e+00
-1.588577083783378585e+00 6.047813037485805232e-02 3.415782526389405938e-01 5.641865952644153220e-02 -2.980330576184148650e-01 -6.350899967699381587e-01 -1.161720744455443821e+00
-1.152628551484917274e+00 6.282900691979372843e-01 1.173664736964894040e+00 2.110411369609660470e-01 -2.221011704395064457e-01 2.762360873759081570e-01 -9.343748945487565516e-01
-8.569764645188273633e-01 1.173995825994555320e+00 2.219673795242153247e+00 1.478282437564502061e-01 -3.002132410357746251e-01 8.838483986715008900e-01 -6.068702094128087809e-01
-6.558599614596004601e-01 1.642657353776535878e+00 -3.079069451382135725e+00 3.603413902393835522e-01 -3.261238432328136816e-01 8.646210724178449158e-01 -1.051743499699518691e-01
-4.517530941658071120e-01 1.991448032216560415e+00 -2.300335981990656808e+00 7.771056577807529120e-01 -3.204313241031553350e-01 9.231824615864894223e-01 4.703538590039390566e-01
-2.091102289239559209e-01 2.283481119296767226e+00 -1.644417387380958662e+00 1.046011478120154159e+00 -3.886863280982951196e-01 1.577019882530197092e+00 9.469644033436108721e-01
7.003402881201858943e-02 2.529059890408204225e+00 -1.016734319763646477e+00 5.809643983076914209e-01 -2.343556304013810487e-01 2.424828254042919795e+00 7.824527761488566657e-01
4.434691318736981858e-01 2.118756458316522817e+00 -3.725051162746421674e-01 6.809515699809050027e-01 2.071363792362507505e-01 -2.930084485510597414e+00 5.798527404193009049e-01
9.938301562867014605e-01 1.869223186456779207e+00 2.928692216052397601e-01 1.235577126824819683e+00 7.882410693155844639e-01 -2.018993492295660719e+00 1.101885517013837967e+00
1.855902165957857619e+00 2.356641798465642257e+00 9.565061041685702925e-01 1.891370748857929218e+00 1.421411153684933204e+00 -1.279420284613929981e+00 1.823074492674893410e+00
-3.040370739684027601e+00 2.981908739828623034e+00 1.523389978432221792e+00 2.560409407059604625e+00 2.052501675081883636e+00 -6.093882976827822429e-01 2.638877250918680417e+00
-1.736897089374360492e+00 -2.717081315527672736e+00 1.534205960078952380e+00 -3.095167861762332162e+00 2.604484921661579744e+00 1.474763879464664196e-01 -2.674890500924393955e+00
-8.124402633994229905e-01 -2.679107972762660328e+00 1.284920851236538208e+00 -2.632292783702061989e+00 2.457524686101217437e+00 9.500515884199675076e-01 -7.030699084513315489e-01
-3.195642432533697674e-02 2.754883147216857786e+00 1.834593334857987035e+00 2.968153821337731646e+00 1.454996450615896331e+00 1.749971274212385186e+00 1.079860712182916238e+00
6.921926133621666422e-01 -3.123056769999312365e+00 2.569854768822701807e+00 2.604618415223964423e+00 1.874559583111212069e+00 2.511680883695217581e+00 1.966053572346575296e+00
1.395957873840871333e+00 -2.567156228439407606e+00 -2.970582026868235914e+00 2.995588345639986549e+00 2.402293000108897569e+00 -3.093417723794992469e+00 2.709820588519134876e+00
2.113481684181619968e+00 -2.040804062566691002e+00 -2.267556805390119390e+00 -2.877482217953440280e+00 2.921028693759724959e+00 -2.567570429188609449e+00 -2.874816394758821225e+00
2.946112864400378673e+00 -1.600730233440028183e+00 -1.613867345970185552e+00 -2.517759891167917097e+00 -2.870148002379296237e+00 -2.262225275589714979e+00 -2.183160165135064723e+00
-1.759998801279186731e+00 -1.304404131848682313e+00 -1.016292590955785391e+00 -2.160896538289313717e+00 -2.399413412089777875e+00 -2.114644206210446242e+00 -1.458734524294452717e+00
-1.658391301780797467e-01 -1.228173956670215450e+00 -4.859311220230040362e-01 -1.768007965931357894e+00 -1.946805698539886720e+00 -1.890749516583205336e+00 -6.141676733544765288e-01
5.633698507301860836e-01 -1.257960081171783262e+00 -2.064542088930459290e-02 -1.365993306900822102e+00 -1.555222432081352357e+00 -1.484290048337617574e+00 5.390182175605257031e-01
1.106869289588904293e+00 -1.123109941256981603e+00 3.950053396117266802e-01 -1.026183232030746018e+00 -1.536675759006944197e+00 -9.530935790149398512e-01 1.867141405183483149e+00
1.577492111018771181e+00 -8.221556902617708218e-01 7.644002454735607799e-01 -8.302271716677311897e-01 -2.350265277317632684e+00 -3.745077412259618654e-01 2.895597908239992968e+00
2.014056875345739961e+00 -4.364225407314504257e-01 1.095540987720535764e+00 -7.550909624084777283e-01 -2.227332087696748175e+00 2.045973939742219971e-01 -2.566946933837516820e+00
2.449919483430678113e+00 -1.609009369478582238e-02 -2.288638186974202515e+00 -6.303728991754953270e-01 -1.803626772756905750e+00 7.901879268570274339e-01 -1.838249287541835697e+00
2.900356280349601246e+00 4.036037112825584527e-01 -1.457680230685935996e+00 -3.869707930366512172e-01 -1.328938689264177464e+00 1.454481373728282456e+00 -1.159174939054905096e+00
-2.918173921426588713e+00 7.683681651084467434e-01 -9.465083138328995727e-01 -8.103465423761918585e-02 -9.169853620857725263e-01 2.315728334717873871e+00 -5.142192137539774999e-01
-2.440418034074946618e+00 8.875469263674115039e-01 -3.897213356123481187e-01 1.808354168868965273e-01 -7.831431469520674371e-01 -2.940997300981836649e+00 1.021379501353990443e-01
-1.957059757875539097e+00 -4.077375104200004624e-02 1.623987076841653665e-01 2.382901144437908347e-01 -9.784470516409270457e-01 -2.027137515731284090e+00 6.668968985445369313e-01
-1.461569921292916963e+00 -2.602226369337669598e-01 6.332541419226240809e-01 -1.146252540380000434e-01 -8.572882674311056439e-01 -1.262096577234509409e+00 -1.181418187113905560e+00
-9.358327941706581221e-01 7.841060501196861487e-02 8.858461092469250842e-01 -2.409174070973091608e-01 -4.651553277255796592e-01 -5.726261153358107592e-01 -9.656267200267228956e-01
-3.803361334437707075e-01 5.082190133890138739e-01 7.554317251715048087e-01 5.555573519882799766e-02 2.146485776861936645e-02 7.169001238405284249e-02 -3.553595616879151597e-01
1.814902327836876716e-01 9.145429339754770348e-01 6.947536880946076909e-01 4.905808330004646778e-01 5.305532732179710775e-01 6.787208201414547393e-01 2.557787329818698163e-01
7.237304160762961791e-01 1.267771638321845806e+00 9.743454462879248545e-01 9.512739941149110923e-01 1.022798615009132384e+00 1.250394727343853152e+00 8.373350227357028164e-01
1.244272321268648840e+00 1.620787897107449860e+00 1.410675923012746136e+00 1.422022380271131370e+00 1.487443851002089978e+00 1.792495291110533628e+00 1.394439474596075312e+00
1.761934015674341492e+00 2.020513246208083924e+00 1.897838707192970320e+00 1.916922516881916172e+00 1.941871053820554360e+00 2.307834730136644641e+00 1.943720370844655987e+00
2.298842524170087387e+00 2.449967815016687034e+00 2.382939714121110608e+00 2.431507294244884321e+00 2.406555808361455107e+00 2.781261228184129131e+00 2.468764065187766032e+00
2.858863243325840298e+00 2.871166930538626261e+00 2.835551401106656488e+00 2.931148176440788511e+00 2.874394406510021760e+00 -3.099629366554739640e+00 2.866557160045398511e+00
-2.864028548807223906e+00 -3.047367887471093884e+00 -3.057947086193908426e+00 -2.925197713715342651e+00 -2.978013333113312289e+00 -2.770759085867370963e+00 2.899567557836819631e+00
-2.347032480804652099e+00 -2.817516914129417405e+00 -2.782226654601246185e+00 -2.616928746480873702e+00 -2.636373224248509839e+00 -2.462100913160219839e+00 2.853419656613877198e+00
-1.945229761955385994e+00 -2.696956298354724169e+00 -2.630285828478028609e+00 -2.380240639403970349e+00 -2.390427349706750526e+00 -2.143969238904393837e+00 -3.078479414660828084e+00
-1.689362794075707885e+00 -2.428021739266502443e+00 -2.431204381255125391e+00 -2.079963979975808286e+00 -2.110153063031406706e+00 -1.804050041678711525e+00 -2.536382457282140290e+00
-1.427907265846789731e+00 -1.962412530695795354e+00 -2.092321011492919158e+00 -1.659915637390566800e+00 -1.660328173852544387e+00 -1.401883039761361749e+00 -1.902554591070576562e+00
-9.900763730200012880e-01 -1.383464227330388985e+00 -1.695132489896946426e+00 -1.124666590548856204e+00 -9.614296238950755802e-01 -9.191202132844942252e-01 -1.151622637203165711e+00
-3.382268976039733976e-01 -6.760132868153635455e-01 -1.380507178021939341e+00 -4.359808511022252309e-01 2.353094693874069609e-01 -3.920133340971042046e-01 -1.125361891873351144e-01
5.977286458865298524e-01 2.291082118130154388e+00 -1.631773875496024040e+00 6.978102155472062362e-01 1.585751495416997559e+00 2.094577503587705461e-02 1.367337343909024838e+00
1.918964105545893251e+00 -2.960706215924452600e+00 -2.255807747890168358e+00 2.337438775078035658e+00 2.432855529071658474e+00 -8.952697381104172125e-01 2.642361163439365779e+00
-3.129451026029148597e+00 -2.316109426084052902e+00 -2.014293139693121848e+00 -2.892661898407821397e+00 3.085784610615224910e+00 -8.306756735799857294e-01 -2.608881222141197664e+00
-2.195107533915801046e+00 -1.739056547709740164e+00 -1.574529173109443958e+00 -2.079759878223613079e+00 -2.627189483559494221e+00 -1.403863140883944982e-01 -1.610898499001593320e+00
-1.391407464633233948e+00 -1.204974823408133444e+00 -1.091773748899547813e+00 -1.341296713096811866e+00 -2.138174611411611359e+00 6.583054279691085142e-01 -5.585001105610225558e-01
-6.414468241117056158e-01 -7.024094663423744445e-01 -6.037646716238496136e-01 -6.557431583979707046e-01 -1.756514813769515460e+00 1.509390790445234831e+00 5.929071753990224902e-01
8.028096609815764395e-02 -2.689801166175551095e-01 -1.611861702789981754e-01 -2.696067795715055559e-02 -1.488676741827761774e+00 2.377393019782449546e+00 1.787899476629984719e+00
7.991032346714832535e-01 -4.335888178960352335e-02 1.232368304460182140e-01 5.052312696964873506e-01 -1.352147827918590339e+00 -3.075943447032095879e+00 2.859081754479543935e+00
1.542315940785966122e+00 -1.403734656667155467e-01 9.305615300326157413e-02 3.904629411267404038e-01 -1.317474370876801748e+00 -2.339514426893538612e+00 -2.598485216022998312e+00
2.433381477743652876e+00 -1.442601388414048724e-01 -4.079038384936002626e-02 -4.821701903965442404e-01 -1.183737080136799680e+00 -1.698228702443888016e+00 -2.119382658569166189e+00
-2.509147891096520144e+00 7.145665986997568053e-02 -3.123131570742285548e-02 -1.481955175799790081e-01 -8.972884138848978841e-01 -1.055960129784403456e+00 -1.850302743569729014e+00
-1.173013346874287821e+00 3.416735332986264861e-01 3.746315947883809006e-02 2.737525439356874868e-01 -5.356060661928678801e-01 -3.541700411201375576e-01 -1.437774057397625649e+00
-2.825498073531269583e-01 4.947960398173996133e-01 9.850714737053105352e-02 5.185387655779060134e-01 -1.517717180423749090e-01 3.778172631848071839e-01 -9.748449665146039500e-01
4.313966504800462731e-01 4.512683458582667506e-01 1.797483295583144070e-01 1.130575728283821496e-01 2.352285055194608954e-01 1.093101407936719616e+00 -5.903589115302387835e-01
1.034976831025909094e+00 4.987278088020827838e-01 2.526484004028703434e-01 -2.725118980016598136e-01 5.519146818783968733e-01 1.745479915471519705e+00 -2.671731907953279750e-01
1.512124281187757546e+00 6.964160485552312041e-01 2.860707074526893656e-01 -1.576201189632233171e-02 5.176735565364455338e-01 2.339991710037955031e+00 2.660181973635072916e-02
-4.622265836425124008e-01 8.742898024145893121e-01 4.290334434046458312e-01 3.706994796593061081e-01 2.517132625943674373e-02 2.961821853032292839e+00 3.774658129312998822e-01
-9.428131777884249387e-02 1.053321686235130894e+00 7.760287864840461625e-01 8.426307172589280192e-01 2.332999154152794463e-01 -2.621382403605394984e+00 8.996501580344222759e-01
4.823240555243829553e-01 1.374734903711506639e+00 1.256996305477824816e+00 1.416357520308952678e+00 7.335103634394013472e-01 -1.882615498516277075e+00 1.567262411715160342e+00
1.107278159844286236e+00 1.834017106789211038e+00 1.804074208630746856e+00 2.094778312619077099e+00 1.315963499634303924e+00 -1.195603771430244100e+00 2.312183537406609979e+00
1.745392936070806034e+00 2.333627397285493288e+00 2.364352109583099271e+00 2.878633953736390527e+00 1.967209509833473868e+00 -5.799333271027290460e-01 3.089607172130502288e+00
2.379748467946411150e+00 2.687115485585258146e+00 2.878343824619789881e+00 -2.473918139588383358e+00 2.850062795163815554e+00 3.435982743633422820e-02 -2.409754438041950220e+00
2.990951406212772667e+00 2.294342935093649061e+00 -3.037186567942396831e+00 -1.318685618439669804e+00 -2.075911863621596964e+00 6.263827780371129528e-01 -1.641570102589752000e+00
-2.733090052882948040e+00 2.157900559724267087e+00 -2.982245880092992518e+00 -1.327514075430013263e-01 -9.511141142389615277e-01 -1.650052457112031468e-01 -9.258037212554693918e-01
-2.215744296555379744e+00 2.643977439418076614e+00 -3.031321732860801976e+00 7.939916946327157943e-01 -2.732162184154036666e-01 -6.624919470285934864e-01 -3.403906949432152773e-01
-1.717547971760591929e+00 -3.022318613614136229e+00 -2.841243369676538233e+00 1.463807148894635146e+00 1.465731698295355823e-01 -5.262335389806915148e-02 7.034282347501083499e-02
-1.185715199808123010e+00 -2.136994050972439219e+00 -2.533223154494131713e+00 1.876895702940932331e+00 4.446772665820718506e-01 5.623024280304702582e-01 5.437189757079157193e-01
-5.922590341593283458e-01 1.238894639972802691e+00 -2.201423356151682498e+00 2.115061890892648844e+00 7.991314698204623479e-01 1.129050496610161325e+00 1.218899415036232892e+00
3.967815632429843448e-02 1.804569998600173086e+00 -1.898033559603700127e+00 2.352840042643484342e+00 1.208151067229618292e+00 1.626291714887939222e+00 1.985184729676998883e+00
6.859168338598021775e-01 2.336286954063822918e+00 -1.882143544966500492e+00 2.566800975458149559e+00 1.599418255882844031e+00 2.042854017480302264e+00 2.742933700807265396e+00
1.277873229933849553e+00 2.842237617857358511e+00 -2.176410265676509415e+00 2.770145499543223533e+00 1.931447727363836186e+00 2.340015851456522800e+00 -2.780595035939281701e+00
1.795609948287181235e+00 -3.034730908324581033e+00 -2.052517010599506087e+00 3.041906891662519374e+00 2.234010528673512130e+00 2.492284268255073876e+00 -1.855934105618876728e+00
2.269534969138660152e+00 -2.868069805982554676e+00 -1.831481316543653426e+00 -2.967549065469865521e+00 2.537261947478469004e+00 2.694270113936282574e+00 -7.189592243243010383e-01
2.670254663512398263e+00 -2.882557200400288622e+00 -1.828572939868402081e+00 -2.980887823718322949e+00 2.746601120218117753e+00 3.075749684011596319e+00 4.073347236294644902e-01
2.534387526863776774e+00 -2.715276164345180376e+00 -1.763265612636671475e+00 -3.021783345068330462e+00 2.645455913307228180e+00 -2.732631863272974915e+00 1.355374272041139250e+00
2.000530172992716071e+00 -2.432463535149371303e+00 -1.450750502425044441e+00 -2.735509775123658116e+00 2.359291187603647089e+00 -2.385764965215747768e+00 2.062075303379751201e+00
2.423053492618045368e+00 -2.154770806552925855e+00 -1.122494533549335038e+00 -2.383758553614302667e+00 2.416889154242357396e+00 2.977396021127166392e+00 2.502545831645206498e+00
2.960943075582585404e+00 -1.857635271744308536e+00 -1.043737033058668162e+00 -2.183395307166782207e+00 2.724071620241534930e+00 2.751316743742838966e+00 2.887091986704983793e+00
-2.743261493044320876e+00 -1.472039797644433268e+00 -1.118461762391272041e+00 -1.993717895971635290e+00 -3.118854282776434950e+00 -3.130080350188282345e+00 -2.904261887191717406e+00
-2.144482931242332580e+00 -1.013331130553163817e+00 -9.049319627050849135e-01 -1.622461734076573014e+00 -2.628584486279737842e+00 -2.661068993679148065e+00 -2.394541319438694860e+00
-1.506583292066403512e+00 -5.152164504981667781e-01 -5.086461599090544849e-01 -1.127226241464253098e+00 -2.133617084491047144e+00 -2.192970980408398773e+00 -1.942635849088935274e+00
-8.695413118563656285e-01 1.388289617435271676e-02 -4.185179883686086788e-02 -5.753211369677885267e-01 -1.654972035272110897e+00 -1.778734176627904784e+00 -1.500924866401857294e+00
-2.653410620641391549e-01 5.560144603709002986e-01 4.131891527911216166e-01 4.124205513014391096e-03 -1.175712142711024200e+00 -1.422187744478093929e+00 -9.971702206011913150e-01
3.072338963581167093e-01 1.079769686877571910e+00 7.885751932075882875e-01 6.183865391241391007e-01 -6.664112891205937750e-01 -1.072586410048012251e+00 -4.394778309977765973e-01
8.269596909543618368e-01 1.514938124074424852e+00 1.057029081338203502e+00 1.261790436347787869e+00 -1.149939238838097594e-01 -7.014217157267862435e-01 1.369984967893789485e-01
1.307872220285280163e+00 1.761556673666103467e+00 1.364546484177674435e+00 1.951477367226117643e+00 4.777970450671744085e-01 -3.081319947392704983e-01 7.132560428426473198e-01
1.748675562987429322e+00 1.837736825991061362e+00 1.805396588653014334e+00 2.657687910346071103e+00 1.072232759624187182e+00 1.025764881961539199e-01 1.293081395740283135e+00
2.156217116542790357e+00 1.995643058704082540e+00 2.332291248639059678e+00 -2.987418071592658819e+00 1.615906832642848290e+00 5.482348285625979756e-01 1.862471798382404620e+00
2.542753695207160991e+00 2.296547075132043148e+00 2.861413318611972123e+00 -2.443508264642149541e+00 2.063984759360367072e+00 1.043205803083405048e+00 2.259969266833299795e+00
2.913156842025605542e+00 2.711296953771345386e+00 2.481657228230406353e+00 -2.012093889149058956e+00 2.501476367575940607e+00 2.208830319889547145e+00 2.258524123341803858e+00
-2.947797088538449906e+00 -3.028541558061911942e+00 1.303286739360804525e+00 -1.634491232478447076e+00 3.057250693207324677e+00 -1.600536925040251024e+00 2.774546443671297435e+00
-2.475538641206724844e+00 -2.419640539128124157e+00 1.687660166785441618e+00 -1.246776523266584835e+00 -2.582317752699680113e+00 -1.014324981543369697e+00 -2.534177418587191255e+00
-1.919419248345742179e+00 -1.831164750512719541e+00 1.952635388892046908e+00 -8.137485469177432318e-01 -1.883639549872272001e+00 -5.410079160303628010e-01 -1.408258788767254854e+00
-1.306135859648784869e+00 -1.524737023345213549e+00 2.107128601377857180e+00 -3.333944425766188213e-01 -1.141126763499609398e+00 -1.219555475728097138e-01 -2.356843528120554088e-01
-6.700907894307657209e-01 -2.194466376709447442e+00 2.447073053157130751e+00 1.535344905972028662e-01 -1.038083743764566524e-01 1.768313490956506528e-01 9.356834651620439258e-01
-3.130810221062144905e+00 -2.133330609513966802e+00 2.975374199266948239e+00 6.041591405942446924e-01 2.850642705123505483e+00 1.143747966103022262e-01 2.059229795808562358e+00
-2.403284109022552073e+00 -1.665820477969021995e+00 -2.655103439270225518e+00 7.832001174100610141e-01 -2.582036751271182595e+00 -1.741434364290078141e-01 3.099801151221425410e+00
-1.714097632466809795e+00 -1.137611621751544844e+00 -1.942498780550818926e+00 8.672708784751534394e-02 -1.908787687340800732e+00 6.877473339766806970e-02 -2.232477366811127517e+00
-1.041849085881679349e+00 -6.013484037613335831e-01 -1.199088470887126556e+00 4.850523448163520518e-02 -1.290434006015569013e+00 5.334274996256593848e-01 -1.358802060926160404e+00
-3.960045536293136936e-01 -6.970050077738143557e-02 -4.710529722574230416e-01 4.721894349011510617e-01 -7.169810564713375856e-01 1.069256840907308881e+00 -5.376073212398281287e-01
1.990143595312117430e-01 4.251799183587416375e-01 1.959116516938916308e-01 9.409207709023597044e-01 -1.952292063070786288e-01 1.592986457764122399e+00 2.669393365033631560e-01
7.542300162196312607e-01 8.346750931845409172e-01 8.085726521397437194e-01 1.316791440893457343e+00 2.662040141808006410e-01 1.913011800595296741e+00 1.089699476110184362e+00
1.218954299207121839e+00 8.463229454668210749e-01 1.353555379493588395e+00 1.362687472622163609e+00 6.351046050563059486e-01 3.810970782801766377e-01 1.737956189519918482e+00
1.542997742423294794e+00 3.831073508527753080e-01 1.802198711779897211e+00 1.322146008768843251e+00 9.420634672771616147e-01 5.945604861384649054e-01 2.470497007716332405e-02
1.645534528300712118e+00 6.987845973957755863e-01 2.172807428467156576e+00 1.675432646636830336e+00 1.278682276018997754e+00 1.103334251244566522e+00 1.394902382548040665e+00
1.740038962250979093e+00 1.392000971294933276e+00 2.688847940221224420e+00 2.253330909681167338e+00 1.749428265692821949e+00 1.659357921687224291e+00 2.796531134309944377e+00
2.125270360486580579e+00 2.409056592955485243e+00 -2.809124850883531366e+00 2.985383246405223900e+00 2.430830779288121413e+00 2.216020991870362167e+00 -2.494045698828335489e+00
2.760876419632381396e+00 -2.336686125856724860e+00 -1.938658741417549569e+00 -2.377867948139587906e+00 -2.830780683139660692e+00 2.742394162332737917e+00 -1.739053043067311899e+00
-2.557831339255256076e+00 -1.067317570487759326e+00 -1.123963621942830393e+00 -1.268441361241515075e+00 -1.632367827307635189e+00 -3.011672453940336780e+00 -1.119119129779784005e+00
-1.318765031602328053e+00 -2.010277020469004583e-01 -4.097171278352686463e-01 -3.551539958186365475e-01 -7.808493589328874274e-01 3.481022500759627936e-01 -6.219259765250209071e-01
-3.000018134114382784e-01 4.815376828673296750e-01 1.879130541288686063e-01 2.642989885196655453e-01 -1.713993251003457230e-01 7.838788596161753164e-01 -1.864230188482233208e-01
4.400046764814997680e-01 1.003907168453680443e+00 6.701615636069762072e-01 7.790628834284173410e-01 3.457325636965057347e-01 1.139256106106185884e+00 2.974735876265109935e-01
1.010729419187539779e+00 1.317877006762796732e+00 1.040659703098931077e+00 1.253205484651833901e+00 8.175711716730177381e-01 1.493593025696186682e+00 8.449232056843655192e-01
1.515258278133510439e+00 1.522899060889314926e+00 1.379403013265663835e+00 1.727768040650629722e+00 1.288671237058784724e+00 1.866072184173170223e+00 1.397880164146030335e+00
1.986354183362341708e+00 1.817963577100333517e+00 1.726326140931969233e+00 2.213181429607968376e+00 1.772953553481090072e+00 2.203452712563916727e+00 1.877365769069627932e+00
2.454945902198000685e+00 2.187832944702069682e+00 2.042184751257225983e+00 2.698950140208720594e+00 2.265442815450930958e+00 2.445423112275689981e+00 2.085369143780565704e+00
2.966752124253978717e+00 2.490331031358619107e+00 2.223413209066835261e+00 -3.099728724076530106e+00 2.746774492830218239e+00 2.671431184094595235e+00 1.824286247359338420e+00
-2.798045501127251811e+00 2.485562540483548855e+00 2.189187931469430026e+00 -2.653685697400422594e+00 -3.115793610746098175e+00 2.967847643005108615e+00 1.953877089056398342e+00
-2.225141396349849199e+00 2.326713008328687771e+00 2.234953360074270812e+00 -2.191155191168879579e+00 -2.803944229660636722e+00 -2.903519448654027890e+00 2.444198870758329978e+00
-1.581517176122658519e+00 2.492787186083145645e+00 2.513277913254153173e+00 -1.603191529559223394e+00 2.716970189774904121e+00 -2.387147736977252688e+00 3.069691767904115576e+00
2.029247754107178725e+00 2.877010801395638140e+00 2.963771106513584552e+00 1.090884842813987676e+00 1.655244133251764671e+00 -1.722115567879763720e+00 -2.488602942124158890e+00
2.582082801951480544e+00 -2.938561917733502060e+00 -2.770868422762228001e+00 2.007035326901983385e+00 1.877160526027251253e+00 -8.515364144532860946e-01 -1.512616238916444811e+00
-3.097504338802858026e+00 -2.407579349787012823e+00 -2.072161471090763207e+00 2.591685654825307772e+00 2.166713454573228059e+00 2.467891213226884317e-01 4.021965727630615983e-04
-2.609424566305661219e+00 1.331986637166717724e+00 -8.917676612079206144e-01 3.053961576280786794e+00 2.336093641696871614e+00 1.314181736776358189e+00 1.040722828141515954e+00
-2.120552554770653853e+00 1.877928539294468013e+00 1.374266078100848221e+00 -2.891458778154636811e+00 2.238295895859984785e+00 2.188796424262557050e+00 1.629958344684354188e+00
-1.722717296153629229e+00 2.390124098102874850e+00 2.407268682816386729e+00 -2.769235077753458896e+00 1.827592263035048514e+00 2.951619648380351180e+00 2.002161418778496405e+00
-1.005857234614010220e+00 2.832916183096729323e+00 -3.007553873968475511e+00 -2.701728382023771857e+00 1.781877365709818140e+00 -2.626572333385646552e+00 2.253325908069800487e+00
1.131239075094634394e-01 -3.091767179500148011e+00 -2.127137564467664888e+00 -2.636654040880023420e+00 2.055853034763761134e+00 -2.081491759358050420e+00 2.579319820094380766e+00
1.061605418637117548e+00 -2.728471263021976068e+00 -1.175112045397213922e+00 -2.445485526289505884e+00 2.465497884996846523e+00 -2.839945687898213667e+00 3.046816724608263360e+00
2.085085796602259123e+00 -2.320868929202050346e+00 -2.566746276456425835e-01 -2.152221610151686448e+00 2.907697045205388964e+00 -3.134117608134899147e+00 -2.685131556115479157e+00
-3.082068174560095297e+00 -1.865849981503853172e+00 4.084257556054689542e-01 -1.763745280871027665e+00 -2.919133347874449669e+00 -2.535284390986672243e+00 -2.124897580317094636e+00
-2.109258459720798839e+00 -1.384353807542739068e+00 2.560102624279227412e-01 -1.338073790321245848e+00 -2.477600739962852128e+00 -1.850518723595356629e+00 -1.597176083858988349e+00
-1.276431422523040204e+00 -8.659778246362680454e-01 -4.515693325201423081e-01 -8.776874487471365560e-01 -2.007455964109458257e+00 -1.125246891892470291e+00 -1.074361484951510404e+00
-5.694428881309021584e-01 -3.067327105832214906e-01 -4.784085462522313231e-02 -3.519043463339044386e-01 -1.496837763834708124e+00 -3.801085325750390154e-01 -4.671536169900961655e-01
4.028479802702831375e-02 2.485377763665677087e-01 4.250138292970168097e-01 2.135728717835473911e-01 -9.448580172273295386e-01 3.585695753006290509e-01 2.836031691062990134e-01
6.415622229482119687e-01 7.705879426754282946e-01 9.163430407646082632e-01 8.304840540328822796e-01 -3.673715005975017878e-01 1.116450596301193920e+00 1.183688424238777959e+00
1.190891630622039621e+00 1.119880373561274123e+00 1.349013043476867457e+00 1.447074154697103099e+00 1.461052401120564170e-01 1.917669570380579280e+00 2.232153388694911644e+00
1.718378535818064545e+00 1.013464100497773135e+00 1.676575125591936555e+00 2.058583191821039993e+00 4.880703028434966173e-01 3.022724423783714975e+00 -2.898143345972645335e+00
2.200432354762229981e+00 7.754502133865922575e-01 1.811169802924904815e+00 2.716790178915515774e+00 1.150487443846150287e-01 -1.303754702284236400e+00 -1.763305377852713018e+00
2.477343254525254945e+00 1.012777905051585270e+00 1.726746269124918243e+00 -2.778571010863513546e+00 -4.968611822166111441e-02 -2.636998798559298529e-01 -6.997223466268448488e-01
1.544932433094567514e+00 1.407584141034044167e+00 1.693511369405681144e+00 -6.168895362321317188e-01 1.770392904317542593e-01 4.276508795253122774e-01 4.530382044284056997e-01
1.107233001121676441e+00 1.845094954308666546e+00 1.857210925655212064e+00 2.833058759062099252e-01 5.450363168367424738e-01 1.134426860653198199e+00 2.161557582384118437e+00
1.406277789247941445e+00 2.289435219874782490e+00 2.132904166886968156e+00 3.484515533200860937e-01 8.758497963587912327e-01 1.902239910321750882e+00 -2.610015059439781293e+00
1.808108114221005147e+00 2.713680527131222320e+00 2.412422972047194580e+00 6.616804709520192063e-01 1.241083400097665157e+00 3.071193520384752684e+00 -1.724098391756959892e+00
2.238027870833843025e+00 3.122138576472363258e+00 2.717255076753357645e+00 8.268738510086866000e-01 1.591523803909456136e+00 -1.343040404675160504e+00 -1.128431510441869179e+00
2.515402087005684351e+00 -2.860032252472424652e+00 3.010970278852338922e+00 7.997031247813413124e-01 1.878550743259129963e+00 -3.942429730975416380e-01 -6.173572889731117064e-01
2.173633487063183267e+00 -2.781500721423709077e+00 -2.952033938378976430e+00 -6.935478064268917331e-01 1.903666525984712088e+00 2.166118983437063661e-01 -1.593254016204191312e-02
9.136827679414579739e-01 -3.118795526929732276e+00 -2.824636489579875676e+00 -1.693957391336591289e-01 1.301539404290202651e+00 7.640813573493556721e-01 6.382220278484488363e-01
1.018156593762960416e+00 -3.111136995982327846e+00 -2.997705981710814260e+00 1.966081160008059936e-01 1.111365026196310390e+00 1.186810224984371498e+00 1.328391589437962095e+00
1.261425236113106196e+00 -2.885907411250041132e+00 2.718940751167803871e+00 6.611262603951466588e-01 1.300071403362402123e+00 1.526105703500938882e+00 2.021100317296270710e+00
1.370641836775350120e+00 -2.524394884691294916e+00 2.819699578018771025e+00 8.618932063027430202e-01 1.462802061699341571e+00 1.764051044206522256e+00 2.724850219554947994e+00
1.479171470640781028e+00 -2.266357378604472839e+00 2.768881670631804237e+00 1.214130734479343277e+00 1.549552541356086666e+00 1.814624556608797068e+00 -2.697344136903022438e+00
1.540835181358831463e+00 -1.895963966549936819e+00 2.139433253715692818e+00 1.551832723564481098e+00 1.531443620834905595e+00 1.552900959827199001e+00 -1.561366228942960621e+00
