1.562472851452253009e+00 -1.534579395018113468e+00 -1.561700323881020980e+00 1.432898644833088042e+00 -1.598038340583225914e+00 1.397888703298225455e+00 1.501497745174195764e+00
1.853087419948817427e+00 -1.004442319738019673e+00 -1.021865451982772788e+00 1.593370623468975067e+00 -1.098013456247443731e+00 8.081940340526194699e-01 1.945463415225899828e+00
1.554136597256725372e+00 -4.720676924958462362e-01 -5.060746836082146149e-01 1.890319950543109861e+00 -5.283868228217655227e-01 4.130803926000972126e-01 2.407745994397985534e+00
1.477290504571733720e+00 -1.351171004620208560e-01 -7.629332460886503742e-02 2.290762107476275400e+00 -3.046983743759634211e-01 6.703190515079482381e-01 2.847196919395069248e+00
1.879111423619205912e+00 2.186269015660530224e-01 4.102581349081001472e-01 2.741186600192593303e+00 -2.826718508047800782e-01 9.719000509104522845e-01 -2.951256868405770284e+00
2.410257538252092768e+00 3.693637190678292770e-01 7.128739055950192860e-01 -3.102651542097289106e+00 -1.373395271635338810e+00 1.251135033635364602e+00 -2.551918987570593433e+00
2.939719189652065801e+00 5.890045405610121465e-01 3.256224925664089054e-01 -3.050944314347254771e+00 -1.111362021212441542e+00 1.359671111252031439e+00 -2.311669909534400880e+00
-2.831833305724450689e+00 7.774399569275564081e-01 -2.012734522052543051e-01 2.948657467631051077e+00 -7.686390607915701834e-01 1.461446558325496747e+00 -2.560844288854382977e+00
-2.366265713321941799e+00 1.026315014293154748e+00 5.292819174227169493e-02 -2.866298619059324704e+00 -4.194832206010726816e-01 1.724005808328787026e+00 -2.481445647947205124e+00
-1.914442193841040307e+00 7.626287539614257094e-01 2.671388478776791087e-01 -2.110971733834314357e+00 -1.866268271786801491e-01 2.072112730112475099e+00 -2.011646355954246790e+00
-1.444997767525713517e+00 8.362684746580398287e-02 3.514139487673166307e-01 -1.301840730151855086e+00 6.716209026292668804e-02 1.755532463972335977e+00 -1.368795082993149892e+00
-8.934266322266588567e-01 9.663921103426025006e-02 3.824374501342379662e-01 -5.144605222548094270e-01 3.461209725054469333e-01 4.509473898602107678e-01 -6.544403007123890115e-01
-2.231869003958308062e-01 4.665782027901297369e-01 6.345588764333274234e-01 2.275806681662418118e-01 7.359766126922628882e-01 6.756541467679505475e-01 7.287148632229115131e-02
5.272777624717316369e-01 8.211702051816257564e-01 9.921698589985089578e-01 9.176761381378322202e-01 1.168798067310419464e+00 1.000102943200359640e+00 8.044708365319972465e-01
1.326400322788245267e+00 1.102239599209143162e+00 1.329504151108075849e+00 1.555054973976510935e+00 1.632176244268510823e+00 1.436325804766547476e+00 1.485949115908859142e+00
2.118394655535173587e+00 1.073906708687554223e+00 1.299893716727663184e+00 2.126334280797672172e+00 2.043614487953102188e+00 2.020646472291356854e+00 2.124652290990908021e+00
2.839285690434806053e+00 1.017166835217181209e+00 9.415934083374809527e-01 2.558091896887639827e+00 1.986633334763700187e+00 2.718496427242020008e+00 2.730754228865828193e+00
5.608709913365729216e-01 1.252771564975777574e+00 1.132738896922589111e+00 2.169906620266866870e+00 1.191122856127253549e+00 -2.748745840854793787e+00 -3.108495698936307949e+00
1.257943048246364270e+00 1.673015353939588223e+00 1.564463901743726737e+00 1.633675849149451187e+00 1.466799511877635132e+00 2.919556412469993534e-01 2.932555655394355032e+00
1.955341302779195267e+00 2.164766730850926191e+00 2.030330739906228033e+00 2.069861634666227079e+00 2.010033230829685991e+00 1.430148089409244649e+00 2.727299733775338630e+00
2.639725657574504503e+00 2.675103083732261577e+00 2.437025048839383423e+00 2.631772097218791906e+00 2.629901020024717262e+00 2.167407690258160269e+00 -3.060391068280901461e+00
-2.972452795788772306e+00 -3.090764847643000746e+00 2.704941334927726704e+00 -3.096352824172591056e+00 -2.963195504613755471e+00 2.861140576890133236e+00 -2.451957396006545498e+00
-2.320519335451844967e+00 -2.646532326893874298e+00 2.800269727012077770e+00 -2.579660403930156054e+00 -2.205399813877942705e+00 -2.688091565635187141e+00 -1.760560048149144574e+00
-1.677136736039620102e+00 -2.275091951562195458e+00 2.894660479724804336e+00 -2.092180003681139766e+00 -1.292995836791305697e+00 -1.899115831061169546e+00 -9.490110789482920639e-01
-1.026438721712683133e+00 -2.097681260975732265e+00 2.920745508704467142e+00 -1.640991189987085042e+00 -1.911041791301887338e-01 -9.842099529924626111e-01 3.325006760792193622e-02
-3.332591171081069059e-01 2.586300872285585140e+00 2.810923885277077705e+00 -1.332159444600821141e+00 8.761070533896723189e-01 2.226634456825672681e-01 1.172109710429165341e+00
5.085638748497399719e-01 2.674057033219096269e+00 2.909922287838939248e+00 -2.105593632387404046e+00 1.788062490426157281e+00 1.655682600729547094e+00 2.251897124180265219e+00
1.872516131950038520e+00 -3.022184478243420624e+00 -2.957139383021297085e+00 -2.442252572477289885e+00 2.613533747693831621e+00 2.829168351418939409e+00 -3.101361844793848910e+00
-2.755747817506123631e+00 -2.358168783338105534e+00 -2.380345985905509831e+00 -1.934919935778627531e+00 -2.837888470760893345e+00 -2.446740980182772862e+00 -2.235330385838978362e+00
-1.731933991646944726e+00 -1.633552934331290896e+00 -1.716957845881269984e+00 -1.267940595509601476e+00 -1.864383919519787991e+00 -1.533168447572150095e+00 -1.374064356942596543e+00
-8.977571720448628279e-01 -8.679515380464069008e-01 -1.014767707169407895e+00 -5.312872072607095486e-01 -7.113931718838603091e-01 -6.651742569751051271e-01 -4.656516255631287793e-01
-8.494781623556058037e-02 -3.933813944829314679e-02 -2.989281797624910864e-01 2.535406820500216707e-01 4.506216450365880810e-01 1.799192978407616050e-01 5.289076247486271809e-01
7.772645325233497049e-01 1.085665736835833783e+00 4.544917280608322674e-01 1.099531175564058660e+00 1.466944488618798337e+00 1.004629364265649194e+00 1.585054768833475736e+00
1.749079365904249173e+00 2.840259686585294485e+00 1.490579052751025646e+00 2.062327830421748498e+00 2.368122665172962549e+00 1.854683213125870589e+00 2.623137766198388565e+00
2.897693940042548544e+00 -2.433723384340626517e+00 -3.082242300289510073e+00 -3.065380771450116892e+00 -3.038536284153613654e+00 2.789730334803890432e+00 -2.703713727122255328e+00
-2.166788900604544210e+00 -1.906084335230826099e+00 -2.176535246114921662e+00 -1.847819393970414392e+00 -2.095237112281977954e+00 -2.428543530307103016e+00 -1.830031000001830055e+00
-1.115600690945645290e+00 -1.512001135015300202e+00 -1.541937637219898294e+00 -7.997704912256579091e-01 -1.074427411693442025e+00 -1.297269005777684114e+00 -9.958357904455474863e-01
-2.273406946539977547e-01 -1.083679469588313848e+00 -9.469359486350520383e-01 1.222111115459275227e-01 -3.207123608989335961e-02 -2.525477171869074389e-01 -1.660945476123397158e-01
5.774924352999453170e-01 -6.042920157444465756e-01 -3.847235596710135708e-01 1.033345109094288228e+00 9.345295192312113031e-01 6.740691967357455017e-01 6.815487229368862865e-01
1.333419172349904702e+00 -1.188067885060084122e-01 1.058058984254313523e-01 2.080293551276374497e+00 1.750756371988319238e+00 1.528551658242421007e+00 1.604481583299419700e+00
2.057177166887897091e+00 3.547908581316484566e-01 4.641212518575595913e-01 -2.690116569859382079e+00 2.414472463078976450e+00 2.317341338496329062e+00 2.794758418717441462e+00
2.772502377102057824e+00 7.299841709590171313e-01 5.344693514614847762e-01 -1.209161379650258494e+00 2.899852308982820315e+00 2.883526367565776294e+00 -1.814079237688095425e+00
-2.736430899706793873e+00 8.052862321413490898e-01 3.356050178887230451e-01 -3.325326007158482255e-01 -3.081751530290831376e+00 1.309737500631745766e+00 -6.834168428485528635e-01
-1.806083487469696935e+00 5.044031114574217822e-01 3.700432789291809854e-01 2.699025831706332035e-01 -2.654973127051420079e+00 2.032526314341077001e+00 1.840849957508428753e-02
-7.496626740977735404e-01 6.650788208678946045e-01 6.871065097394580823e-01 7.731629457630753155e-01 -1.974205758786376164e+00 -2.753684363176930994e+00 5.975488637493855393e-01
2.633129295519452406e-01 1.097821347334439368e+00 1.123546327366054198e+00 1.278235264779689739e+00 -6.336490988583365347e-02 -7.016603226585916842e-01 1.186587884546236760e+00
1.152894940746379326e+00 1.580095534285413938e+00 1.592401392702292640e+00 1.819067763736380350e+00 1.660586128288080721e+00 3.428751529403134546e-01 1.806715369234647595e+00
1.931451724203310905e+00 1.994664712435862741e+00 2.036712529847183983e+00 2.381721585426917809e+00 2.422579555644961413e+00 1.142402085807469714e+00 2.441418894134011364e+00
2.615846032460494630e+00 2.257658119701934307e+00 2.399477468180938988e+00 2.912639651933752294e+00 3.060842283147175102e+00 1.805830939364486021e+00 3.039787530100295232e+00
-3.081954227672373925e+00 2.399446966189117791e+00 2.559065102315354334e+00 -2.987953858856458922e+00 -2.637770945581495496e+00 2.366505496131292574e+00 -2.784793263684682607e+00
-2.616526708487724839e+00 2.594039550062073651e+00 2.504263040532094031e+00 -2.832612971579260286e+00 -2.124301019896636333e+00 2.946580051918693322e+00 -2.478228008582964215e+00
-2.249389237419241017e+00 2.944790666993018391e+00 2.694297664868245512e+00 -2.597806942551073917e+00 -1.657074984400527029e+00 -2.571951974967807253e+00 -2.095285932631002712e+00
-1.896044165146192340e+00 -2.896908560404174882e+00 3.091341853657090244e+00 -2.193685324602954179e+00 -1.188622143688978117e+00 -1.439562289387894323e+00 -1.573729060606503305e+00
-1.504114884546291275e+00 -2.452104089064916170e+00 -2.851356253880068525e+00 -1.890203203482890171e+00 -6.934071084282541486e-01 1.948764318846611188e-03 -1.108405306904288956e+00
-1.111814828393256072e+00 -2.176797948386822057e+00 -2.869140180163742837e+00 -1.870794126883809749e+00 -1.954317288200842773e-01 1.328365494673191316e+00 -1.027183355892720806e+00
-7.668249421534197863e-01 -2.263203540205317665e+00 -2.912148713379258957e+00 -1.606251967859867014e+00 2.358151856396793200e-01 2.706915395836915206e+00 -1.002234401160454036e+00
-4.454118800797137734e-01 -2.295513514176741321e+00 -2.606668849647229891e+00 -1.010665667311126059e+00 5.526283938378894200e-01 -1.325634996753913386e+00 -5.293701883269185116e-01
-1.014812920108566219e-01 -1.963760184723569280e+00 -2.165170789134570839e+00 -2.713069537033017675e-01 7.107468851853526726e-01 1.883933513272482707e-01 1.375195433540226386e-01
2.471348076956521311e-01 -1.454364293586924983e+00 -1.714826108356624523e+00 5.355727925168138892e-01 7.618622199293588748e-01 1.198134289254358720e+00 8.610123240667142408e-01
5.807980970995176850e-01 -8.603323792898330824e-01 -1.329802687488308433e+00 1.358599798299444439e+00 7.836344256716013534e-01 2.065176566983569550e+00 1.566696060960536929e+00
1.064738386158278871e+00 -2.156427579517274373e-01 -1.163368104895656119e+00 2.055979721059909782e+00 9.548423810340317397e-01 2.673064941749763168e+00 1.841150681689174284e+00
1.781479981804955592e+00 5.139768129665752694e-01 -1.503987731484719204e+00 2.554653037143020722e+00 1.342462648833278038e+00 2.093025270168423102e+00 1.221379551157787846e+00
2.595648222248908343e+00 -2.960086390759816943e+00 -1.729548377353105293e+00 -3.024547653950061310e+00 1.944559835899881683e+00 2.375567267977372055e+00 2.436471962762073673e+00
-2.912629407964974604e+00 -2.022841638872438175e+00 -1.536506445713573976e+00 -2.212129813030447423e+00 2.727587214376108182e+00 3.135476676469993951e+00 -2.189696072542260286e+00
-2.222263306705069219e+00 -1.574371982320204477e+00 -1.211386788087049915e+00 -1.422194442478539989e+00 -2.673758836404847017e+00 -2.312010796476215990e+00 -1.082890197057708725e+00
-1.604212835582671470e+00 -1.189575844497427148e+00 -8.609666101384424453e-01 -7.041582932478303025e-01 -1.806943362371814077e+00 -1.498226406693517365e+00 -2.195544503566683736e-01
-1.033130984140689046e+00 -7.596164493895360970e-01 -5.065843764579270880e-01 -1.146420495194577921e-01 -1.036658337878864300e+00 -7.837760965711034755e-01 5.164544976993785674e-01
-4.843908103652450614e-01 -2.651799062111062089e-01 -1.490862389823658096e-01 2.723873581616276240e-01 -3.422769746334348717e-01 -2.266782197411288391e-01 1.119684732537818750e+00
6.085605395304318627e-02 2.692788030117893583e-01 2.206737760164422801e-01 5.421977016612169464e-01 3.247205735274258376e-01 2.912997864601415410e-01 1.556118538339295032e+00
6.125939996378234609e-01 8.005737887586815704e-01 6.087946300416561263e-01 9.443731643533063158e-01 9.860884279287883691e-01 9.390104193247381659e-01 1.907024683190477132e+00
1.174357152446865449e+00 1.300838340986932851e+00 1.016903408911539186e+00 1.496229898216393073e+00 1.658239891348837647e+00 1.662407962169415665e+00 2.326695264459453849e+00
1.739592133042081379e+00 1.740729702008951607e+00 1.428185824462487652e+00 2.123948214800722933e+00 2.337466649330650625e+00 2.397541384775299544e+00 2.827263992672839343e+00
2.294348357961816465e+00 2.097267216216569974e+00 1.836454536314884312e+00 2.793764759972877876e+00 3.005634217887246162e+00 3.126144687430831848e+00 -2.933201974502003040e+00
2.810054009706320688e+00 2.341137380621455044e+00 2.241085032934746923e+00 -2.785946201016178403e+00 -2.642680320409603212e+00 -2.451976732310003015e+00 -2.486265019591282766e+00
-3.054003685915323896e+00 2.350895481841096757e+00 2.595132894330748563e+00 -2.057817464965667309e+00 -2.068224195588534986e+00 -1.806074015012401723e+00 -2.291446610687171592e+00
-2.764074773665313067e+00 2.014489353950153827e+00 2.715588712053970788e+00 -1.315881360960720503e+00 -1.519924584596511252e+00 -1.293266579236119096e+00 -2.254416532108908022e+00
-2.442409741369440557e+00 1.853287740321914567e+00 2.233060384761354822e+00 -5.486803255768232246e-01 -9.275731009235912428e-01 -9.248416719961031207e-01 -1.844731882215571384e+00
-1.872451510800887453e+00 1.973459568950890475e+00 1.895411032602468016e+00 2.861650272151414764e-01 -2.670547705298544905e-01 -5.422075324533683904e-01 -1.059274752661349739e+00
-9.941047730245687886e-01 2.160757745622273962e+00 2.011815667910833660e+00 1.211495724983016053e+00 4.541530342995248049e-01 -6.175562988396508801e-02 1.710663995846334329e+00
2.261549842859695292e-01 2.389047687647688711e+00 2.362198435073378455e+00 2.211976158548212279e+00 1.223329581322667892e+00 4.664308133098599707e-01 2.950573651190629310e+00
1.492343277177673455e+00 2.640896325373237818e+00 2.815474244519433622e+00 -3.025731790096363394e+00 2.093529093933098828e+00 9.611382116002598064e-01 -2.524756514379694838e+00
2.482821798253238565e+00 2.840855613427095250e+00 -3.017231238377319880e+00 -1.984147375905742861e+00 -3.118168332417647903e+00 1.289847591426620088e+00 -1.771118613886870419e+00
-3.083536921120054508e+00 2.825213724787599023e+00 -2.674352769392501106e+00 -9.961825044566577914e-01 -1.906825240499220531e+00 7.919512165578688201e-01 -1.038713019531980697e+00
-2.919737566589688527e+00 2.793870313027200236e+00 -2.476109541151250593e+00 -7.506469807974029684e-02 -8.704071017265523347e-01 5.055353467046294069e-01 -3.146477604755612001e-01
2.858061349778981963e+00 3.035480519939108834e+00 -2.329657004778581619e+00 7.994817776361002881e-01 -5.868896978095418382e-02 8.806969692566575247e-01 4.289137150501583506e-01
-3.085718815617576105e+00 -2.867929480926366015e+00 -2.251899872268660729e+00 1.669922914597638641e+00 5.701475801887531114e-01 1.338934488717528737e+00 1.304169700037115964e+00
-2.497392900990099918e+00 -2.510327517903118810e+00 -2.300404018372468329e+00 2.617300764243784883e+00 8.328111502341664085e-01 1.688309582088367122e+00 3.023993994979007116e+00
-1.853259930420978918e+00 -2.156693793389436120e+00 -2.082284728743446500e+00 -2.454796418752452691e+00 2.800813836496045539e-01 1.801663565587132920e+00 -1.345330023505317385e+00
-1.218276495770307166e+00 -1.701619014510598049e+00 -1.586488445223457111e+00 -9.744378163449255448e-01 4.949362744840390405e-01 1.958873363362082731e+00 -4.356451306763747811e-01
-6.295266724003015790e-01 -1.129765902115856147e+00 -9.734805483111973468e-01 8.279000173045593380e-02 1.029406502150667757e+00 2.379712686962933699e+00 2.163755983154014018e-01
-9.031605727544021744e-02 -4.906240704051153534e-01 -3.095214556926124683e-01 7.992148342107481263e-01 1.615306664159204653e+00 2.878386971778979841e+00 5.771167193930597517e-01
4.256185703859345359e-01 1.919230840972338537e-01 4.072902348446416076e-01 1.452829805081953030e+00 2.211951468191294179e+00 3.119164253396735198e+00 8.922398769996969792e-01
9.092450545119989957e-01 9.671533609912602580e-01 1.259694376926284720e+00 2.186005516769060186e+00 2.878577003334307438e+00 2.904125707188132566e+00 1.643043876072761478e+00
1.104215902739234201e+00 1.889276780037215886e+00 2.484864449341003034e+00 3.087957602555196246e+00 -2.459042197715249678e+00 2.843549879975696637e+00 -1.361679446754797240e+00
4.396596263505079261e-01 2.924329085548777130e+00 -2.171379944664524331e+00 -1.716136077073545207e+00 -9.549104121663538614e-01 9.768215437057763406e-01 -4.341546815579743757e-01
6.311460354221019031e-01 -2.375284445775875941e+00 -9.096558356713976279e-01 1.429882255151142256e-01 3.319137185313368321e-01 1.189506618641786195e+00 3.835897426038502034e-01
1.208961177011477428e+00 -2.328357955532053492e+00 1.358963887384685709e-01 1.169365805274513503e+00 1.253550157656538433e+00 1.558343274049329485e+00 1.169640254350302611e+00
1.884285814907492140e+00 -2.941176327537196933e+00 1.198411729519836655e+00 1.948965668775869631e+00 2.066125467733418208e+00 2.066279129765979494e+00 1.922008524396045859e+00
2.604636748608468721e+00 -2.169336505336892262e+00 2.655861174736813268e+00 2.611454237176353388e+00 2.847879331842443573e+00 2.713398125029881758e+00 2.606060855345740723e+00
-2.925548899413676907e+00 -1.337412720499184804e+00 -1.590154220337954172e+00 3.111034833231518082e+00 -2.652904920515951392e+00 -2.844711747805201085e+00 3.022417461776180758e+00
-2.134468008248151971e+00 -5.565271693159016264e-01 -4.611260378089569456e-01 -2.994935713367413932e+00 -1.839493070590925594e+00 -2.088883561300669989e+00 2.452542028956586684e+00
-1.255989325445847848e+00 6.849084793508267155e-02 1.989449382597968941e-01 -2.942411862379286980e+00 -8.694675681879473483e-01 -1.361334890827467614e+00 2.618554589577600566e+00
-7.896530149353449268e-02 3.568012237620232785e-01 3.787187966838418962e-01 -2.588134458514866676e+00 9.452010562276668137e-01 -8.968089474293163832e-01 -3.071381370252766363e+00
1.422677047078741319e+00 4.926345169647682321e-01 4.324359482091958418e-01 -2.062205839788086248e+00 2.550785871998645593e+00 -1.971534584550814762e+00 -2.483026798450127526e+00
2.344606109595386290e+00 9.601816401279259505e-01 8.643751331553306549e-01 -1.501405614981511816e+00 -2.856794565400817110e+00 -1.599824708351783809e+00 -2.165227670608163013e+00
2.954217830263373479e+00 1.618931277089346477e+00 1.491058277850956237e+00 -1.102252807919881672e+00 -2.125107911632475588e+00 -9.380734261252362538e-01 -2.515584327929184738e+00
-2.746094815085755148e+00 2.347522233891285115e+00 2.208860212098200826e+00 -2.558500350693088787e+00 -1.444665023640867796e+00 -2.810355471353567780e-01 -2.446451130695397769e+00
-2.131086890710925275e+00 3.081637649860506922e+00 2.960078920865747865e+00 -2.388339720806056388e+00 -7.911976009454757541e-01 3.170510991947025348e-01 -2.098240617935323016e+00
-1.512077738889989975e+00 -2.570298398330785439e+00 -2.774454729152419752e+00 -2.125132088291900256e+00 -1.577614528035140018e-01 8.516713338615667928e-01 -2.282335406709140369e+00
-9.468728622188076205e-01 -2.308002888126699403e+00 2.154097982028666980e+00 -2.421061149112301081e+00 4.350037164524762634e-01 1.392636423600955187e+00 -2.698850819930256328e+00
-9.367378293039786419e-01 -2.361078346830433272e+00 2.850376324614826373e+00 -2.413443551055491909e+00 9.370145451327439590e-01 1.963550215033072588e+00 -2.251229177345916987e+00
-2.485235637320695634e+00 -1.954884179406464861e+00 -2.521413669510687683e+00 -2.014055046787257108e+00 1.305116524778052733e+00 2.370631587796933282e+00 -1.635432508833207343e+00
-2.077425613884950284e+00 -1.343412695095977938e+00 -1.601023085818533254e+00 -1.562962218371254597e+00 1.750103172241303850e+00 2.304678137511419589e+00 -1.027928109014336622e+00
-1.582927694401423224e+00 -7.109491310729291191e-01 -7.492594144186041083e-01 -1.129806184007223768e+00 2.482722041451308925e+00 2.749830841722307184e+00 -5.182369597066694977e-01
-1.032231515756226070e+00 -1.029023794256052476e-01 -8.347958387848500653e-03 -6.544458851425942747e-01 -2.817984487308017982e+00 -2.653300207729060389e+00 -1.324551152889843486e-01
-4.106397678062794765e-01 4.980583969282716961e-01 6.323953949267117070e-01 -8.012536027345848466e-02 -1.699481629127937987e+00 -1.679222079516951682e+00 2.717301008250176397e-01
2.729360246266593903e-01 1.130037443202411396e+00 1.229408834843221721e+00 5.823493183477808088e-01 -5.902788850658670095e-01 -7.274997417780565412e-01 8.147989634090841982e-01
9.950951146104211054e-01 1.795412419986658792e+00 1.826487056755014882e+00 1.299202550609047879e+00 4.493328314570234627e-01 1.667505029165678720e-01 1.466911278319527501e+00
1.733625468829018246e+00 2.469815941358036060e+00 2.429784945038920618e+00 2.039726687468771171e+00 1.441706506285956868e+00 9.835249965378206616e-01 2.170690265004900699e+00
2.473674366092575294e+00 3.128682145919935209e+00 3.029512345019832242e+00 2.771212533808193879e+00 2.448551051266186551e+00 1.676459911216827248e+00 2.882063934946772044e+00
-3.071110347970715360e+00 -2.514213286287604099e+00 -2.663730438018432789e+00 -2.839387372771138729e+00 -2.665211644974697425e+00 2.143786434829408449e+00 -2.727450214107832949e+00
-2.324140535141097974e+00 -1.864392785799285690e+00 -2.083701558232085027e+00 -2.304407420128212980e+00 -1.293033161727685121e+00 2.398685863632290971e+00 -2.158810298568755393e+00
-1.551888265137832512e+00 -1.187160839616881569e+00 -1.522031870183740088e+00 -1.970088038779920003e+00 -1.970590614587983957e-01 2.744071580006627986e+00 -1.806670497660163743e+00
-7.494805917746023560e-01 -5.094090772645545329e-01 -1.012679091670265485e+00 -1.811399590211145494e+00 6.368396606011912375e-01 -3.110776639363151297e+00 -1.875891105587390362e+00
4.363888173345843724e-02 8.718372655452705233e-02 -6.404726226579610104e-01 -1.742503418672266102e+00 1.382194677913644476e+00 -2.797804947192862102e+00 -1.980974856511641624e+00
6.938943481239139288e-01 4.869175186042428716e-01 -3.952109419822443792e-01 -1.369874578263076126e+00 2.087657296211200997e+00 -2.515140634147492449e+00 -1.534220659013048493e+00
8.328147411994969440e-01 7.850962829789042141e-01 6.263825779094862878e-02 -6.800400277236754443e-01 2.728052379813706185e+00 -1.958946724736445821e+00 -8.092140579500153308e-01
7.621499178110557882e-01 1.246988818695069279e+00 7.683203560459834769e-01 1.393771456913841522e-01 3.016687652612141779e+00 -1.138342274517812225e+00 3.512160607710778509e-02
1.216024586176310596e+00 1.862926346947488376e+00 1.557949852690168058e+00 9.886796344106435486e-01 1.763248586810600926e+00 -1.003499009125667779e-01 9.403612229477148476e-01
1.842016272770233387e+00 2.553571948797571434e+00 2.342330456781087644e+00 1.825975679703587540e+00 2.108814060092878417e+00 1.019803809386232274e+00 1.890899683547941246e+00
2.510207648389622292e+00 -2.998580013322395654e+00 3.092359836351207036e+00 2.642348411079269876e+00 2.673523543824228632e+00 1.973293927912503687e+00 2.900744832620391733e+00
-3.089494932375866920e+00 -2.232233519486604312e+00 -2.479831496653811751e+00 -2.832720967267957857e+00 -3.013743352093955163e+00 2.760721890412082935e+00 -2.272178218394750981e+00
-2.389942802138607547e+00 -1.416091576445951628e+00 -1.799102989537296082e+00 -1.995735987638419084e+00 -2.413920047830350857e+00 -2.805018897553472002e+00 -1.038874597035921887e+00
-1.648620810569825235e+00 -4.948559988595435111e-01 -1.123343642269416964e+00 -1.027796925258419369e+00 -1.830586079313967440e+00 -2.124863413594075823e+00 1.885854268346796869e-01
-7.346163851461008365e-01 6.495419293470245936e-01 -3.959255414320423938e-01 3.545428809660235991e-01 -1.303705813658403656e+00 -1.501490119111112076e+00 1.259883949778669132e+00
1.007483727035275223e+00 1.917494271152427210e+00 7.322877228609039335e-01 1.922823788267250977e+00 -9.481878265488189461e-01 -1.003322994503383470e+00 2.192391430855700207e+00
2.402958350887204553e+00 2.883105341954638412e+00 2.990407026218418363e+00 2.968268812122130562e+00 -1.329126655287440784e+00 -8.968514666363197607e-01 3.033321389172695337e+00
3.106085946690888999e+00 -2.725940348940406821e+00 -2.527961863084098759e+00 -2.567492592961523101e+00 -1.994464957974724673e+00 -1.890197162731846792e+00 -2.495268378504085227e+00
-2.655781492766325247e+00 -2.213387338286456618e+00 -2.119299325363699360e+00 -2.057314914576211962e+00 -1.924992514889910966e+00 -2.100043776377623406e+00 -1.867640390765520797e+00
-2.216755126147547106e+00 -1.777665575833567990e+00 -1.807604390151541063e+00 -1.791362600774637714e+00 -1.730341944533358767e+00 -1.926503543828982146e+00 -1.440357712157434689e+00
-1.828009853839448695e+00 -1.356828258953993060e+00 -1.447004361448255283e+00 -1.533856182977152205e+00 -1.476617636235079134e+00 -1.624181441736070486e+00 -1.149392894033184787e+00
-1.482290499793969207e+00 -9.093712910326084975e-01 -1.001438396999623004e+00 -1.122820699581304149e+00 -1.174350722163110650e+00 -1.271391809740915813e+00 -7.317885908063282985e-01
-1.182887696230957131e+00 -4.243354653518144892e-01 -5.094091324251965869e-01 -6.535710441913531454e-01 -8.507649392878466887e-01 -9.270914376581721461e-01 -1.361264111188116577e-01
-9.326520950291824485e-01 9.157215864055613663e-02 -2.744778995404388230e-02 -2.367953360470803070e-01 -5.344418782067545948e-01 -5.902363016066448642e-01 7.574516827501126537e-01
-7.577218620151030537e-01 6.313000284115767302e-01 3.690982760099520976e-01 4.820477978594157192e-02 -2.699040665422806629e-01 -2.020977108552815538e-01 -2.839156787785809488e+00
-7.678042322343127113e-01 1.194464737951006050e+00 4.643483044055432551e-01 -3.619470951389764934e-01 -2.229517319635643535e-01 2.572202893454397787e-01 -2.246598193554936618e+00
-9.252491795389854445e-01 2.175945541045055442e+00 -2.368907319683813129e-01 -1.612821952855033603e+00 -7.056269168604588637e-01 6.164494397026679673e-01 -1.836932995945541824e+00
-8.132900685600003010e-01 -8.974947241532441611e-01 -3.476651725482101662e-01 -1.226739158177625910e+00 -8.060445538100673435e-01 -1.121067082272653392e+00 -1.333041211156472894e+00
-4.539182369712838616e-01 -3.385200191703260919e-01 -4.059296437489014892e-02 -6.873213043542347744e-01 -4.714993971682180374e-01 -7.511051571303347663e-01 -7.494574037485766116e-01
-6.368517852883497955e-03 1.651315204548601534e-01 3.311922911667459779e-01 -1.244892849852268918e-01 -1.899131132172938649e-02 -1.981468136717255690e-01 -1.329583998950945589e-01
4.403123780190901781e-01 5.871700979698265543e-01 6.929194122317001714e-01 4.128736373148846339e-01 4.387685396782154412e-01 3.256135113364015954e-01 4.823812704499535475e-01
8.312718548501076832e-01 9.352632497209451001e-01 1.052243242847606286e+00 8.657409918026119922e-01 8.369361265555250728e-01 7.565550362584568811e-01 1.037282349921384350e+00
1.127770188407875906e+00 1.283723187196492255e+00 1.433490663259699760e+00 1.115901989386204995e+00 1.133862107511030670e+00 1.004655172000395780e+00 1.337920763520406009e+00
1.329433586071335327e+00 1.719038661470868368e+00 1.852250730367117848e+00 1.124916202549285149e+00 1.361278872623360003e+00 1.030894077131150333e+00 1.135591169565917768e+00
1.496722242879054754e+00 2.363966162401375914e+00 2.355681663820069716e+00 1.214078157810844383e+00 1.623862299071271442e+00 1.149651684767204030e+00 1.236945722673148396e+00
1.550363046658393973e+00 -2.088294226647348761e+00 3.114122322037675694e+00 1.243999732261149127e+00 1.930529053705383191e+00 1.493291005181523134e+00 1.268927594574241979e+00
8.056574154714403191e-01 -4.712570085899491223e-01 -1.318897724998744136e+00 5.393994115842372095e-01 1.892581316818934933e+00 1.885718874232145570e+00 -2.553575013024661847e-03
6.191840536669441786e-01 2.992807361940404975e-01 1.002573005960420982e-01 5.921960824098029263e-01 7.906179061017649667e-01 1.888553705678169603e+00 4.387746826143312795e-01
1.008164229812789747e+00 9.547530645814966688e-01 8.872206986166778497e-01 1.059717960633976608e+00 1.033952175865286760e+00 1.176317626671737226e+00 1.047974192212665079e+00
1.511981948866049974e+00 1.540115316181936533e+00 1.538243663422371288e+00 1.601795523605767047e+00 1.515033130023267782e+00 1.396515750970705572e+00 1.658097972161313161e+00
2.036003201498228776e+00 2.050684952444251419e+00 2.095917073448744006e+00 2.135017437787936956e+00 2.024976179725864078e+00 1.852769980189169052e+00 2.228446761477809179e+00
2.546582704423091759e+00 2.504615312691878426e+00 2.562999390584804527e+00 2.621515225783516811e+00 2.518299594479993075e+00 2.319088785392818153e+00 2.739453801737765204e+00
3.030247373922848375e+00 2.952335816511951982e+00 2.970732853266788265e+00 3.044319270672621869e+00 2.970133034614123702e+00 2.741108168689817326e+00 -3.095289172991960491e+00
-2.796188273783342559e+00 -2.856535610849422646e+00 -2.913263971069457448e+00 -2.869786084637542700e+00 -2.937615708141529947e+00 3.118803775666227018e+00 -2.681707661429005185e+00
-2.359666555324936965e+00 -2.366557507916589920e+00 -2.505247307861873995e+00 -2.515804250404165110e+00 -2.707764229795537325e+00 -2.786085469451389685e+00 -2.248036184201822163e+00
-1.938914038409785823e+00 -1.898874330853044912e+00 -2.114385358738604559e+00 -2.142260171721434681e+00 -2.720288861325716123e+00 -2.368193022859435892e+00 -1.756501664460780709e+00
-1.522437595487850848e+00 -1.483589321072057210e+00 -1.775795514630584382e+00 -1.748643008700108137e+00 -2.879077406883622903e+00 -1.939932769101384125e+00 -1.206919803122898927e+00
-1.057564195945264629e+00 -1.097240630634515712e+00 -1.562419430348351845e+00 -1.353653585421340289e+00 -3.114703431310877235e+00 -1.595203740132548731e+00 -5.866974770396110594e-01
-3.133372061513297058e-01 -6.200942359531183001e-01 -2.747402180984987563e+00 -9.918984147869607249e-01 2.787219306846176359e+00 -1.424888236872790648e+00 3.069824993405825264e-01
1.630044091655511229e+00 2.057406126663905432e+00 3.028076637670833904e+00 -1.082692979369798580e+00 2.769268321058576010e+00 -1.297588154347546707e+00 2.360274772144589583e+00
2.625718310366881081e+00 2.978102565467801721e+00 -2.962672468814055105e+00 -2.686365366589873016e+00 3.023783859854061618e+00 -1.041684473051646131e+00 -2.844892693384903470e+00
-3.105602807578634383e+00 -2.852220999884099495e+00 -2.614903034814605842e+00 -2.494408628766072944e+00 -2.959306769050052299e+00 -6.688853379740868910e-01 -2.294845515722665041e+00
-2.647908398584768896e+00 -2.426573660928748488e+00 -2.237729677589418653e+00 -2.325618839166292418e+00 -2.698720173580844595e+00 -2.039503010569908292e-02 -2.144669738168434758e+00
-2.224121667532367397e+00 -1.981427487169788115e+00 -1.810689553495004933e+00 -2.237942394600172857e+00 -2.468439445893646056e+00 2.329060505734347863e+00 -2.209028520564927156e+00
-1.804955106266230125e+00 -1.520381248101637217e+00 -1.348616167428915213e+00 -2.065384977964172641e+00 -2.222226827165976637e+00 -2.871678701970429515e+00 -1.913728248633223439e+00
-1.377812281073172329e+00 -1.081072649488435511e+00 -9.126960300785528224e-01 -1.733866726854844886e+00 -1.957107585581104869e+00 -2.161090636389146447e+00 -1.394493031272959760e+00
-9.385862585609444642e-01 -6.784509557979782057e-01 -5.792227908520851676e-01 -1.240944790766214334e+00 -1.675011438919204343e+00 -1.488028743095552997e+00 -7.780846556059758390e-01
-4.855410760521003399e-01 -2.645320482698058639e-01 -3.353714798282792509e-01 -6.045174184761334946e-01 -1.372263712735540597e+00 -8.371764011545643758e-01 -1.056872576671117614e-01
-1.543353940074067114e-02 1.940946882581783550e-01 -5.579926370617547399e-02 1.832613385496009439e-01 -1.069281764733028828e+00 -2.190500742693733405e-01 5.952173760191759033e-01
4.895370128820245026e-01 6.670059545170915483e-01 3.070320419951853008e-01 1.283861240283850291e+00 -8.108197449666987300e-01 3.620439167103263189e-01 1.289037899679718491e+00
1.055448428306870134e+00 1.080840323387722179e+00 7.505987177153209400e-01 2.741204242441079852e+00 -7.310277106436257055e-01 9.691122746466074300e-01 1.971078359358259702e+00
1.688446592929381929e+00 1.313162012746644569e+00 1.325541918924648233e+00 -2.543872279761580479e+00 -1.332129204216704110e+00 1.874391956701536133e+00 2.694645217715230689e+00
2.348480531216023959e+00 1.173055499344908714e+00 2.190080816618964477e+00 -1.781208106140679481e+00 -1.573584114475023776e+00 -2.756924853008357434e+00 -2.803781143773659501e+00
2.875412317073851920e+00 1.285098848288427353e+00 -1.790286144957335956e+00 -9.603586261330857576e-01 -1.193975198355938572e+00 -1.407110023372924568e+00 -2.009606424627815358e+00
2.489609373025435612e+00 1.867478139021647499e+00 -2.053762878752640186e-01 1.761542155143268340e-01 -6.226293896757651991e-01 1.982884599201638898e-01 -1.385613428416234472e+00
2.412966098342907983e+00 2.639889388278686244e+00 2.891883983485918463e+00 2.052695318504130562e+00 1.241832899799131529e-01 1.874047321285165379e+00 -2.780098064143174064e+00
2.991303238217629001e+00 -2.817253595584831682e+00 -2.205375122070729166e+00 -2.916653810892234855e+00 2.470190878979486193e+00 2.892027000583710095e+00 -2.326601105200865938e+00
-2.625403947183826858e+00 -2.016552769518490607e+00 -1.329879047723172114e+00 -2.024226914490667273e+00 -2.334563214583980084e+00 -2.575456635647817016e+00 -1.603947696654266064e+00
-1.956925952168128591e+00 -1.273556173140827585e+00 -4.790098346526766582e-01 -1.252941196951128600e+00 -1.622499674482765553e+00 -1.844677860071046505e+00 -8.708385422692832556e-01
-1.306000767793686901e+00 -5.858526499703681223e-01 3.829452584826000261e-01 -5.434114287898972329e-01 -1.006321536004725958e+00 -1.178567027655017752e+00 -1.530167281644103927e-01
-6.736525478412871415e-01 1.214998124899911436e-01 1.260402582070807798e+00 1.039763104361491053e-01 -4.540143164732491354e-01 -5.931939560277432744e-01 5.548169459237831669e-01
-4.360167192271469788e-02 1.040132642447777256e+00 2.136431028040673752e+00 5.881924548132864139e-01 2.889426188350450314e-02 -1.626075067145014985e-01 1.286126331464075401e+00
6.482119759568071293e-01 2.243525115082273924e+00 2.969909758431631186e+00 -6.386416748585340697e-01 4.089379433911657924e-01 -7.392022879991783091e-02 2.470328138508283811e+00
1.706768780166654009e+00 -2.922298779269921543e+00 -2.560302890620884231e+00 -7.871864551256883002e-01 5.959276280714381757e-01 -1.725362069274154475e-01 -9.799418336660343787e-01
-2.768863053010546249e+00 -2.011627571111610724e+00 -1.903041657202049874e+00 -4.176306447061261529e-01 4.117676954710219883e-01 7.388292834731176317e-02 -1.441885694032914444e-01
-1.739188189801790907e+00 -1.203229764691507775e+00 -1.351795082564571260e+00 -1.047742965699906270e-01 2.644025305607654586e-01 4.720046642927443470e-01 6.266922390747344807e-01
-1.031370806536161533e+00 -4.336724170714490456e-01 -9.327719589308782755e-01 9.535595821171548303e-02 5.044273308492087660e-01 8.133940982798623098e-01 1.464817607984032710e+00
-4.269988952105581159e-01 3.294892868019642096e-01 -7.699038192401067571e-01 1.756619850037829944e-01 9.396417275110947598e-01 8.957439892817735672e-01 2.669619618781442050e+00
5.622386402006593342e-02 1.115737315721660128e+00 -8.794286905538554189e-01 1.158248929012073089e-02 1.448519338801286915e+00 7.710124886517816245e-01 -1.654897070260952674e+00
2.448444012525728963e-01 -1.482813149298699118e+00 -6.845790360958944332e-01 -1.672990178041566522e-01 1.973478139226238603e+00 8.023444271235256053e-01 -6.271083698787532912e-01
6.584061377046961788e-03 -6.522095523366829850e-01 -2.069260483840814069e-01 6.057356507014054897e-02 2.437552737803938108e+00 8.451354371346224692e-01 6.189775516696061769e-02
8.433433772243895121e-02 7.913939414481978296e-02 3.712822551239589597e-01 4.929397285580026655e-01 2.023765223215518549e+00 5.783200713433741535e-01 6.415490876653342500e-01
4.777326387858780721e-01 7.685849365847409187e-01 9.631650853396769296e-01 9.861521731790705569e-01 1.025139222311269860e+00 6.278983823771003836e-01 1.163237334133492729e+00
9.878350584334066875e-01 1.407339236910048585e+00 1.514838998900222444e+00 1.500448130989581408e+00 1.454085286994215798e+00 1.064314621677879824e+00 1.687243687963629224e+00
1.552675578586211858e+00 1.943574578061159297e+00 1.968292908535260732e+00 2.041752637532945336e+00 2.000408599708365376e+00 1.652278329440107996e+00 2.283245536978912860e+00
2.149102466894490249e+00 2.195068448022897911e+00 2.284170593614617939e+00 2.620525037055366546e+00 2.581708656298016713e+00 2.310856909430634154e+00 2.978843135329501290e+00
2.754604339334072005e+00 1.826632284399325679e+00 2.478373810272184397e+00 -3.065822425389781003e+00 -3.121428301673528249e+00 3.019027643378798587e+00 -2.453716403924380618e+00
-2.966926283735093595e+00 1.737378811448211824e+00 2.402674253908800406e+00 -2.562801969278952097e+00 -2.619267223598757965e+00 4.650071391106221363e-01 1.912039376221137121e-01
-2.722514329644271758e+00 2.066317798551350116e+00 2.121288356356220373e+00 -2.823013809688122766e+00 -2.397766448378061632e+00 1.257483807055139069e+00 1.624045948653155103e+00
2.222126799301109568e+00 2.535847857135473227e+00 2.315673013454703000e+00 -3.095223418185335973e+00 -2.681443410213460776e+00 1.955549657506350014e+00 2.368754713815945045e+00
2.276091796100585096e+00 3.051414074590458103e+00 2.700962510982658049e+00 -2.279597070589190810e+00 -2.619204332627796727e+00 2.591592491750652094e+00 2.875834231434489130e+00
2.360044249492081470e+00 -2.773100742196485946e+00 3.016299197685597733e+00 6.851918827388052691e-01 -2.281453859189702893e+00 3.124366251635919856e+00 2.692363227334572340e+00
2.392913820942821790e+00 -2.457501392770154336e+00 -3.031657525432421174e+00 1.573848852152001321e+00 -1.943793593520240615e+00 -2.775341012463257151e+00 2.464156676257334144e+00
2.569144185701474292e+00 -2.423746832466254997e+00 -2.719646375929753113e+00 2.238654845013378303e+00 -1.686911464711229769e+00 -2.430336044721601585e+00 2.815617851940520833e+00
2.611029148968002644e+00 2.990691800964940139e+00 -2.307830316436359386e+00 2.748641850868696945e+00 -1.422219042595958216e+00 -1.974073944855865292e+00 -3.119339004892765832e+00
2.117547350202183765e+00 2.685911360785502300e+00 -1.908084692092067769e+00 3.023956353636414462e+00 -1.067522606873968938e+00 -1.624223217240073014e+00 -3.020789280986222014e+00
2.223106321090399629e+00 3.029507147490144270e+00 -1.658892131026311167e+00 -3.105309444234704230e+00 -7.163611771392053296e-01 2.441599828962466301e+00 -2.989263101124110200e+00
2.697063232850595238e+00 -2.827085478571073285e+00 -1.665027165410143617e+00 -2.807833090279795218e+00 -1.965178247103288811e+00 3.066243135124987695e+00 -2.703172478714547911e+00
-3.017394916814573058e+00 -2.393797216361103430e+00 -1.653777942879788077e+00 -2.370918461571193347e+00 -2.261765223367043554e+00 -2.612495635471724587e+00 -2.258212715556190187e+00
-2.424673751317990789e+00 -1.979299157051630731e+00 -1.402684135864392223e+00 -1.863920607491785786e+00 -1.762146829245878843e+00 -2.038115961081990779e+00 -1.734548964733100940e+00
-1.832861024791268889e+00 -1.595827222864834249e+00 -1.009605393664515516e+00 -1.331788008746879859e+00 -1.190623233778262291e+00 -1.495949911191259085e+00 -1.169988109809291243e+00
-1.264222900691429841e+00 -1.350698484293603174e+00 -6.245498344979326655e-01 -8.227772079008780493e-01 -6.082833352476850752e-01 -9.813875721678723130e-01 -6.046827837334208811e-01
-7.492440824085838669e-01 -1.409577209568420697e+00 -6.455653803383953893e-01 -3.909672053785381851e-01 -5.363844841697765903e-02 -4.949472041107544906e-01 -9.839503433293737833e-02
-3.260228483282030520e-01 -1.385652928099657899e+00 -1.073109533293866713e+00 -6.408733942329554456e-02 4.324367302605203744e-01 -4.885474651451746086e-02 2.468932908933188231e-01
-2.855574807558970262e-03 -9.933067813506814003e-01 -7.756049404033474870e-01 1.874837173238383392e-01 7.503126150624203072e-01 3.405167914907127336e-01 3.210101171227125461e-01
3.146911817969250680e-01 -4.064481279513476042e-01 -2.133683432956521020e-01 4.025899860994591739e-01 8.062585683577592199e-01 6.241382647613623602e-01 2.063597687887989418e-01
7.326972847355504026e-01 2.633214070974549958e-01 4.291468868221122168e-01 6.151358560955647592e-01 8.617716080505062326e-01 8.283306712334069788e-01 1.593848978491446966e-01
1.259672819008956779e+00 9.773198175017177025e-01 1.121221331139501176e+00 9.118878417015474636e-01 1.171093576534578018e+00 1.054987285855188084e+00 2.911399795241891297e-01
1.849910281452409988e+00 1.697893588782568353e+00 1.862348138148973042e+00 1.328928981271235710e+00 1.610339361193883434e+00 1.287496888796346717e+00 5.677351895839299889e-01
2.450814799050446524e+00 2.394289123752752602e+00 2.677454412504795211e+00 1.789628921529074379e+00 2.071772379508243667e+00 1.390277201178720112e+00 8.011400275439479746e-01
2.991154590736035068e+00 3.050161275444368325e+00 -2.667391148127890244e+00 2.135053628976164575e+00 2.467669668802304095e+00 1.573413104676622654e+00 9.757648760348480721e-01
-2.945510404151959971e+00 -2.601890089935951167e+00 -1.688335860388803678e+00 2.446495782121421492e+00 2.709627758192641345e+00 2.036679055492673918e+00 1.425295275926369509e+00
-2.790029857429352056e+00 -1.942979262177712441e+00 -1.055300925769168563e+00 3.117399342188367672e+00 3.006166310109552153e+00 2.674288809339279371e+00 2.276298595084576437e+00
-2.423150710396038576e+00 -1.289088288121913006e+00 -7.987135673399952118e-01 -2.302099196534350245e+00 -2.597390242757590784e+00 -2.878541884768079484e+00 -2.793247378813279447e+00
-1.808657894689696510e+00 -6.907238925603785828e-01 -5.343678319501528051e-01 -1.457448146268654154e+00 -1.364743365416394738e+00 -2.108778981445858403e+00 -1.609051176526974380e+00
-1.095872509355259483e+00 -1.630752342369144181e-01 -1.496319036355337750e-01 -6.793130749964533255e-01 -2.063552560922839174e-01 -1.312024025248301973e+00 -6.761044634007599141e-01
-3.600185648834002272e-01 3.248992557150589544e-01 3.244724218384832937e-01 4.410817973372535561e-02 6.001928328530232726e-01 -4.919294043646103010e-01 1.163503917870715026e-01
3.707996416340272883e-01 8.420277474775447191e-01 8.578563267603620535e-01 7.280652069846208496e-01 1.265100604378311511e+00 3.470846123293264140e-01 8.394772065775821801e-01
1.080905213946457444e+00 1.387300629963745369e+00 1.402462454352730425e+00 1.378176874642513150e+00 1.851257298173025090e+00 1.201653899505406242e+00 1.521135167217217532e+00
1.754334902167023591e+00 1.929499516879416010e+00 1.913633350368268315e+00 1.990859765957005090e+00 2.370658709951979581e+00 2.021469276484123334e+00 2.163749042916231602e+00
2.361903378647448370e+00 2.390839384332990925e+00 2.317935086659430155e+00 2.548979282921032485e+00 2.809005886475236302e+00 2.773061643919054298e+00 2.751562387913208507e+00
2.852961683038427232e+00 2.596632096643096244e+00 2.494363416017249868e+00 3.005708596009419864e+00 3.120352584485778014e+00 -2.813553190133486481e+00 -3.059578017083242951e+00
3.128887137407289742e+00 2.546308403012984112e+00 2.516948162582281601e+00 -3.018044630097131975e+00 -2.969587637360052934e+00 -2.216655452196953036e+00 -2.941880929916320220e+00
3.095713617036928156e+00 2.693843615958706472e+00 2.706418355243130680e+00 -2.987919896300126776e+00 -2.849472634974828722e+00 2.553585563318223173e+00 2.999561138089225309e+00
3.121225770846150382e+00 3.071119549689194095e+00 3.066269468634385653e+00 -2.932346319733068807e+00 -2.696953337163098929e+00 2.366876885981040068e+00 3.033133491319566222e+00
-2.868209485747905241e+00 -2.757851727141268139e+00 -2.786798818165018066e+00 -2.720971882712026169e+00 -2.485292098568150809e+00 2.845065447626327515e+00 -2.934140638152734848e+00
-2.433591954722183370e+00 -2.247914259059653919e+00 -2.310540047298270228e+00 -2.357974115731669151e+00 -2.196968531689477366e+00 -2.992470512404510785e+00 -2.473782206051102328e+00
-1.930520292026493667e+00 -1.686255329513805190e+00 -1.778816248453365612e+00 -1.851103976819897134e+00 -1.850032839278250130e+00 -2.527349010890312719e+00 -1.890521872332908249e+00
-1.376100296398551581e+00 -1.056279385028571216e+00 -1.171643029086289367e+00 -1.237671596860521639e+00 -1.434344473619654670e+00 -2.027114786234337274e+00 -1.225550294156826814e+00
-7.749581797313473963e-01 -3.591800835777124723e-01 -4.834379113222237456e-01 -5.560398268677227973e-01 -9.446194602985457101e-01 -1.461003081877248810e+00 -5.076058886325935937e-01
-1.300293764242911876e-01 3.772971916049305263e-01 2.761031302945412547e-01 1.684107618974489406e-01 -3.841174783812753013e-01 -8.147224332521308954e-01 2.536166404254326934e-01
5.565872714226449691e-01 1.138595383804998695e+00 1.086989862094599024e+00 9.142135542352075595e-01 2.697365463665230556e-01 -6.023231949404025953e-02 1.041771206500620828e+00
1.275395098501215907e+00 1.886611487622634087e+00 1.894948090608550961e+00 1.650939332111070801e+00 1.055001436988245889e+00 9.037575037981343540e-01 1.830241117269209239e+00
2.013233795543261095e+00 2.600752411076925341e+00 2.646540091553918117e+00 2.343429530323585919e+00 2.094166220887913266e+00 2.021292607722044998e+00 2.577602426504963518e+00
2.747927195655584409e+00 -3.005300141144996662e+00 -2.954311484491562556e+00 2.968899399706253828e+00 -3.059771216587499509e+00 2.925131182871051116e+00 -3.032307433911540784e+00
-2.829112602675262433e+00 -2.375157029317582769e+00 -2.334906716635084756e+00 -2.756894897769273545e+00 -2.261144491598989337e+00 -2.726696479609491686e+00 -2.432516066092198503e+00
-2.156308534148380307e+00 -1.769550531343152988e+00 -1.759201390955591249e+00 -2.248327228599845018e+00 -1.701570905923448507e+00 -2.321036681980995997e+00 -1.892279787499065780e+00
-1.501592739864679782e+00 -1.175556960632128112e+00 -1.210894905597954763e+00 -1.747539894203878674e+00 -1.229066598287171130e+00 -2.031289423779018666e+00 -1.344669124479185962e+00
-8.392487086178146427e-01 -5.799534837011818267e-01 -6.654938334342369588e-01 -1.199970774721930367e+00 -7.264762178788667368e-01 -1.708079002463496199e+00 -6.917711639515491395e-01
-1.545147853694700812e-01 3.384296953767747945e-02 -9.591915917874056785e-02 -5.730868014144283595e-01 -1.476862637092354602e-01 -1.281611680278692322e+00 1.523624001727297839e-01
5.527002109810115194e-01 6.598818082229324089e-01 5.071906597289310703e-01 1.627461712473992073e-01 4.754210530455775796e-01 -8.202931161854234432e-01 1.254487132356630452e+00
1.284124632988073555e+00 1.355744070907745513e+00 1.202744561521100319e+00 1.189130357823988904e+00 1.156898640101014397e+00 -4.546517076474332342e-01 2.393615547398570964e+00
2.035212979995042915e+00 2.252059713093853777e+00 2.182986460050595046e+00 2.687834912503489271e+00 1.902321903274615922e+00 -4.049367820565160092e-01 -3.012174000062362023e+00
2.792199665980555690e+00 -2.959961367489783779e+00 -3.000860555514713202e+00 -2.663333721822953137e+00 2.764904291798133240e+00 -2.095618825472202129e+00 -2.348224664258308891e+00
-2.750446643196594820e+00 -2.118203251624356742e+00 -2.257500509519761778e+00 -2.059213478913704432e+00 -2.510068982766139989e+00 -2.285844619435999370e+00 -1.790552464600722038e+00
-2.046593785514997599e+00 -1.461615177212504779e+00 -1.631622956487479126e+00 -1.496206384595027528e+00 -1.655347303762202626e+00 -2.014768856169697919e+00 -1.247578517367741835e+00
-1.369812718474481716e+00 -8.290136870765039134e-01 -1.002806417248902626e+00 -9.154439120774082728e-01 -9.627867412330125552e-01 -1.572822267347470770e+00 -6.786811633909108910e-01
-7.059520727553014741e-01 -1.827860181011021212e-01 -3.621393167253255663e-01 -3.099816935012749686e-01 -2.975889455504892034e-01 -1.008434419642175284e+00 -7.672954204767411246e-02
-4.720643154919168527e-02 4.584672329034941707e-01 2.779718512866747870e-01 3.213218246224003871e-01 3.697856976367550064e-01 -3.529974100671888770e-01 5.692405789055777765e-01
6.149568484478081798e-01 1.104560952872245094e+00 9.196266673854883722e-01 9.815403509575941765e-01 1.108597911564208394e+00 3.803251518632428385e-01 1.260753530032507008e+00
1.279888716494564260e+00 1.735832470703933206e+00 1.550630575363289632e+00 1.673055812825926303e+00 1.888002491093848434e+00 1.335291606953460164e+00 2.018466803382748420e+00
1.948911960686128042e+00 2.331372773559021727e+00 2.152976296312504090e+00 2.399076378300619705e+00 2.680940416783187175e+00 2.746273041954009564e+00 2.862823265882232349e+00
2.617376012181232614e+00 2.845806301910530411e+00 2.669988259727952062e+00 -3.129655014165610982e+00 -2.824036347530007873e+00 -2.364003210466681271e+00 -2.524316482545792439e+00
-3.010127191397034885e+00 3.129898016922357584e+00 2.956039889188735170e+00 -2.384401581442972873e+00 -2.146216275125531592e+00 -1.592300484204510536e+00 -1.668701142712383012e+00
-2.368073189422278180e+00 -2.964514974128664271e+00 3.131590621757453619e+00 -1.709071640580278162e+00 -1.553245980063164611e+00 -1.006925194175223082e+00 -9.475314605965043935e-01
-1.747790694777738407e+00 -2.573732424395239082e+00 -2.724113997495025696e+00 -1.148714767136170378e+00 -1.030260022339923864e+00 -5.998423444585060382e-01 -3.780036560863329620e-01
-1.142251679322428215e+00 -1.874031338113456346e+00 -2.054011920265277347e+00 -7.240337705999312368e-01 -5.543875378029562428e-01 -4.558378729420995978e-01 3.011790374515391569e-02
-5.478813577787899902e-01 -9.810443936233333995e-01 -1.286147221028427712e+00 -4.352416197218892391e-01 -6.728174303704109738e-02 -6.460171694322579539e-01 1.507895028696861761e-01
2.958125603040137608e-02 4.014150992961116465e-02 -4.483904931039601749e-01 -1.626830824583007928e-01 3.840746153115470185e-01 -5.950371736440296377e-01 2.597221086292690884e-01
6.115915126447056815e-01 1.124838905234631703e+00 5.218970455480889115e-01 2.276449960190703170e-01 9.143409766097768676e-01 -3.714120604633562306e-01 5.576932576350756010e-01
1.187626870927900979e+00 2.029803446179847537e+00 1.593607489613299455e+00 6.896590017446050380e-01 1.497582079538339661e+00 -1.080417493027993336e-01 9.621134663834804979e-01
1.766344876686684717e+00 2.751798496496363100e+00 2.651801535705566870e+00 1.141739958893770890e+00 2.159044564655261844e+00 -6.006590245521819908e-03 1.228555894502034285e+00
2.342915616850506311e+00 -2.865322148836331184e+00 -2.725432484251248066e+00 1.462846854819144671e+00 2.917499683277495315e+00 1.206082317953242056e-01 1.156056225383588210e+00
2.872245442050559205e+00 -2.409328295408059262e+00 -2.151586442980430114e+00 1.353140715107707059e+00 -2.700897267393167489e+00 3.264995155466655641e-01 8.805469077719204618e-01
-2.777229056748669933e+00 -1.932748103632071723e+00 -1.757341586166772940e+00 1.056384659290589445e+00 -1.940152524369197939e+00 8.259550497826044779e-01 1.058191811433431662e+00
4.974303338065643731e-01 -1.526494653398106971e+00 -1.572423223959017236e+00 1.206117649451330598e+00 -1.143988751624540390e+00 1.439102488648488221e+00 1.338009852820794432e+00
