1.597000432360660804e+00 1.648602835752130291e+00 1.657723575457259235e+00 1.618912628107753271e+00 1.568314039631109047e+00 1.602826786658181346e+00 1.651070396327498635e+00
2.069360694810775225e+00 2.239848534322571361e+00 2.236942087294690573e+00 2.010800302697719477e+00 1.978973990246579273e+00 2.123705942453278261e+00 1.887011264970007707e+00
2.511629103352078562e+00 2.774886693342420774e+00 2.720811648656414228e+00 2.427722581961107462e+00 2.397854354649345598e+00 2.689744119847182979e+00 2.226175098568766497e+00
2.839597997122878859e+00 -3.137933422575685416e+00 3.103405787915319625e+00 2.743254457678394154e+00 2.769539789668724605e+00 -3.094294158813267082e+00 2.592838138903438061e+00
-3.123053356346122023e+00 -2.819164379275926891e+00 -2.806975655797625535e+00 2.984579528079030375e+00 3.139388310326470144e+00 -2.571520080817364828e+00 3.066807968021232345e+00
-3.008197230516615583e+00 -2.850828474349951236e+00 -2.626419896855780145e+00 2.967245956029862963e+00 -3.072763558236842218e+00 -2.222019248754741660e+00 -2.819032534297614134e+00
-3.033433085795645301e+00 -2.996265339143763029e+00 -2.638547789305695890e+00 3.050844087819039707e+00 2.901708368716564124e+00 -2.000467276139342498e+00 -2.441069731149375421e+00
-3.117727069902838544e+00 -3.067621080456308658e+00 -2.840703092196735113e+00 -2.997214258034580414e+00 2.812070855270907277e+00 -1.805343859795600858e+00 -2.138686547831411655e+00
-3.000791831593031755e+00 -2.994037909708558765e+00 -2.863677661967938270e+00 -2.643504991303941232e+00 3.056431064763962979e+00 -1.445078537067002733e+00 -1.767554587288751256e+00
-2.855647859212673279e+00 -2.923220990607296788e+00 -2.725863952271442958e+00 -2.357274973969262888e+00 -2.938105635655682946e+00 -9.650210268362214849e-01 -1.414279611391922709e+00
-2.676318993170065941e+00 -2.772768041363518510e+00 -2.501463835595553409e+00 -2.158830613988026670e+00 -2.624933625765021983e+00 -4.736694017284040492e-01 -1.148155432693502398e+00
-2.541693706650860474e+00 -2.614717875574290140e+00 -2.310851790375333614e+00 -2.097392988097916078e+00 -2.364035415696288389e+00 4.428814409722598572e-02 -7.576526640161055370e-01
-2.412502574104453679e+00 -2.421355296923926481e+00 -2.120572635266385397e+00 -2.233404944953744753e+00 -2.170414785624708909e+00 5.656206341531502257e-01 1.992851318919148726e-02
-2.332351452149206139e+00 -2.308385566385219967e+00 -1.934169278903398181e+00 -2.431597262966806117e+00 -2.035203147846810889e+00 1.309682513677058457e+00 3.084440389017449657e+00
-2.209317288162331305e+00 -2.270900090970331853e+00 -1.773434686673211802e+00 -2.168872754419427284e+00 -1.823428398879502810e+00 -2.245261381987088356e+00 -2.246740745967259922e+00
-2.029447605399048005e+00 -2.161104422764348332e+00 -1.632873540158053416e+00 -1.678774679701207528e+00 -1.525371701979596484e+00 -7.434166503013405203e-01 -1.435242556816656467e+00
-1.793534575900660455e+00 -1.903432801649311168e+00 -1.447055337054396817e+00 -1.115842049768405841e+00 -1.221815724562746341e+00 1.518223475980606529e-01 -6.490303663792077460e-01
-1.588736065077443360e+00 -1.619693952509678958e+00 -1.261999367230871139e+00 -5.886498356643333763e-01 -1.060526371360293263e+00 1.049302410655784668e+00 1.036493844238711853e-01
-1.508951159604642323e+00 -1.370117843562193016e+00 -1.220250305001650437e+00 -5.094618252635245703e-01 -1.238109372706755806e+00 1.905437347388820202e+00 7.392856342403756331e-01
-1.589962400105826568e+00 -1.076949109290847417e+00 -1.171959391531784744e+00 -1.557946215739442586e+00 -1.423240321181372003e+00 2.701797024523512114e+00 1.174804297422646471e+00
-1.628610510690791768e+00 -6.626084134520571212e-01 -8.417828702426609633e-01 -1.443712795239713076e+00 -1.369466941105685009e+00 -2.820514501568891053e+00 1.308151747709634716e+00
-1.501505516320385869e+00 -1.402078213691308750e-01 -2.636914012313901212e-01 -1.115187232824261576e+00 -1.130414495303102340e+00 -2.103826155781465257e+00 1.381820186122788341e+00
-1.279934970659009297e+00 4.208351054851409700e-01 5.399463520891986112e-01 -7.515442297901291369e-01 -7.851505714372768452e-01 -3.803969530539931809e-01 1.271712938418714689e+00
-1.035655382488683163e+00 1.087110686696687756e+00 1.892740280022039201e+00 -3.341540586395437828e-01 -4.382566012083525808e-01 2.009457509421857857e+00 1.042273933389110896e+00
-8.581928589342607827e-01 -3.062040661532217545e+00 -2.975499640888782160e+00 -2.379221623554120604e-02 -4.055318321484772670e-01 2.770532531206803206e+00 1.250645971214723096e+00
-7.711131680367671049e-01 -1.733187560958444839e+00 -2.192566100192065548e+00 4.025844568242112342e-02 -7.562727507177936515e-01 -2.839007315177259461e+00 1.718809406199059087e+00
-7.601739940238508852e-01 -1.187730751157766163e+00 -1.687443290196749102e+00 6.897306281462685373e-03 -1.113909697678885813e+00 -2.178093323685614369e+00 2.311208742420312046e+00
-6.256032935835302844e-01 -7.478112876665206077e-01 -1.382679748274559417e+00 4.239924035567484983e-01 -1.191787873453726609e+00 -1.555021217691129554e+00 2.989259429443502203e+00
-4.292502144841290335e-01 -4.756532131047324641e-01 -1.207364765826179021e+00 1.078558927432666348e+00 -9.868472983733764803e-01 -9.839482892319465490e-01 -2.411525933622853834e+00
-3.232864230603462175e-01 -1.105400379417815104e+00 -1.121611459715094350e+00 1.889728260003797677e+00 -7.137336246681508234e-01 -5.132852319604381819e-01 -1.189769521824775023e+00
-1.409665997437928420e+00 -2.033964471941295926e+00 -1.248892040675690485e+00 2.683348378014159596e+00 -5.487157213564032299e-01 -1.629581399052779656e-01 -1.582819622193307463e-01
-1.650961655023795771e+00 -1.637049971366480783e+00 -1.246538638140889832e+00 3.012381834209517439e+00 -2.075248641696506857e-01 2.627677025811286926e-01 5.852347798842328919e-01
-1.362165849210916324e+00 -1.083210082767209759e+00 -9.090092190028250529e-01 2.812615155799612854e+00 3.920000987934724734e-01 8.309318492351966956e-01 1.250931423625051053e+00
-9.680746337293574255e-01 -4.836763844569628157e-01 -4.168326110837797249e-01 -3.115530060667075940e+00 1.288232763806617331e+00 1.530561139262133219e+00 1.896885084197944105e+00
-5.655219376080543592e-01 1.078222605702074677e-01 7.863535977827061652e-02 -2.525335410651150969e+00 2.332215024783942159e+00 2.341037785363650592e+00 2.503428946224370399e+00
-1.654895679868563507e-01 6.331509976292231112e-01 2.714693895436500193e-01 -1.940397501600255037e+00 -3.025025659307170933e+00 -3.042641964499007923e+00 3.056606916587629286e+00
7.917114775940652105e-02 -6.283233958340812830e-02 -8.846793665372294502e-01 -1.367502803232130804e+00 -2.268222901753667919e+00 -2.112418469233216634e+00 -2.662785102816979332e+00
2.051906620045305593e-02 -5.877289600488169174e-01 -5.833085827923147892e-01 -7.988958740096074873e-01 -1.642025087945990558e+00 -1.244700809055428792e+00 -2.027448864748256252e+00
-1.675750518934596145e-01 -1.063059685516624803e-01 -3.526015909142119625e-02 -2.230905355189106432e-01 -1.004766314642404401e+00 -4.512750400237444115e-01 -1.149104949906789130e+00
2.373592656218553587e-01 4.219753798962164737e-01 5.323531021452176937e-01 5.158563218014025065e-01 -2.141837531124899385e-01 3.027307436636366700e-01 3.637036842228105193e-01
9.555024414522904630e-01 9.093663775717109043e-01 1.063705301782047474e+00 2.678719741825092537e+00 9.207493758590142852e-01 1.036673526581892268e+00 1.971747286037697666e+00
1.984111117340927821e+00 1.318889127429214936e+00 1.529185731151178063e+00 -2.446890061274633155e+00 2.571315159132486539e+00 1.801709020976029363e+00 2.984030065486037220e+00
3.009775050764228688e+00 1.435402783461858567e+00 1.716719528019996943e+00 -1.963356098673932681e+00 -2.552992792150678536e+00 2.703275015594316155e+00 -2.492801890152116950e+00
-2.490470730453314019e+00 1.284651060441164283e+00 1.116901966203259100e+00 -1.559316984039970988e+00 -1.779008204782629443e+00 -2.259644543167669717e+00 -1.786297455903622655e+00
-1.810348910577069370e+00 1.529466216256579525e+00 1.119869115070979193e+00 -1.064026462689960262e+00 -1.109962686919444774e+00 -9.600232829125484590e-01 -1.098575523385872721e+00
-1.192100191845701040e+00 1.980055770346128341e+00 1.425374370938575552e+00 -4.497013840805728080e-01 -4.512669023838703497e-01 -1.108189181910161775e-01 -3.761029539069183913e-01
-5.995859020202386480e-01 2.387558081541091060e+00 1.653091561117010944e+00 2.474983557230365505e-01 2.102644884642811685e-01 6.047754162697549507e-01 3.826023401426006942e-01
4.045137196149042880e-02 2.649326058655768090e+00 1.924943948266497618e+00 1.054513875926438748e+00 9.138198352953186276e-01 1.324798417721982924e+00 1.203053567105515365e+00
8.177277376943213882e-01 2.970883846467831546e+00 2.408298280879930253e+00 2.215346178289121948e+00 1.979801073407711609e+00 2.082589263173892480e+00 2.454896030457075717e+00
2.583206904667181281e+00 -2.794846271221722578e+00 3.026604810035780968e+00 -1.841385255467111293e+00 -1.174841043692942844e+00 2.927356389552470350e+00 -1.391647873828433468e+00
-2.352117203968287384e+00 -2.150521323774154947e+00 -2.584750059654496113e+00 -7.239731496433730040e-01 -4.065614950778403403e-01 -2.043109682583923448e+00 -6.880500648774106054e-01
-1.733806252687422500e+00 -1.459472783507722360e+00 -1.898148899776145759e+00 3.534790967601678796e-02 3.159573568656180442e-01 2.611932862565833902e-01 -1.409198387141595843e-01
-1.292470005096101771e+00 -7.340845498518087098e-01 -1.158820283339620838e+00 6.884781379884378216e-01 1.011626788581652114e+00 1.241532515315625806e+00 4.166584583602764291e-01
-9.800856232527359602e-01 7.873356150378188478e-02 -2.052523223847907974e-01 1.304290170644434532e+00 1.697185557626764707e+00 1.943855659098035149e+00 1.004371235611338342e+00
-7.088532748428765240e-01 1.020477357265904050e+00 1.247180829081181441e+00 1.909093985158711870e+00 2.371310463042377137e+00 2.553683138278006304e+00 1.577573809549856598e+00
-3.366982666338106944e-01 2.001911558917810918e+00 2.554985512265381065e+00 2.539850161078279545e+00 3.032138567368787729e+00 3.091483404881911312e+00 2.155058377322289775e+00
2.959457456457499289e-02 2.863447811486162120e+00 -2.866241438944762798e+00 -3.001287856777569818e+00 -2.585013113493091819e+00 -2.702321744010782290e+00 2.814617153795941018e+00
3.130085916343597341e-01 -2.674633549902490248e+00 -2.177875189699811198e+00 -2.025598311557358588e+00 -1.909150440163903673e+00 -2.239920297373824809e+00 -2.684003858285889166e+00
8.112440649325952657e-02 -1.960124574442238199e+00 -1.505707780169109888e+00 -7.127677647387608006e-01 -1.213716492278771097e+00 -1.836397600334290336e+00 -1.745838329937005495e+00
-3.505641635153849411e-01 -1.269319597967966562e+00 -5.976699623771299930e-01 5.494437988418752195e-01 -5.051086239614195339e-01 2.373401068570312411e+00 -6.272841436636973356e-01
-3.821008048871141760e-01 -8.084099258062865667e-01 2.670343053662018296e+00 1.462765933917704597e+00 2.174671528267777543e-01 2.708760057674605370e+00 5.789341093555308015e-01
-3.332235277227988957e-01 -2.390681505721834466e+00 -2.772507725789871369e+00 1.937056976834230060e+00 1.035835638258626901e+00 3.074332978481961298e+00 1.537534622824225927e+00
-4.674835655524386402e-01 -1.920939257041025527e+00 -2.028392100513744190e+00 1.803981190844194282e+00 2.179523415419384769e+00 -2.867985312658168251e+00 2.339590772373737693e+00
-3.316996227756818794e-01 -1.337165891892057035e+00 -1.321974180072488902e+00 2.168766321299639976e+00 -2.493860082809017165e+00 -2.402304928059121991e+00 -3.116480605976501117e+00
-1.681461590397933387e-02 -8.181440618691785405e-01 -6.487974538930605384e-01 3.035805373280209718e+00 -1.306510500656324458e+00 -1.742767997525132451e+00 -2.256893455605927468e+00
3.848751655573210972e-01 -3.941153226138659482e-01 -4.091615687682340703e-04 -1.837725498570878635e+00 -4.468369447028218144e-01 -9.140313827909929412e-01 -1.399862037007831184e+00
7.862860463180812998e-01 -2.538654889987575908e-02 6.439473665594424023e-01 -3.423424612337330197e-01 2.935617155687953450e-01 6.482968013822655584e-02 -5.533938516995342560e-01
1.238996625201840063e+00 4.335279502186442091e-01 1.363083898165846630e+00 6.301652410934897031e-01 9.949213155550149512e-01 1.118762677832141783e+00 2.843545567327938062e-01
1.739315630679721725e+00 1.008619018506215159e+00 2.290972697395816216e+00 1.388338811264375083e+00 1.681868820633775297e+00 2.106383540945623967e+00 1.112655671359800369e+00
2.251579968013211364e+00 1.593057767855603934e+00 -2.705817196921588508e+00 2.068209423146377901e+00 2.358171790535791512e+00 2.974589838198939518e+00 1.938861348511876637e+00
2.696321478723174625e+00 -1.965197514295518866e-01 -1.249590086393923771e+00 2.699597718664070278e+00 2.984258182545771021e+00 -2.549397054700442755e+00 2.760958043173834309e+00
2.765908919849576986e+00 1.220006460806211807e-01 -2.302828591570963909e-02 -3.021539074767678468e+00 -2.941108386602560021e+00 -1.897172900817532204e+00 -2.726798326294408881e+00
2.253969792971143971e+00 3.567480520015840484e-01 9.960363994856800129e-01 -2.587313410593909069e+00 2.753933597098281894e+00 -1.343623989497502391e+00 -2.011311243309778174e+00
2.333142735766528197e+00 3.560108779724345252e-01 1.816864596245194141e+00 -2.414193711232403228e+00 2.774990023570069297e+00 -9.213023369538044793e-01 -1.517313260131299302e+00
2.749277627413468483e+00 7.194423104727243334e-01 1.830599438030510173e+00 -2.317630607021503586e+00 -3.075017451946004510e+00 -8.779927354973472431e-01 -1.140974535439305271e+00
-3.079737290979490005e+00 1.291839445203925907e+00 1.413684494705974570e+00 -1.944748073446072700e+00 -2.790760584831205815e+00 -1.255356601808730099e+00 -5.111785709581241344e-01
-2.642966587782582977e+00 1.876594447274444244e+00 1.985293014129472455e+00 -1.368365309265433538e+00 -2.992575462098972849e+00 -1.288402761450168743e+00 2.824145712420947918e-01
-2.242976724141599210e+00 2.389311766229570200e+00 2.629868145757184195e+00 -7.501928847316984283e-01 -2.932086875282007288e+00 -1.436471013552016007e+00 1.123476160167456328e+00
-1.798203118055709204e+00 2.820174887628516203e+00 -3.077801635329186158e+00 -1.495087563063759672e+00 -2.432612702025724882e+00 -1.490981524186924201e+00 1.944445863862002577e+00
-1.282638748681917962e+00 -2.969559990818952055e+00 -2.554874592514315701e+00 -1.876166438037225159e+00 -1.803270860373100248e+00 -1.149305812149447714e+00 2.688950384773026503e+00
-7.259121063028383114e-01 -1.900827146211623075e+00 -1.841257495466734673e+00 -1.038970302831693227e+00 -1.103033090170302266e+00 -6.464439095977468908e-01 -3.046263802903451889e+00
3.115749700177487203e+00 3.967300736227821756e-01 -8.058068567401057702e-01 1.467714189844441797e-01 1.578703488317919901e-01 -6.852517194111144849e-02 -2.959254975541873556e+00
-2.569986666623881977e+00 1.458147579148681761e+00 4.659997878707395902e-01 1.644528740179844739e+00 2.857315867465736403e+00 5.568928124978801408e-01 -2.846908196759387888e+00
-1.961210679874503038e+00 2.307836290502436327e+00 1.730192098741349049e+00 2.753193335171117084e+00 -2.864158374603225532e+00 1.208915496358910158e+00 -2.318752921252905441e+00
-1.335777838467471446e+00 -3.134730615030165701e+00 2.915718538695944329e+00 -2.734465201207422425e+00 -2.566780667735736099e+00 1.740678049215475864e+00 -1.607916874167616417e+00
-7.069428729392833732e-01 -2.226630298144650411e+00 -2.161232924027108648e+00 -2.111506395562579463e+00 -2.434817427644126120e+00 1.423423800379259196e+00 -7.803586300047359314e-01
-2.009391609514413757e-01 -1.092535646154942919e+00 -8.890612240619549800e-01 -1.819680459790799176e+00 -2.240855834606774621e+00 1.644178344872355257e+00 3.004131969262184843e-01
-2.286498350505664412e+00 3.916909611031044181e-01 2.978482659048612979e-01 -2.555282401357190203e+00 -1.950931399358702523e+00 2.514371828568207956e+00 2.158697951449364272e+00
-1.818496378108567457e+00 1.662929937827583471e+00 1.284716048788124398e+00 -2.383321248836635764e+00 -1.602833938411673653e+00 -2.877162684918919133e+00 -2.687463083702585021e+00
-1.232345898174375343e+00 2.592200574892639331e+00 2.111878419694917852e+00 -1.854058266732363514e+00 -1.226321364555923443e+00 -2.098065067601338374e+00 -1.803680176036766225e+00
-6.127616346208061282e-01 -2.922204998766455120e+00 2.837056939750940643e+00 -1.267491519398232791e+00 -8.209875120787099023e-01 -1.413382519636465773e+00 -1.080303747861141472e+00
2.940471677436341802e-02 -2.241395772088985439e+00 -2.782991557962258167e+00 -6.616483719900143612e-01 -3.610438000744103371e-01 -7.751196208063724225e-01 -4.068106380368394226e-01
6.532032504079016144e-01 -1.595318467886718716e+00 -2.143958816480735941e+00 -3.421122632601706487e-02 1.617052922577082996e-01 -1.394364560404678377e-01 2.716246834630953177e-01
1.277644723240267455e+00 -9.117165835704302834e-01 -1.477554117342884110e+00 6.324304284250782393e-01 7.452909033281798212e-01 5.112872110003995330e-01 9.785818805671309129e-01
1.892356514149476920e+00 1.503424241844776577e-01 2.044344438332830194e+00 1.360861397806105932e+00 1.380321946205466110e+00 1.155372834452196518e+00 1.699407383572981045e+00
2.487610170222954054e+00 2.976942105564273078e+00 2.860039646120954515e+00 2.241862785413139658e+00 2.119820555668099793e+00 1.770673712294139168e+00 2.393467723905783107e+00
3.070073781783046574e+00 -2.397428374152054786e+00 -2.692247487930874428e+00 -2.498195745664535394e+00 -2.796134228375763975e+00 2.387261199712562121e+00 2.943121179078970417e+00
-2.634551133705444581e+00 -1.633400625318621957e+00 -1.945874905739356731e+00 -7.166882711481425972e-01 -1.059298514233081301e+00 -3.136778761699083873e+00 -3.127727853885249321e+00
-2.025608100934884526e+00 -8.992821350433205518e-01 -1.189439280854861947e+00 1.680284827281729176e-01 -3.042368187807888980e-01 -2.191454468411141221e+00 -2.536317158374434833e+00
-1.386969786574092200e+00 -2.075184718533640560e-01 -4.454550618473414048e-01 7.667048466663959339e-01 3.347203655864569583e-01 -1.234460043252737949e+00 -1.157004742300163480e+00
-7.263301354746791727e-01 3.377009065247544295e-01 2.132043526695736324e-01 1.220799198429826982e+00 1.004385426767771650e+00 -3.251973043291556675e-01 2.414187668353269811e-01
-4.776985642135005150e-02 -2.548174054014307743e-01 -9.736813286184929916e-01 1.712626847535089425e+00 1.723100480388362943e+00 5.774720287115057138e-01 1.368590789852605516e+00
5.992375467912645082e-01 -8.717303171582512222e-01 -1.137285040251962753e+00 2.330452638245238628e+00 2.480084002161391687e+00 1.594525018783664372e+00 2.396276956720813534e+00
1.114004462437330645e+00 -5.309044871761641193e-01 -5.762585971760524339e-01 3.022931387955866800e+00 -3.005525902627403934e+00 -1.504323051629685271e+00 -2.873042424521378368e+00
1.417399830846567621e+00 -4.859603410483720465e-02 -5.466685345481895469e-03 -2.700524897845574923e+00 -1.917962184900727340e+00 -4.206304262234470959e-01 -1.797200822765670836e+00
1.907124906392725139e+00 5.764030623471069203e-01 6.102625592889927564e-01 1.573224325194432893e+00 9.778872825363518206e-01 2.952352822938046906e-01 -5.919111748532559503e-01
2.508732970278779728e+00 1.321089024305522885e+00 1.336973987111507389e+00 2.251810841136258290e+00 1.765749683995312624e+00 7.926490601406653846e-01 4.904692546924280805e-01
3.077921283587265577e+00 2.174076696815371967e+00 2.189024120225649739e+00 2.846575870534743480e+00 2.250333370342012085e+00 1.127448253586749827e+00 1.239974569916107106e+00
-2.750785782106174526e+00 -3.106013988221198563e+00 3.066757837796105779e+00 3.129134578601649341e+00 2.594805090883880450e+00 1.585734514998668354e+00 1.982811965846443591e+00
-2.640022308769183201e+00 -1.915516992534313845e+00 -2.454702306318485849e+00 -3.074673868260382914e+00 2.971089857518426136e+00 2.269427892995443230e+00 2.795607768802174320e+00
-2.835458621578852423e+00 -9.992499361012044945e-01 -1.805599500264423840e+00 -2.675933312748587589e+00 -2.843493304336779826e+00 3.121703968824719677e+00 -2.677226222124176935e+00
-2.756903494180583447e+00 -4.761278108679425358e-01 -1.171356991509952872e+00 -2.202085727769147017e+00 -2.383150528840736193e+00 -2.195688723275925014e+00 -1.982583634221411817e+00
-2.456081817206728690e+00 1.090689575851831461e-01 -4.958689222826449527e-01 -1.936499274945927551e+00 -2.098352819355956633e+00 -1.239540842003773902e+00 -1.568122872870921780e+00
-2.085568618967427401e+00 7.798505500754221442e-01 2.304248998699315321e-01 -1.718831128908808070e+00 -2.346359670322432756e+00 -4.438762883388969738e-01 -1.348426843955199184e+00
-1.677329978568798508e+00 1.486223116636020469e+00 1.019974651984794978e+00 -1.219273856164138747e+00 -2.442103259787202774e+00 2.029983579454956721e-01 -9.435723416012979925e-01
-1.246417674044608681e+00 2.269372904894291665e+00 1.936307673946247032e+00 -5.555138147580516161e-01 -1.971561515747027649e+00 7.715396629697187647e-01 -4.658592816336890596e-01
-8.095235999950877170e-01 -2.767440920624552270e+00 -3.062605265599871895e+00 2.055999778133033307e-01 -1.258570963872682080e+00 1.283847089369711592e+00 -1.122895200975666946e-01
-4.235010191178804617e-01 -2.786449093216100126e-01 -1.221258419038837806e+00 1.177058447570582089e+00 -3.908003830644752319e-01 1.757555061446820499e+00 1.429486487530849115e-01
-4.291518007742025076e-01 7.077687315794094491e-01 1.016769850736114200e-01 2.419266491436817379e+00 5.903235820513494936e-01 2.221315394890865491e+00 5.162290843567999277e-01
-1.197492962754890922e+00 1.463343494437583603e+00 1.129665689371752491e+00 -2.859416364118041898e+00 1.561944053103193841e+00 2.698330469019480038e+00 1.043920460179128318e+00
-1.038047852570239460e+00 2.156170632081876537e+00 2.123120657140214806e+00 -2.186045768350978857e+00 2.416215617925738357e+00 -3.083411273618541948e+00 1.652001223086837722e+00
-6.215844684945921461e-01 2.826411255206440210e+00 -3.115950296840961808e+00 -1.610801883926891831e+00 -3.111256024202339709e+00 -2.547525884830432297e+00 2.293607920114388854e+00
-2.582550172666064903e-01 -2.778961515817119032e+00 -2.040527988727001141e+00 -1.034089600169659340e+00 -2.409041402398681697e+00 -1.950114447026050746e+00 2.958653512365633453e+00
-1.074267298914099583e-01 -2.059661786010899664e+00 -1.037440565156634298e+00 -4.613238511899384608e-01 -1.731419941533147711e+00 -1.268737382401558866e+00 -2.575249244531835568e+00
-1.988369643108610640e-01 -1.226351203720317473e+00 -1.498044866571286715e-01 9.829419823307687654e-02 -1.048707406093148498e+00 -5.072408090047391127e-01 -8.350204832970888891e-01
-1.557702025122967016e-01 -2.092175296095929657e-02 6.505522246981785273e-01 6.652053584942675402e-01 -3.361601493506801153e-01 2.961815907957251470e-01 1.090850132456008925e+00
1.091364511313020202e-01 1.792726692784718079e+00 1.386989982286779055e+00 1.262581607805008943e+00 4.247309100395685877e-01 1.083600715965223893e+00 1.857552328070075420e+00
4.571982463878278002e-01 3.028583691299759906e+00 2.062263368097216887e+00 1.904708187312733614e+00 1.274243679955362918e+00 1.819302654639326944e+00 2.524029527733632872e+00
6.040322456567670528e-01 -2.297065132715664149e+00 2.645175739959892081e+00 2.590044991461466495e+00 2.365677977189299508e+00 2.498904954339722817e+00 -3.109452245973456375e+00
-1.054127915819972894e-01 -1.303745479278801245e+00 2.667279221937940203e+00 -2.976232148733671146e+00 -2.156308903561381829e+00 3.130722099643157286e+00 -2.460663262829383413e+00
-8.342622985439566985e-02 3.192197584572178948e-02 1.526461865216457214e+00 -2.240351095312581364e+00 -6.900832646255736780e-01 -2.558942734811463282e+00 -1.800655218249009870e+00
3.834018846728827201e-01 1.698839287465155889e+00 2.019085911562466418e+00 -1.515890758592659093e+00 2.898733284525457643e-01 -1.998271402659973051e+00 -1.114476300808355802e+00
9.313051361557550534e-01 2.812473049800475078e+00 2.661318672847943656e+00 2.426330793219304116e+00 1.188293480416402259e+00 -1.456180387931071740e+00 -3.827125237650410017e-01
1.494041727351947735e+00 -2.708290774329272566e+00 -2.963530691509992820e+00 -3.132950704564128497e+00 2.163138697828436818e+00 -8.571271081487530363e-01 4.372285062512409892e-01
2.053209937944459718e+00 -2.139722585544574951e+00 -2.305175134177805507e+00 -2.414882417633571254e+00 -3.013524736597046338e+00 -2.710610811966009115e-02 1.465857499791084040e+00
2.595268596782406956e+00 -1.711117095557057155e+00 -1.618036538416994352e+00 -1.708755878420845864e+00 -1.849042002741281054e+00 1.033594228855131414e+00 2.542666282865709171e+00
3.093156028182202810e+00 -1.369190348103789701e+00 -8.123600053041062363e-01 -1.002422479818284140e+00 -7.325991210974422962e-01 1.980998882657164950e+00 -3.078455165346741573e+00
-2.813084605351329870e+00 -1.161862440529419116e+00 3.153640762766627414e-01 -4.177291996023105303e-01 3.196520804486600587e-01 2.697426144499832645e+00 -2.555115362095948583e+00
-2.897924561635271345e+00 -1.224875208771250223e+00 1.849092545455684578e+00 -2.638085622295069932e+00 1.318347775404659084e+00 -3.046596381981375945e+00 -1.957253433710073542e+00
2.754813116024199982e+00 -1.113726941246346636e+00 -3.109952596507830513e+00 -2.099519298387776622e+00 2.222646789237392007e+00 -2.623499873240948244e+00 -1.316707093899425418e+00
2.851986218792144090e+00 -6.820334895947443021e-01 -2.028548314724788248e+00 -1.876775596076544428e+00 3.004820680934637167e+00 -2.203834474486236594e+00 -7.923232860834341640e-01
3.048446741738544130e+00 -1.894539595809989208e-01 -1.058288959467804435e+00 -1.628342944658732083e+00 -2.522862640075603569e+00 -1.679615901267393463e+00 -6.981943968970170111e-01
-3.112112328037368592e+00 1.732726061763877889e-01 -2.136018287271987948e-01 -1.069043227559360432e+00 -1.768362968626178588e+00 -1.043417226904204131e+00 -7.082725415971713456e-01
-2.775636915573941987e+00 3.814720183872812864e-01 5.598608753980774955e-01 -3.989557105930169323e-01 -1.040921600668092140e+00 -3.014831546702438358e-01 -1.085973164483379438e+00
-2.190949756152821504e+00 6.314275462850388321e-01 1.351023174115417724e+00 2.625845157254174111e-01 -3.412144578548406693e-01 7.619673468833649821e-01 -1.691357360521480224e+00
-1.464043152526071978e+00 9.070734478702100478e-01 2.120710980843601323e+00 8.919693719286193589e-01 3.469861138278597656e-01 2.107542061847660797e+00 -1.078938990234004081e+00
-6.360722083909344793e-01 1.170247317072715898e+00 2.807297682957111018e+00 1.547239863759837686e+00 1.020417106844508925e+00 2.856014701374402609e+00 -3.663495396554197758e-01
2.287090622133457762e-01 1.587779793806217477e+00 -2.948797958736704139e+00 2.317397985856881615e+00 1.586989319446008295e+00 -2.817133413470812808e+00 1.722218721861140389e-01
9.598419353145722921e-01 2.227472684772289213e+00 -2.657398668064204994e+00 -2.476201783858716698e+00 1.386755552337525677e+00 -2.195870765420311344e+00 3.544674709220124176e-01
1.596149046146060790e+00 -2.828220941114556020e+00 -2.432709744210406644e+00 4.466777841729343002e-01 9.691567482175458270e-01 -1.585773158856816911e+00 9.184186949305098713e-01
2.244363871061569427e+00 -1.268672507336787991e-01 -2.059072881421225354e+00 1.483083608026529943e+00 1.454227605069379869e+00 -1.047017239071323269e+00 1.942054579211899501e+00
2.895247761531052788e+00 8.453042239161988602e-01 -1.786739562037222173e+00 2.571322956897607259e+00 2.032419135491971396e+00 -6.466049789968052464e-01 3.085557605402192038e+00
-2.785306991215579675e+00 1.739856296484145748e+00 -2.320093886902430125e+00 -2.452236193297535394e+00 2.533878672249477049e+00 -3.612738445292479339e-01 -2.135508946287862475e+00
-2.269008839747970629e+00 2.702937448135234177e+00 -2.133344333752936528e+00 -1.115311906559855792e+00 2.821672695726485269e+00 -2.685795166140070994e-02 -1.184262514019137624e+00
-1.819375070174278131e+00 -1.730194717620804790e+00 -1.497613960890897156e+00 6.260152108114402925e-02 2.865881845757874746e+00 4.205196084919821109e-01 -3.250289071253946727e-01
1.215047195189531193e+00 1.015021913859649239e+00 -7.922556673188725362e-01 1.050012968498823529e+00 2.996837746849285722e+00 9.014402864367216939e-01 4.141391911037157203e-01
1.988307523063839843e+00 2.070634833918553852e+00 -1.695829798867018456e-01 1.900412658393825893e+00 3.027980975213816706e+00 1.351245440809516918e+00 7.679209554605156418e-01
2.503861246552927522e+00 3.054482899295584364e+00 -1.799080304421740273e+00 2.649945659494969075e+00 2.847550989620189821e+00 1.861484427647885243e+00 2.240497643403082106e-01
3.038540457216703405e+00 -2.308740733025193670e+00 -1.512634864949745639e+00 -2.951366600015267405e+00 -3.065487591693367708e+00 2.558608946455164013e+00 3.328490219114086379e-01
-2.686518003305261804e+00 -1.585595030469314715e+00 -9.054595823066051707e-01 -2.290816403726662731e+00 -2.404039744996267380e+00 -2.887014267650468646e+00 -5.653575492740747777e-01
-2.182487522350384790e+00 -1.418717617054493729e+00 -3.374496081288019256e-01 -1.613512498026304476e+00 -1.672711308370619099e+00 -2.015295491528739547e+00 -4.466752572662641141e-01
-1.816347929745938838e+00 -1.281086203218452679e+00 9.549965464768499224e-02 -9.069149597917390837e-01 -9.686205322025903675e-01 -1.179579552238054996e+00 2.342232504675281768e-01
-1.494961305793552242e+00 -7.022742477031755914e-01 3.007303565262927636e-01 -1.866181456261464811e-01 -4.161085222997534250e-01 -4.541580983000992888e-01 1.009457530060850816e+00
-1.010335570399500726e+00 -6.918737648423776802e-03 4.171273056932387480e-01 5.140325607907070271e-01 -2.577843761620290941e-01 -1.527419690835213784e+00 1.837342324967578877e+00
-3.852029127838064726e-01 7.037652745828046896e-01 7.071247577759528502e-01 1.149752166333319670e+00 -1.571141734988985295e-01 -1.696302978555390695e+00 2.825855057524626623e+00
3.042884717222810731e-01 1.400067745952903620e+00 1.093079286920400905e+00 1.628147074420208451e+00 3.246567785497954661e-01 -1.089332741309119612e+00 -1.363793478410305182e+00
1.038640069080186690e+00 2.023785319753037548e+00 1.099140365254214657e+00 1.704692394141585909e+00 9.575157945382544167e-01 -4.878312501868676820e-01 1.113797409723701060e-01
1.770049337578868398e+00 6.505987566227797725e-01 2.607021013003106291e-01 1.213464814738514308e+00 1.604550393506748440e+00 8.318342509173200228e-02 8.382347946222090673e-01
2.452532107678479623e+00 7.227532974703844149e-01 6.267313653832896625e-01 1.240872206023048596e+00 2.199991671017024863e+00 6.575210314142633239e-01 1.388366285408928258e+00
3.073170457786557286e+00 1.403351068575518834e+00 1.256778036550275202e+00 1.675803606757560571e+00 2.690652815269916509e+00 1.284858475508998676e+00 1.890257861739047751e+00
-2.642675118089357511e+00 2.130258276910534931e+00 1.958300997858118286e+00 2.267650813485256656e+00 3.093437458624094472e+00 1.984525842643703353e+00 2.437145049855118373e+00
-2.128699994174018784e+00 2.853125458205105325e+00 2.678835806496728811e+00 2.920818817477592866e+00 -2.736741249556272848e+00 2.733028659062876731e+00 3.046809133955177273e+00
-1.857877995381992831e+00 -2.843594268784796597e+00 -2.950136385282208895e+00 -2.701160412522880083e+00 -2.186171982036559047e+00 -2.791495726537238653e+00 -2.598013813186311971e+00
-2.144607657758288877e+00 2.199810389326540161e+00 2.103145032253902258e+00 -2.061222933538922497e+00 -1.589972076410862245e+00 -2.054022939717587981e+00 -1.963412330669886074e+00
-2.016030000283865586e+00 2.432290552952756979e+00 2.057027470839677186e+00 -1.454245645918987195e+00 -9.919733634687533108e-01 -1.354975593493766839e+00 -1.340985688702863499e+00
-1.485269012227126373e+00 3.115088154384209940e+00 2.676420127593477805e+00 -8.623644928105708152e-01 -3.955511688821744531e-01 -6.921631604354707701e-01 -7.031777696642341757e-01
-8.455163688892111118e-01 -2.435696753540602444e+00 -2.981037034401684327e+00 -2.437271537761841467e-01 2.116906032578888264e-01 -4.060009744189453651e-02 -1.059411305374768908e-02
-1.799276238484291413e-01 -1.668393207902224118e+00 -2.395892232673716205e+00 4.370109176638709014e-01 8.217248811992560187e-01 6.671608644347094552e-01 7.544459260308927773e-01
4.832452428490224827e-01 -7.984989490044406280e-01 -1.970290004175510701e+00 1.196162953893743053e+00 1.417586750828190301e+00 1.659957911156307642e+00 1.598857507505950792e+00
1.118408749139218061e+00 1.758364941337244636e+00 -2.487326562238808325e+00 2.025310257711091300e+00 1.965326852294576376e+00 -3.104586804042264170e+00 2.549468138852899024e+00
1.708549014957403189e+00 -2.901230499886267022e+00 -2.703888375174789971e+00 2.899309494440803547e+00 2.430098179403521907e+00 -2.095060717221552071e+00 -2.492108297186185872e+00
2.219654511819674880e+00 -2.035819836257603210e+00 -2.165630311237657590e+00 -2.516946442390820327e+00 2.854369975465742559e+00 -1.500023086534026717e+00 -4.593061341357003724e-01
2.611270167701306377e+00 -1.207894580834105058e+00 -1.485037330647287712e+00 -1.859304961151299951e+00 -2.907442122786419780e+00 -1.017637425876223078e+00 9.269090241454246426e-01
2.924598675527353198e+00 -3.385155111279732343e-01 -7.444967836985783016e-01 -2.246911915114462310e+00 -2.197362867441221113e+00 -5.120398904227296821e-01 1.805097337771285559e+00
-3.081435996407052791e+00 8.048617959540463884e-01 7.524292661612269617e-02 -1.968668918455957595e+00 -1.246160163492483486e+00 5.434115532092560763e-02 2.470574310784949379e+00
-2.894114545462915356e+00 2.932229249635505131e+00 1.296948585007945853e+00 -1.001338100756345328e+00 2.824480909748830482e-01 6.562041785805587946e-01 2.988987071521167493e+00
-2.847313791971462393e+00 -2.172766992391748087e+00 -3.125300973153538386e+00 2.470345295043530953e+00 2.030932763378079375e+00 1.258475639059278839e+00 -2.814341313085439555e+00
-2.657909595942589132e+00 -1.445901632617124122e+00 -2.310528562031815891e+00 -2.924889645837309260e+00 3.119126588874086003e+00 1.814291277991122664e+00 -2.271207984572287231e+00
-2.291210930130247458e+00 -8.075904455849268748e-01 -1.727903665821290957e+00 -2.185880675165125631e+00 -2.340978321534239015e+00 2.298639066514519769e+00 -1.691304441333669750e+00
-1.774541414641858328e+00 -1.586762223516196002e-01 -1.142924145283839898e+00 -1.526945569862090402e+00 -1.682077915104895904e+00 2.769543269562856125e+00 -1.132187814008306814e+00
-1.144866702475037856e+00 5.282726338026344504e-01 -5.750729959155370663e-01 -9.255097645084193747e-01 -1.195019880601572160e+00 -2.980274987612434590e+00 -5.948408260022860494e-01
-4.260858352552712724e-01 1.224338581487672606e+00 -1.298540671132240865e-01 -3.430523921565472589e-01 -8.509910507535775048e-01 -2.403298737635291005e+00 9.092393738689150684e-01
3.704606441407417017e-01 1.799605071907178333e+00 8.049802261394287117e-02 2.570649048928679292e-01 -7.769781995116280537e-01 -1.912883480598350339e+00 2.983206669293116065e+00
1.236254483678967953e+00 -4.707629186468907379e-01 2.506806185600872205e-01 8.649484923503545364e-01 -1.290649119516610321e+00 -1.662265381461391467e+00 -2.703414050922916534e+00
2.260000354327281968e+00 -3.453570046605584642e-01 5.642534732495271266e-01 1.423276945972501650e+00 -1.117594519119869734e+00 -1.428445066023661836e+00 -2.085181003260016208e+00
-2.527947561185226455e+00 -3.632267901978519786e-01 7.700574647950574336e-01 1.655676790502149887e+00 -6.183739036467662542e-01 -9.145665244405672967e-01 -1.411036133238953605e+00
-1.082879270000045135e+00 1.080284945177956979e-01 8.117555653208067268e-01 1.050082400180782249e+00 -7.975954987258751516e-02 -2.561387907616350934e-01 -7.010777170988227169e-01
-2.303972683086217277e-01 7.826437492773390403e-01 1.128167717910758983e+00 1.121075079292907173e+00 4.211502936728733770e-01 3.912154213350700349e-01 2.625215883381100401e-02
4.158490385399408185e-01 1.511876563425913922e+00 1.688180671502761410e+00 1.537578317066311540e+00 9.571054941191184939e-01 9.465620612764829023e-01 7.784957121643818478e-01
1.009065151605134547e+00 2.250578763770608060e+00 2.351457838904552400e+00 2.091228411148982058e+00 1.602345388400987947e+00 1.450737625990100810e+00 1.614117034581568744e+00
1.623861767916213728e+00 3.000254909318138985e+00 3.083177753628996598e+00 2.765784463848430352e+00 2.357952915953661854e+00 2.041858625970919938e+00 2.856116673867064026e+00
2.273768141264544074e+00 -2.482008586476669887e+00 -2.373515442048603763e+00 -2.763470181599992248e+00 -3.097212996169561361e+00 2.724940936289442117e+00 -1.650723644137373380e+00
2.983477592849258286e+00 -1.577468103659100729e+00 -1.452206805934424860e+00 -2.006655038079743658e+00 -2.236996531149094025e+00 -2.865670860729628622e+00 -5.641639962736824110e-01
-2.396007082385835485e+00 -5.288785895140615256e-01 -5.161616588583989307e-01 -1.327528338235474115e+00 -1.359389398372723212e+00 -2.186236047373549596e+00 6.588044564936415722e-03
-1.196945122556535512e+00 6.256845738139544810e-01 3.529625420626697485e-01 -7.875636160086187942e-01 -4.737314380458893526e-01 -1.433069335859404214e+00 -1.672375727714187521e+00
-8.574210698563665412e-02 1.775564330559447290e+00 1.123147469946492727e+00 -3.082219446475939484e-01 4.150441746783936625e-01 -5.350240107183619198e-01 -1.036686387757568939e+00
7.307855034192427546e-01 2.909482107840990484e+00 1.772690148792117615e+00 2.343670953073701824e-01 1.326929354414358553e+00 3.968960369296286039e-01 -2.831912847906717934e-01
1.338503912076413060e+00 -2.129016380327107161e+00 2.242083145993457816e+00 7.896331664722330279e-01 2.295105322605066611e+00 1.228201778218854789e+00 5.209631779167760435e-01
1.766306664651491332e+00 -5.000278586179627283e-01 2.505018624954401307e+00 1.320946238870298606e+00 -2.947404537674055192e+00 1.922676410679279080e+00 1.435494494371854168e+00
1.789956178844295698e+00 2.437654033055617120e+00 2.811136991208890379e+00 1.805237746376106456e+00 -1.926874081338769695e+00 2.336971803407965176e+00 2.622027175615696759e+00
1.551455120320989201e+00 -1.912920102950823820e+00 -2.945388815853336340e+00 2.246246512132205275e+00 -1.023147736927980889e+00 2.001192834184029934e+00 -2.090162431115237140e+00
1.826559411401694089e+00 -7.253713115944339096e-01 -2.108705530905298442e+00 2.715221411712203547e+00 -2.047701437222296805e-01 1.889102209976547320e+00 -8.551909567305155946e-01
2.340987844694844000e+00 2.287318250722767676e-01 1.028530707549295986e+00 -3.023596046305325302e+00 5.813709574028850247e-01 2.000026663559122397e+00 3.803864022371084702e-02
2.954353777938409031e+00 1.025239875044068993e+00 1.847344114254697356e+00 -2.405565513356925589e+00 1.361307655365021629e+00 2.193671771812203186e+00 8.281857302892354777e-01
-2.666842363660113069e+00 1.715462046837538779e+00 2.483061629372349532e+00 -1.754129580754455464e+00 2.205711984084549826e+00 2.672627069706926761e+00 1.657317774063618021e+00
-1.942309298781549787e+00 2.344663150057984868e+00 3.075484145292797233e+00 -1.047115004253123427e+00 -2.681342911655121952e+00 -2.960087575233091073e+00 -1.070136072400540872e+00
-1.150254593785264623e+00 2.827084042454149237e+00 -2.652115678786478803e+00 -2.803508902093188593e-01 -2.963298680642526550e-01 -2.284725420202554869e+00 -8.208164292755854019e-02
-2.588007300479140405e-01 1.657531541448626689e+00 -2.187808170860986223e+00 5.044544464462691336e-01 6.206716729487815609e-01 -1.681524851871508019e+00 6.833617815870235424e-01
7.386855326325567628e-01 1.912759586661159750e+00 -1.936898657996395823e+00 1.272455660233599906e+00 1.297791620131716339e+00 -1.238804007544892949e+00 1.365577586394472576e+00
1.718430611059501345e+00 2.640340608656847721e+00 -1.780985498614438445e+00 1.959615569837339200e+00 1.858578267733566713e+00 -7.833421659085619826e-01 1.928352229519175065e+00
2.654255314286630973e+00 -2.909582772729002009e+00 -1.447478756278446355e+00 2.536248502992195508e+00 2.417052917183045047e+00 4.456442092284538248e-01 2.406070224337244046e+00
-2.689620872472102686e+00 2.040669647648518659e+00 -1.017112428634028953e+00 -3.075232334932433531e+00 -3.116002324160561887e+00 2.902826637169978685e+00 3.014651822560989292e+00
-1.756322046872445863e+00 2.200913161365852577e+00 -7.258595817981096099e-01 -2.064051778837779239e+00 -2.038493820064060102e+00 -2.351402682915582076e+00 -2.256558743188697758e+00
-8.345315278435487816e-01 3.007233606539593485e+00 -8.575270680682237634e-01 -8.398632805510747312e-01 -8.233415330392099829e-01 -1.440456080371254277e+00 -8.292539010791000198e-01
4.778408505647157439e-02 -2.479111112304516862e+00 -7.839480722271310320e-01 2.557430817274454204e-01 1.279034167937069533e-01 -5.375435300868418587e-01 2.561789274293081453e-01
8.590261366020441880e-01 -1.708973753393092210e+00 -3.583763490185456480e-01 1.187268840412083026e+00 8.556382623380788255e-01 3.897903159816790697e-01 1.035435821876104168e+00
1.669105779250028121e+00 -9.465307229846018355e-01 1.739947595091135835e-01 2.051424212126301772e+00 1.495519561702015165e+00 1.386853098317571975e+00 1.701030109708776106e+00
2.547248023975524855e+00 -1.549294702334872709e-01 7.118396667094645247e-01 2.922695299274733927e+00 2.128258939661533677e+00 2.441910217705588693e+00 2.338301695163635063e+00
-2.768993507128838516e+00 6.704978635235125939e-01 1.184791729925152026e+00 -2.434133079808831646e+00 2.805830397435788548e+00 -2.804728425370486278e+00 2.980394885387304349e+00
-1.776379864797950958e+00 1.475300008958812414e+00 1.254158724395837199e+00 -1.419941153209471896e+00 -9.132763480535444067e-01 -1.832157307976058247e+00 -2.674390680496969708e+00
-9.205203900666426575e-01 2.213068552267471567e+00 6.995654417074350651e-01 -3.523402433768278996e-01 8.555196801773646831e-01 -9.371753494306677146e-01 -2.217778841961314917e+00
-2.391803460912558243e-01 2.829191128274904710e+00 9.078917276058323660e-01 7.044274633676722575e-01 1.484177429419991201e+00 -1.350039894822959996e-01 -2.568542506505804734e+00
3.054904654179107504e-01 -2.894139906524570982e+00 1.436851035385744879e+00 1.741394742458970413e+00 1.993361353423839244e+00 5.037768573065865008e-01 -2.822056507963025318e+00
7.313404671711507543e-01 -2.033496029881798339e+00 2.122300376861959048e+00 2.819184523440491308e+00 2.413875448759825737e+00 2.992896559268150014e-01 -2.548215972193554446e+00
1.167108406682132893e+00 -1.035179771260134496e+00 3.127697102987987421e+00 -2.048215601778614392e+00 2.847552788586888539e+00 -3.683483274930519080e-01 -2.448000518222614108e+00
1.597792329934247579e+00 -1.047260834940894891e-01 -8.984167861571153990e-01 -4.006003833994086216e-01 -2.897424981221871310e+00 -2.980313956317863847e-02 -2.443990597517317731e+00
1.798936057652359644e+00 7.560612421614091305e-01 3.408637651343327524e-01 4.852098960925173565e-01 -2.282793889936072240e+00 4.451492362273661851e-01 -2.209499243059298124e+00
1.259171374980266878e+00 1.535814021611154878e+00 1.108349033810432260e+00 1.055207168651403959e+00 -1.628528305719944447e+00 9.374123210841920351e-01 -1.874840764741000365e+00
1.338477345356931858e+00 2.193327655471929205e+00 1.696071549265634415e+00 1.676239341522335335e+00 2.503724425903108841e+00 1.473030250083983583e+00 -2.391991821490846881e+00
1.836693961307234169e+00 2.550450496787707966e+00 2.046404946498555422e+00 2.435770634371897003e+00 3.104817179778047276e+00 2.093379795763385953e+00 -2.751061002293738955e+00
2.439778160735001311e+00 2.600854622696217699e+00 2.258279766801182475e+00 -2.941467349496313055e+00 -2.429509428759775158e+00 2.859443790611529757e+00 -2.202998575272284043e+00
-3.116138111195561944e+00 -3.100677586280150777e+00 2.670846361100631672e+00 -1.830656831280437657e+00 -1.655596424869546945e+00 -2.252596812870867105e+00 -1.520786364502827670e+00
-2.740627106048336148e-01 -1.628511646513046252e+00 -3.036406392174273883e+00 -5.751268507368744176e-01 -8.833782661948188508e-01 -2.418241608066656334e-01 -8.181113624243282478e-01
9.267724583120894311e-01 3.558259694419850239e-01 -2.543895555020295074e+00 5.714786635286612793e-01 -1.286065472174597324e-01 1.011595883573159327e+00 -1.280890768501639632e-01
1.610999584336028745e+00 1.391954517069237118e+00 1.951627918209107637e+00 1.542057528504484853e+00 6.174453250127545090e-01 1.927764441073828827e+00 5.459631553276929061e-01
2.309311457825784508e+00 2.211439375959373344e+00 2.759838519821978586e+00 2.394581478895349669e+00 -1.650515942800851787e+00 2.782137786732727047e+00 1.131517992956609486e+00
-2.963009035322545781e+00 2.915117255441801003e+00 -1.550442640829027718e+00 -3.115193893701918348e+00 -9.125053882826226204e-01 -2.642983461318346272e+00 5.031076783079090342e-01
-4.229626266871034934e-01 -2.778310684719772716e+00 5.961963979328490648e-01 -2.401780261520320092e+00 -1.244268494386665397e-01 -1.660229480001507829e+00 6.522369932735051778e-02
5.045092152612609127e-01 -2.347424097181766367e+00 1.496007975341006713e+00 -1.938178218261594310e+00 6.912112668166158214e-01 -8.775798896985131936e-02 7.947046531877177689e-01
1.158363003134930347e+00 -1.963751064842176763e+00 2.273562087254372255e+00 3.035861530625677318e+00 1.511730706233453958e+00 1.718321941566187006e+00 1.674806135377337357e+00
1.762339892971523270e+00 -1.597794116690624877e+00 3.032254654130019933e+00 -2.858455253660111772e+00 2.344475576597817579e+00 2.779562695190230137e+00 2.680887970008705157e+00
2.336294976472950591e+00 -1.241697643596700429e+00 -2.363577573756979522e+00 -2.126283865409769991e+00 -3.082543075150636191e+00 -2.620730623803386727e+00 -2.461677307269226844e+00
2.880667332622934396e+00 -8.208630205402097646e-01 -1.449358670061922094e+00 -1.345162672257028014e+00 -2.226103918812212257e+00 -1.802677871585968372e+00 -1.270825186181119282e+00
-2.830765472390221582e+00 -3.020958582225178324e-01 -6.271888595423963375e-01 -5.506725354250326943e-01 -1.391937155962872152e+00 -1.023889240731059580e+00 -1.623234690826997895e-01
-2.222454995787815246e+00 3.012585119865021088e-01 1.231784975254573145e-01 2.472485388450181010e-01 -6.327079910582059652e-01 -2.953893223249416389e-01 7.949031693582464531e-01
-1.428233339129136859e+00 9.197353693912528882e-01 8.122059014247243747e-01 9.958601983912975797e-01 5.896293105386773981e-02 3.361904688416773590e-01 1.547891693966246818e+00
1.572801546369426706e-01 1.510329162275733994e+00 1.444503595600397761e+00 1.665742806037909585e+00 7.603236454368729191e-01 9.135244814781461331e-01 2.055685485491293374e+00
1.805622486477904687e+00 2.017990059077473752e+00 1.965698471018211269e+00 2.238666618707242595e+00 1.467974970460938611e+00 1.503862748881823475e+00 2.398042776065805626e+00
2.644396125132254749e+00 2.453803031666489609e+00 2.269687178216424517e+00 2.823684213090446260e+00 2.180865098956319414e+00 2.160930019346219755e+00 2.825192047737102197e+00
-2.869779613554250819e+00 2.951716523012759108e+00 2.215992315922844735e+00 -2.725809052266290777e+00 2.854984331901933459e+00 2.807032832235197617e+00 -2.902359490761300176e+00
-2.180320292596020337e+00 -2.794192109670848190e+00 1.979931080674257826e+00 -1.960718523610035069e+00 3.054040208620994790e+00 -3.100056484060183415e+00 -2.394240246016915208e+00
-1.456757815148520319e+00 1.287235118070989781e+00 2.122250134749525063e+00 -1.280484368751809487e+00 2.211295288497699740e+00 -3.054071295533584252e+00 -2.113469323324231208e+00
-1.055071595027102793e+00 2.072258425777292690e+00 2.534368576096637238e+00 -1.119898790672073208e+00 2.706390465740581508e+00 -2.728857176189922296e+00 -2.056462731779923114e+00
-8.898299117736335750e-01 3.067160973545386859e+00 -3.081441757486529820e+00 -1.266185536619694796e+00 -2.816622040028950114e+00 -2.098537528605491698e+00 -1.752379533953401847e+00
-3.373050404288956972e-01 -2.122448797808677234e+00 -2.131965763023880189e+00 -7.028987611712685935e-01 -2.065536488705951523e+00 -1.428333544869308191e+00 -1.309481424641652403e+00
2.285701340570933104e-01 -1.110254211805656643e+00 -1.149113793260394534e+00 1.226061488583645928e-02 -1.362266221496486018e+00 -8.703775893642858863e-01 -1.137889183745610655e+00
8.123412641822382874e-01 -3.136760470769757725e-01 -3.923711529668587050e-01 8.066389996623098968e-01 -8.009475735565800836e-01 -8.601294873184773815e-01 -1.847809240542171993e+00
1.242762407262882007e+00 2.489630895896729756e-01 1.736428522288118170e-01 1.566065843171282390e+00 -4.026077714871691970e-01 -1.462081784263751905e+00 -1.792190672439251342e+00
1.509367853979974416e+00 6.129636323086202765e-01 5.881519874558194250e-01 2.272469374249423080e+00 1.058604787768465672e-01 -1.237332269921390671e+00 -1.526013641054847714e+00
1.552467342152025198e+00 8.511908604701240444e-01 8.669894056281065575e-01 -5.948445422830151985e-01 2.968416645304779444e-01 -9.096001430244332608e-01 -1.377956339138918462e+00
1.459564138065694960e+00 1.182024442927822605e+00 1.162636962713103017e+00 2.737144250764805276e-01 4.399526127899816008e-01 -5.258011640459872016e-01 -1.232652577121470472e+00
1.389350259731174431e+00 1.589265053866806277e+00 1.523385712774388390e+00 2.134622453572426748e-01 6.599664024437460474e-01 -1.195950464224378035e-01 -9.697478514144892703e-01
1.445499697970130892e+00 1.953692288760262352e+00 1.874729799172107469e+00 7.338193128121769382e-01 1.106349480678635366e+00 3.393209929434040095e-01 -6.235313593429143708e-01
1.474975282168277779e+00 2.147052089290502508e+00 2.117040659608248276e+00 1.520493104073444401e+00 1.493911621307877802e+00 5.386216167036019797e-01 -3.277632317019624764e-01
1.471250631416471721e+00 2.199027552770861149e+00 2.267808804265037281e+00 2.602593100036261653e+00 1.804512827264949104e+00 5.600224486438046823e-01 -9.420200940711449811e-02
1.570326872527373352e+00 2.329571801738561376e+00 2.467242070202877890e+00 -2.496859710885512396e+00 2.234402476299198081e+00 7.557251117360761494e-01 4.006779116926730000e-02
1.770383936139233505e+00 2.485848588340802134e+00 2.656032791896042689e+00 -1.698629917014153223e+00 3.070277082308983108e+00 1.154571639583653830e+00 2.042397615974682057e-01
1.972431867589640841e+00 2.734267222282025234e+00 2.786382754985920585e+00 -1.053935755156652387e+00 -1.333748270279919046e+00 8.869350814658099047e-01 1.620355792328802835e-01
2.013883837591181614e+00 3.071337742628798217e+00 2.888935439191439691e+00 -4.285434808906083415e-01 -4.328935447696921623e-01 5.813499800402075479e-01 1.788727413136213529e-01
1.955910268295216525e+00 -2.779278695697199097e+00 3.030053509676722712e+00 1.135876466379315691e-01 -5.800495472455694662e-02 9.674916175450725131e-01 2.774800661690742798e-01
1.203043103386910895e+00 -2.522070398958747628e+00 3.029405681278968920e+00 6.129592314843733680e-01 2.035422962088009879e-01 1.553795299823125253e+00 2.711074175453752066e-01
6.168460965003740304e-01 -2.820993243582981869e+00 3.068265341731733375e+00 8.018956089812104837e-01 3.919150052619602143e-01 1.994467824079657392e+00 -1.605940577937702562e-01
8.218515183967392002e-01 2.814240825102098054e+00 -3.008432842985659494e+00 7.964680827540013830e-01 7.798638349759002830e-01 1.009986572198183996e+00 9.549762306159266523e-02
1.029576626683101459e+00 2.890288531158271557e+00 -2.625699483996009054e+00 8.571868468394285845e-01 1.125455702992077756e+00 7.962741185229929020e-01 4.849268024829105350e-01
1.341536306730491512e+00 2.046743904040199791e+00 -2.410756860738803020e+00 1.203598665390113842e+00 1.428942378065813701e+00 1.286122638282159114e+00 1.035997456873294809e+00
1.580523912486930138e+00 1.944004933708213478e+00 -2.343848425285386394e+00 1.566886970743624374e+00 1.603691910262309284e+00 1.713176821215342427e+00 1.579621327471772529e+00
