1.671395545062055010e+00 1.418823579868739415e+00 1.522874061002565949e+00 1.557307864121338481e+00 1.583318328586568402e+00 1.573158142279636573e+00 1.528122318691798487e+00
2.417914156531043357e+00 2.222256161005641939e+00 2.166041787334687552e+00 2.195227066984708930e+00 2.052071476777317383e+00 1.981659471288789387e+00 2.066134819559652946e+00
-3.075214700405358492e+00 2.794117511153110023e+00 2.715927932680715973e+00 2.768251547444892768e+00 2.528204486296903752e+00 2.380097647684026541e+00 2.508206111672437455e+00
3.041997011340463519e+00 2.820682359296064590e+00 2.876517427059928522e+00 3.135340982249211539e+00 2.767304039194760534e+00 2.677245100089278740e+00 2.810413807516057183e+00
1.828353268286412092e+00 2.716587868009242346e+00 2.734732168900150473e+00 2.989259348405772343e+00 2.549797248053442988e+00 2.734635410676089062e+00 2.962267333351027876e+00
2.098705531294890125e+00 2.673516285833314576e+00 2.628079720183398749e+00 2.456412294749647618e+00 2.116844030449475333e+00 2.500026972955593063e+00 2.991333497597770119e+00
2.501737478597610753e+00 3.006607240300590789e+00 2.872640539111013691e+00 2.727450381650163624e+00 2.366503378087150722e+00 2.534124328347203914e+00 -3.139918352269781998e+00
2.814781784902766315e+00 -2.920388986452661317e+00 3.088909470629020326e+00 3.107777421575013133e+00 2.766023064667071374e+00 2.798720645386022721e+00 -2.900277236544071435e+00
-3.134773887796328040e+00 -2.527940455356987304e+00 -2.990741433322983589e+00 -2.807476844214305878e+00 -3.048595553255530000e+00 -3.137856256282995027e+00 -2.638820386505704274e+00
-2.869103113632624158e+00 -2.221304907126241179e+00 -2.910478821560943619e+00 -2.580397748503754141e+00 -2.625801924266963905e+00 -2.806242957150901773e+00 -2.435258648057170294e+00
-2.587884737364718912e+00 -1.934831233487494639e+00 -2.792165917845522038e+00 -2.464434013038283133e+00 -2.234006371571951366e+00 -2.486802323761490019e+00 -2.242369210648676781e+00
-2.362535130014651763e+00 -1.624076670913944920e+00 -2.671266606159476531e+00 -2.334379862718436005e+00 -1.872489875463967390e+00 -2.147114680477953730e+00 -1.980728830864820100e+00
-2.153748004570635644e+00 -1.254351000258777438e+00 -2.543579224151431006e+00 -2.206355263298526381e+00 -1.491622201218757438e+00 -1.807216551780237213e+00 -1.672158051361962938e+00
-2.019433534624070159e+00 -9.560625274839043009e-01 -2.484305426895934144e+00 -2.270237276112496705e+00 -1.210178850837954512e+00 -1.605530942710946984e+00 -1.490651500070728996e+00
-1.871934816043705485e+00 -1.500800484757036202e+00 -2.343742125411832244e+00 -2.189510705775477017e+00 -1.562735525941687742e+00 -1.543672838908889844e+00 -1.709824286958426587e+00
-1.659962230053048549e+00 -1.987232561803336850e+00 -2.168004608805701228e+00 -1.862319335893443784e+00 -1.922256135737465232e+00 -1.315152136512370173e+00 -1.972364793021084584e+00
-1.386787364778479192e+00 -1.749049968070243821e+00 -1.980285794668041000e+00 -1.449451670599313458e+00 -1.606346186392400899e+00 -9.161937756302911406e-01 -1.842818652806419211e+00
-1.101189977405045983e+00 -1.523206974522292256e+00 -1.850081534124511595e+00 -1.036375336732227925e+00 -1.115876786583322344e+00 -4.825853088779413214e-01 -1.524793624714849694e+00
-8.311663270056779407e-01 -2.313663508354035336e+00 -1.815447902313081174e+00 -6.421226736174204808e-01 -5.777566943674625755e-01 -1.059045156964391471e-01 -1.145766917488058700e+00
-5.013426939343117450e-01 -2.859332451072552850e+00 -1.866819120695101253e+00 -2.567252268549272132e-01 -6.096914157756472101e-03 1.985811219776066061e-01 -8.109071009969132104e-01
-1.473936223281384350e-01 -2.442306450674128548e+00 -1.805399216889103098e+00 5.962238959734642019e-02 5.328686117315769577e-01 4.801752944470697448e-01 -8.458191553420673081e-01
3.843240263990285732e-01 -1.965848799237045252e+00 -1.596714165184605294e+00 4.346311283989995333e-01 1.113824038629537494e+00 8.487394918014679046e-01 -2.192438907203733134e+00
1.201882724710922279e+00 -1.487425014477692153e+00 -1.305384641235607157e+00 1.334902676501915630e+00 1.720186607819867763e+00 1.307370137346638206e+00 -2.321979943165691562e+00
2.387570690194878331e+00 -1.044169593225930059e+00 -1.010155932366543885e+00 2.631336615282136471e+00 2.311516267750117315e+00 1.801980755776419363e+00 -2.299188812928495196e+00
-3.118811591370658221e+00 -6.772555919459180007e-01 -8.007914282264301242e-01 2.839406698210462654e+00 2.855045232767108754e+00 2.296556739086101473e+00 -2.719012599947792541e+00
-2.781196634767528320e+00 -5.886624729346426887e-01 -6.449266202702328421e-01 2.928322205533574252e+00 -2.962283905344348156e+00 2.812009974118812927e+00 -2.829642845790237615e+00
-2.563712503971093071e+00 -2.720445635469725065e+00 -6.366483007962395746e-01 -3.029466509140593455e+00 -2.525420641242151820e+00 -2.910967822455948095e+00 -2.475281486409993459e+00
-2.386649898441658202e+00 -2.404508697597008915e+00 -1.155383069686921615e+00 -2.612438448504422528e+00 -2.141316017423020135e+00 -2.330594063295608365e+00 -2.012468665065567208e+00
-2.070496125754454297e+00 -1.922988385111134457e+00 -1.414843984970603152e+00 -2.106980252532799636e+00 -1.776717592285978586e+00 -1.725876966902051501e+00 -1.520350385181418185e+00
-1.709613262653592480e+00 -1.386650265170247920e+00 -1.018981324080755035e+00 -1.537005459967970999e+00 -1.427014365721306577e+00 -1.074664536971524642e+00 -1.002362982645051082e+00
-1.374817654398179378e+00 -8.353255065729666695e-01 -4.399665419018854440e-01 -9.203030547257219363e-01 -1.138482437133509828e+00 -3.562502138499510362e-01 -4.485600491840022186e-01
-1.167500350727177283e+00 -2.790214018644957550e-01 5.995525794010015952e-01 -2.547308792597668958e-01 -1.066386772204311661e+00 4.536323455915269864e-01 1.959179579544363392e-01
-1.176589683267247555e+00 2.661809745871172583e-01 -2.792788220328348281e+00 5.533420494240777199e-01 -1.401587983084822797e+00 1.419779601189533835e+00 1.786166360666728625e+00
-1.245153892479225144e+00 -2.651260290431873834e+00 -2.077946797220230568e+00 2.234863015841869416e+00 -1.514606154325617737e+00 2.707222776981621060e+00 -2.676045628584926561e+00
-1.197498960351565556e+00 -1.957142094566753032e+00 -1.448651422779074549e+00 -2.569907716028275058e+00 -1.242173741494640327e+00 -2.202657639672304768e+00 -2.049441999950248672e+00
-9.670491207765483654e-01 -1.341512032400318910e+00 -8.306251794633536800e-01 -1.908923430983446190e+00 -8.244218788716557444e-01 -1.224150127013516220e+00 -1.542266674828147277e+00
-6.234007388089135571e-01 -6.855480899485317803e-01 -2.040426333455800101e-01 -1.451573694052771035e+00 -3.970382752404463256e-01 -5.259400126173960910e-01 -1.098592758642626510e+00
-1.829395589403582933e-01 8.797622243190124369e-02 6.107004574378137596e-01 -1.033364981462865817e+00 1.449266683241144486e-02 -1.916515708616964644e-02 -7.109436014240092527e-01
2.888701716522778518e-01 1.080420596270776912e+00 2.210069480730073810e+00 -5.575945656561122066e-01 4.238365021316087833e-01 3.193247070137533727e-01 -3.589033732782802022e-01
8.181924933169142378e-01 2.388457257307792680e+00 -2.751665866032324104e+00 -2.901251646581035071e-02 8.738974194704828280e-01 5.118499325841127101e-01 -4.671418227756789915e-02
1.349685817304560276e+00 -2.744764892921592647e+00 -2.057662954735687943e+00 4.910168977982438676e-01 1.325584645367334113e+00 5.764390907710991163e-01 1.613759922099853306e-01
1.888517851810274539e+00 -1.931852171460375578e+00 -1.571644934735017651e+00 1.012274770774336030e+00 1.737306999201771340e+00 7.464727069617907995e-01 3.345233061591551538e-01
2.477949011896846798e+00 -1.315799239446030944e+00 -1.231584141030002799e+00 1.578198626378987779e+00 2.095808123167062220e+00 1.099355340749390120e+00 6.434775423894844026e-01
3.073703574426357221e+00 -9.371967792991151569e-01 -1.050096727075569891e+00 2.317968336009625929e+00 2.435465485453643275e+00 1.544484223676492629e+00 1.167908690549403383e+00
-2.574166571900651235e+00 -1.150463329301904425e+00 -9.768692945804913208e-01 -1.423398944207639794e+00 2.812491188547039389e+00 2.032869076192558744e+00 1.911358261965783401e+00
-2.288205929547484807e+00 -1.383043095330048544e+00 -8.277607532826539716e-01 -1.755304651015352935e+00 -3.076094933479095239e+00 2.563196569030585348e+00 2.832639952189434318e+00
-1.911330141761654833e+00 -1.082120411519489567e+00 -5.987378608584364992e-01 -1.757104578653341243e+00 -2.651105314422693482e+00 3.136977393946036585e+00 -2.488693134536377638e+00
-1.371943472476513159e+00 -6.017254230036735985e-01 -2.867103947479218151e-01 -1.105329084900523506e+00 -2.246923064269807924e+00 -2.549895504687647474e+00 -1.581535524654410718e+00
-7.221061044352184988e-01 -7.439967216246470838e-02 7.523848520895200231e-02 -3.629182294876429626e-01 -1.990522135026434825e+00 -1.974878056267391990e+00 -7.092814456706857396e-01
-1.044854909101840257e-02 4.698833562149846710e-01 4.750712270243226953e-01 4.115186973655850511e-01 2.563574708690375292e+00 -1.575017670621154275e+00 1.784238353316440484e-01
6.612601543684016869e-01 9.601261030240622052e-01 7.784704883242958839e-01 1.182093611193580696e+00 2.822505596156659635e+00 -1.910924636472497884e+00 1.204790110308589624e+00
1.289037694136905721e+00 1.351206610036511879e+00 8.737876319652463364e-01 1.944621302733674728e+00 -3.029141092527815715e+00 -2.056414350053398010e+00 2.927163668856162193e+00
1.847244653557395644e+00 1.627579780136075183e+00 9.006145450336850988e-01 2.714362218303755014e+00 -2.588791532572120246e+00 -1.610179953049930335e+00 -1.862638615477826054e+00
2.373728947822929314e+00 1.877613762548586918e+00 1.232419680861736477e+00 -2.733947076175792468e+00 -2.175082168464927967e+00 -1.033017442306842337e+00 -1.014267550237196502e+00
2.883375244693623163e+00 2.181460928367439323e+00 1.777715421683239372e+00 -1.643701258576343305e+00 -1.768401943902714102e+00 -4.145398066572923423e-01 -2.818955931732663456e-01
-3.044017941793492721e+00 2.544411155105035238e+00 2.413571940660145021e+00 -1.360425755019664673e-01 -1.361518828928372393e+00 2.198995467447267538e-01 4.421467939896007171e-01
-2.956644739796561616e+00 2.967197137903454962e+00 3.079050792007550275e+00 1.067076790274853026e+00 -8.950020551289598059e-01 8.379889836033533879e-01 1.142655270572865200e+00
-2.994676807697987275e+00 -2.881019551774125720e+00 -2.574607712764532153e+00 1.892456074509890618e+00 -3.227692918206059858e-01 1.409013001616470140e+00 1.802483370249947425e+00
-2.748920889831077297e+00 -2.434524723874790908e+00 -1.962326875297609963e+00 2.575218425445692905e+00 3.390947919605808991e-01 1.932571234840830599e+00 2.420023676524400535e+00
-2.368393335530434740e+00 -1.972008423161073054e+00 -1.351692755924731371e+00 -3.069756716510225747e+00 1.134054079924289304e+00 2.465073552261744627e+00 3.015140374052010852e+00
-1.924697898167956334e+00 -1.441957468591519520e+00 -6.743590027237362783e-01 -2.436416931361593985e+00 2.340717334053724397e+00 3.056864843913795315e+00 -2.663120417191308764e+00
-1.445341023935266866e+00 -8.165599990839470523e-01 1.102482444006798595e-01 -1.808367261175982010e+00 -2.089581888748591965e+00 -2.585032660392689863e+00 -2.037628063143082091e+00
-9.174711513359461446e-01 -9.302232520142070249e-02 9.277802698138151172e-01 -1.188137210167809821e+00 -1.018489300339071590e+00 -1.928638987199725374e+00 -1.397701719382030250e+00
-3.393070951546138248e-01 7.422378536320126674e-01 1.756422005317921586e+00 -5.868147869173275799e-01 -2.680314370852612815e-01 -1.304154137077343956e+00 -7.669535440910136836e-01
2.665212106137633818e-01 1.691830675899238745e+00 2.565055843438839300e+00 -2.753294902656750268e-02 3.848996759208813678e-01 -7.595735866317612217e-01 -1.638682254565887730e-01
9.135754222630351196e-01 2.737900840629767796e+00 -2.935023075262996883e+00 4.320222936484642284e-01 1.031161672441337940e+00 -4.333602551568498384e-01 4.223570410757433446e-01
1.610916989327791704e+00 -2.531874747780354706e+00 -2.132064799112197484e+00 -8.369938473170619453e-01 1.702866785128692051e+00 -1.094428150389898047e+00 1.029485968010739994e+00
2.404563126605728574e+00 -1.673033951526414764e+00 -1.309782059614562622e+00 -1.122211975794126682e+00 2.415585316801882154e+00 -1.241664331112723785e+00 1.792612730109295338e+00
-2.902376355457575663e+00 -9.242709690502174391e-01 -4.825899489874850845e-01 -6.502310088238892893e-01 -3.110026218501579454e+00 -7.998226915732150610e-01 -2.602014061769260422e+00
-1.752166944411755800e+00 -2.188702444192156538e-01 3.217140804982339120e-01 -1.270947507607184945e-01 -2.327580951442486334e+00 -2.506129590564531440e-01 -9.336726282373883912e-01
-6.835429391983839364e-01 4.655335943151518996e-01 1.061828480447764456e+00 4.064843699159419455e-01 -1.539407238839038072e+00 3.491076046566605195e-01 -1.128753133647414503e-01
1.668439509995044145e-01 1.128410754309967068e+00 1.730703634183397899e+00 9.391832601496524768e-01 -7.860211243389612079e-01 1.023498112834815954e+00 5.765155729573860910e-01
8.496731014510624513e-01 1.736220054742891206e+00 2.305847798256533743e+00 1.450995798097109768e+00 -9.205761689702403328e-02 1.862885981340667518e+00 1.205112354668668395e+00
1.444829074319868178e+00 2.258402443091616085e+00 2.780172408299113496e+00 1.942831898688034631e+00 5.529765468044515186e-01 3.068446819775195067e+00 1.820627163467470888e+00
1.971314427045476769e+00 2.690070630113073680e+00 -3.075096618207218135e+00 2.428104018902629058e+00 1.112671677842122175e+00 -1.998127869464136230e+00 2.409326494991415935e+00
2.418593764331579354e+00 3.051070201201712351e+00 -2.651513210077473204e+00 2.896404702780234874e+00 1.510827607869206668e+00 -1.127637899112576170e+00 2.755788571445168422e+00
2.754864840020095684e+00 -2.908993690119000330e+00 -2.202480623266608983e+00 -2.988560053447847586e+00 1.613189318969339148e+00 -4.098359415252244564e-01 2.364814633881905159e+00
2.971363248635488841e+00 -2.635100089169233328e+00 -1.741626222016760428e+00 -2.744244229645816269e+00 1.634243031952585579e+00 2.229556821001028033e-01 2.525832877292278233e+00
-3.058487374272756298e+00 -2.415233357600914399e+00 -1.280306098784433022e+00 -2.549320922987843296e+00 1.883496726838775226e+00 7.483036694227194197e-01 3.102516410924994972e+00
-2.783624395614229474e+00 -2.253572400685425414e+00 -8.282011303689386095e-01 -2.183334821990038144e+00 2.246047206840396715e+00 1.144691966681881334e+00 -2.546453726116191252e+00
-2.732704721625513145e+00 -2.104050817661170747e+00 -3.655474424893391250e-01 -1.640455797339723798e+00 2.611447548966759680e+00 1.491705228035896225e+00 -2.016204930989489164e+00
3.128093728287154374e+00 -1.954478338342347188e+00 1.918357810649516104e-01 -7.344763983434493548e-01 2.957338317209237566e+00 1.914075990286718820e+00 -2.777623977922403231e+00
-3.070117301223971751e+00 -1.782995086201498269e+00 1.057520767607742718e+00 2.598219617086668709e+00 -2.938004652047550014e+00 2.423215421232603362e+00 3.100039141532342057e+00
-2.676036859541354396e+00 -1.528650596649191451e+00 -2.341120255157461916e+00 -3.013107860696316198e+00 -2.495962620720855618e+00 2.975184332920761676e+00 -2.742361081863214700e+00
-2.181018659145769423e+00 -1.147370377817767961e+00 -1.479703966084044975e+00 -2.357360546327012862e+00 -2.019318949032065991e+00 -2.747462847029142008e+00 -2.247587533942939864e+00
-1.647359120898646889e+00 -6.572731689998322357e-01 -7.677604694195130364e-01 -1.688821602850358650e+00 -1.530938321055823170e+00 -2.205460102816310997e+00 -1.736522651917589144e+00
-1.095071400968198105e+00 -1.062415678467802382e-01 -6.859952687194662002e-02 -9.825113204270490286e-01 -1.033726555897663824e+00 -1.714214450002236712e+00 -1.218259028410777267e+00
-5.512393738292482581e-01 4.665194789915652063e-01 6.344678558773405586e-01 -2.194581841561907554e-01 -5.340211829118336473e-01 -1.306384373952271805e+00 -7.318361013189910169e-01
-5.119345511104862745e-02 1.016188396064061861e+00 1.313894927358804976e+00 6.081024672234582873e-01 -5.595427959220268532e-02 -9.386513844738615386e-01 -3.161711651432545511e-01
4.132584661657234815e-01 1.518837201165411432e+00 1.967132101649959663e+00 1.486185079433628653e+00 3.842954111298800823e-01 -4.940534663486006450e-01 5.734888445117464206e-02
8.855767822429670977e-01 1.977730108761410310e+00 2.607142722333961604e+00 2.267599695318016639e+00 8.077471472231914085e-01 4.946720219193952855e-02 4.705000011816272698e-01
1.433499712304245888e+00 2.447007132566032084e+00 -3.035767639134282714e+00 2.683332330610291638e+00 1.302297007859938960e+00 6.427421467477855144e-01 9.631745669358764417e-01
2.075885303761314304e+00 2.990392815462142639e+00 -2.380359302701902102e+00 3.026546647607516682e+00 1.925952499146420971e+00 1.249709700435229554e+00 1.515434605008984636e+00
2.796194508673305990e+00 -2.675881839316061050e+00 -1.736880340877050122e+00 -2.675571219793011934e+00 2.684184000023092320e+00 1.854051436404632325e+00 2.087824374676493289e+00
-2.727901147521341496e+00 -2.009041785013617964e+00 -1.127846139421747607e+00 -1.990586744985177292e+00 -2.709291282357387587e+00 2.399296282742808373e+00 2.601620186248723154e+00
-1.999470667819602143e+00 -1.347346856649957125e+00 -6.029126244341048713e-01 -1.346797011469922367e+00 -1.707169520081680991e+00 2.627200852130113784e+00 2.848827321231961918e+00
-1.337642478912403288e+00 2.847976430921351110e+00 -3.117876479009582535e-01 -1.035714810416774823e+00 -6.669361637050958969e-01 2.335896329821377737e+00 2.809225324165146365e+00
-7.625488203496079143e-01 3.128223768929423443e+00 -3.027968142099777271e-01 -1.494157887255325168e+00 2.841071637265037975e-01 2.637389212397919458e+00 -3.125775955427237740e+00
-2.186828773582389640e-01 -2.731397952693490616e+00 -7.883598764476680565e-02 -1.277846355213778207e+00 1.051949470652215002e+00 -2.966334934076415131e+00 -2.423161269518461225e+00
5.468374347688627068e-01 -2.602648649954933280e+00 5.108968271011846696e-01 -7.102114258432420391e-01 1.554776920502642934e+00 -1.815361754947444783e+00 -1.396406974478997531e+00
1.886610491456025995e+00 -2.534022457680503049e+00 1.261059017954668793e+00 -4.130818570414261648e-02 1.632396981462502117e+00 8.349532035613007608e-01 -3.047763605619054419e-02
-3.013986827148854353e+00 -2.220748522078975107e+00 2.066315440399840497e+00 6.883150488470076711e-01 1.697023840971631836e+00 1.798491506577389654e+00 1.077428714671648358e+00
-2.091787503953657090e+00 -1.792681249561844048e+00 2.839864589107533366e+00 1.461841227156654321e+00 2.115667856182149364e+00 2.555385985488993761e+00 1.846114415630711436e+00
-1.343084926805338863e+00 -1.422119894903707271e+00 -2.766958269798205361e+00 2.332627930186048193e+00 2.718645462389216227e+00 -2.988676407315827177e+00 2.465172779927785829e+00
-6.562924393626499153e-01 -1.245343351114068797e+00 -2.167810840490809188e+00 -2.938425116556754979e+00 -2.821958810717573041e+00 -2.149523219530251161e+00 3.024035689650958147e+00
-1.034630786318073079e-02 -1.202132993700413044e+00 -1.594979536267901121e+00 -1.919314162640912702e+00 -1.886203209364906375e+00 -8.560762586179907485e-01 -2.794192234374333506e+00
5.661508165288680061e-01 -1.011242755836329055e+00 -9.915468788223681385e-01 -9.775066850202586144e-01 -4.701101585265505256e-01 9.101409898844329271e-01 -2.533820885331079520e+00
1.022271696030304211e+00 -6.912646862872746656e-01 -3.215154024316008718e-01 -8.198393748133733783e-02 1.228492744045111218e+00 1.969122537975085852e+00 -2.396774530093428890e+00
8.991714369433525533e-01 -4.746914147266204087e-01 4.840380216117907697e-01 -2.608481215307107082e+00 2.373444211785608271e+00 2.773064451813512132e+00 -2.087897567846803248e+00
-1.153660766989383635e-01 -5.911944835035273238e-01 -2.325433574385141977e+00 -1.682846734516786347e+00 -2.983906445647312111e+00 -2.778588371801228529e+00 -1.584091730088236227e+00
-1.186039257590044624e-02 -6.083260981565350445e-01 -1.488020845502469935e+00 -8.498670703866911813e-01 -2.105416795999998758e+00 -2.093838007879271323e+00 -9.414644559901840237e-01
7.504363033559388607e-02 -2.874006123280840042e-01 -7.733790869061735185e-01 -3.062638740678956528e-02 -1.222859241831940391e+00 -1.482949285653376137e+00 -1.927095273944502696e-01
9.726886299330847127e-03 1.820455276503267217e-01 -9.857519708401193959e-02 7.633178763215792140e-01 -2.907364894611227379e-01 -1.029701557158808622e+00 6.624666031220156626e-01
2.165398697162692898e-01 7.508888918603821017e-01 5.707210733218367471e-01 1.531558151564614390e+00 7.651566561969426195e-01 -1.079584527524019899e+00 1.635586239658125773e+00
6.605703355176001379e-01 1.407695412406750668e+00 1.237237417156124009e+00 2.278563659963604326e+00 2.005914335737057019e+00 -1.818906644107816994e+00 2.597641052772922787e+00
1.205415222243136464e+00 2.150967524591692381e+00 1.905532929769710782e+00 2.996797389716299609e+00 -2.964780095269453408e+00 -1.857261293161130533e+00 -2.878731979975573285e+00
1.771296620523665988e+00 2.986601572108013691e+00 2.565416504317128421e+00 -2.601426520334416903e+00 -1.912697712217649837e+00 -1.629223118921288904e+00 -2.197692563291171464e+00
2.313848509369774931e+00 -2.354803544082244127e+00 -3.093841380877506264e+00 -1.918536505068574538e+00 -1.245409991708728681e+00 -1.219793824829010775e+00 -1.559987265828781444e+00
2.755092502704318047e+00 -1.262035686052097594e+00 -2.542574266141977457e+00 -1.202168042267453441e+00 -6.648822745331713913e-01 -6.595729351234701499e-01 -9.127782090855485198e-01
2.139067625357820024e+00 2.526252945584956944e-01 -2.092565792217480070e+00 -4.604182047069165784e-01 1.142753825567252579e-02 -6.488711965682831748e-03 -2.509366561530797513e-01
1.476593474902906378e+00 2.318291062574590278e+00 -1.673550744106662824e+00 2.858036444609837745e-01 7.242873313722286710e-01 7.042182612778367101e-01 4.139635439018329310e-01
1.936899672727988353e+00 -2.825152618737702515e+00 -1.197015123076359933e+00 1.032507946227059881e+00 1.431772530453031322e+00 1.467278975336391733e+00 1.066064778848432981e+00
2.533792493444818383e+00 -2.061887375653588261e+00 -7.021034915918845654e-01 1.794870639603102003e+00 2.114746106866997710e+00 2.281300594230043721e+00 1.651351648290286800e+00
-3.081438713898564608e+00 -1.432299712298546801e+00 -3.047617121868107515e-01 2.641961405352493131e+00 2.769690306730739682e+00 3.113694222309510984e+00 2.049833186380132233e+00
-2.332219202881499420e+00 -8.474406750064196192e-01 -5.259246721258584026e-05 -2.264950052700405614e+00 -2.872758878233855562e+00 -2.386899706032239887e+00 2.200484071727866198e+00
-1.478395552633351429e+00 -2.726943473182383282e-01 4.452322090307028191e-01 -1.827515547380421934e-01 -2.213565959819009166e+00 -1.756981341633137017e+00 2.408969728500121033e+00
-5.264994820701039968e-01 2.863566771034309899e-01 1.056249475523090897e+00 8.737234186873173991e-01 -1.447702691860022428e+00 -1.551124837838569137e+00 2.798166938772252532e+00
4.212238663154070362e-01 8.058035165172366954e-01 1.735848171328197243e+00 1.730857209852560308e+00 -2.230571010693499501e-01 -1.833649193453430915e+00 -3.063482820860579992e+00
1.268270469184902716e+00 1.249989314997765666e+00 2.410377648569412834e+00 2.546797832350572222e+00 1.398707546401001922e+00 -1.634748898791493099e+00 -2.823117695099610636e+00
2.020397633784084768e+00 1.543921430795944350e+00 3.033685280944462548e+00 -2.936564165819944172e+00 2.314587356330186640e+00 -1.226358984102959848e+00 -2.978414686979092174e+00
2.715615750855972177e+00 7.276775122053528166e-01 -2.718603094520758212e+00 -2.132852353029257131e+00 2.994538981939165012e+00 -8.048014917087615849e-01 -2.937628108023014661e+00
-2.879523520881569265e+00 9.361839858579246165e-02 -2.499352822429142140e+00 -1.338194986320077717e+00 -2.667572196093887182e+00 -4.085832534157124996e-01 -2.544974088127716971e+00
-2.030204620349685296e+00 4.697350806394633427e-01 2.297364820433522414e+00 -5.953602383523509678e-01 -2.060787807222281831e+00 -4.695006949133989638e-02 -2.021915215397569021e+00
-1.845128332978854535e-01 9.669463676154480547e-01 2.440736150113300251e+00 9.115631091305220757e-02 -1.460791956437458738e+00 2.573958618453506264e-01 -1.490256844734805908e+00
1.057668508144574915e+00 1.470101888358939179e+00 2.841269842978605187e+00 7.045078433210142377e-01 -8.799942154123276961e-01 3.962301937272696972e-01 -1.102331624099510465e+00
1.655565309873180180e+00 1.915909195975421753e+00 -3.029240455924203435e+00 1.216311569081093058e+00 -3.359412591681039117e-01 3.365688276217545516e-01 -1.295118169328707269e+00
2.107551637914192533e+00 2.267313187512885797e+00 -2.604910416870792389e+00 1.648879290325117486e+00 1.712278082955782099e-01 5.106180635417411073e-01 -1.751149215101501788e+00
2.525752398780797048e+00 2.554922996100037036e+00 -2.135201825957226074e+00 2.080959713435060809e+00 6.961917041832267339e-01 9.568111674793957633e-01 -1.576575912673564339e+00
2.967006275408049287e+00 2.871811202153278231e+00 -1.626814278349289600e+00 2.544069357952710497e+00 1.361153798239223889e+00 1.513276628049451178e+00 -1.261573666000717298e+00
-2.849220296179968859e+00 -2.999058901199475713e+00 -1.133203665527279469e+00 3.022030551604236948e+00 2.202591402336864235e+00 2.105041865976605031e+00 -1.148022095520971453e+00
-2.385290492084378489e+00 -2.483737205892934341e+00 -7.218816955191246221e-01 -2.768860147665486604e+00 3.089716332756175188e+00 2.710223749561593731e+00 -1.352292709185972441e+00
-1.957937033212064248e+00 -1.887902316501696820e+00 -4.345778421319342333e-01 -2.242414059954402017e+00 -2.353415051623928278e+00 -2.940827704367020790e+00 -1.163034754566255158e+00
-1.590602421988219106e+00 -1.229409744217424771e+00 -2.319446481903289503e-01 -1.664285482128787574e+00 -1.567933313573534715e+00 -2.217517705560240415e+00 -6.764265855843388797e-01
-1.272729468313283707e+00 -5.008169746984887372e-01 3.381970491616750549e-03 -1.021037715296795767e+00 -8.266224485604765082e-01 -1.175522000777229126e+00 -9.414622041803688557e-02
-9.320975774055708651e-01 3.144946702427894869e-01 3.418209142421761437e-01 -2.594987037101995075e-01 -1.319042358843983687e-01 3.821029650134890598e-01 5.081359628708236320e-01
-4.948982304938258636e-01 1.157605522892267258e+00 7.491343899647542326e-01 2.476544823956146946e+00 4.806264046578693772e-01 1.446653430716952737e+00 1.076173599256255109e+00
5.477232141545942956e-02 1.883249237438865853e+00 1.155069416390530845e+00 -2.386593495920227515e+00 8.980318024774294194e-01 2.123732752906501098e+00 1.539415758398344547e+00
7.812786593542753177e-01 2.448423539771332091e+00 1.515563877571886042e+00 -1.691602837896353684e+00 9.307503444954616789e-01 2.598583264797143855e+00 1.829643163826674357e+00
-2.922366585971996944e+00 2.945057585469705863e+00 1.842658045324811811e+00 -1.668622459252991463e+00 -7.069673365409337995e-01 2.932405577322203527e+00 2.010951418943108138e+00
-1.857704025549102189e+00 -2.837849094074633705e+00 2.168755537954690116e+00 -2.684850969140524235e+00 -1.558434561775248861e+00 -3.002288418656803071e+00 2.241752999551427816e+00
-1.372831244997305689e+00 -2.332533909513282655e+00 2.471233510723523707e+00 -2.211388995141385205e+00 -1.092995031857959765e+00 -2.565598507982977505e+00 2.513263370689616583e+00
-1.062602403757379799e+00 -1.847114114528861428e+00 2.665664327356922936e+00 -1.670421490833577272e+00 -6.088865774218656934e-01 -2.281488986983255529e+00 2.743675275256146406e+00
-8.555917610799409490e-01 -1.421973362987632550e+00 2.751749344195900893e+00 -1.239985434810891407e+00 -2.881156382426275364e-01 -3.098374155589672441e+00 3.006544557814468277e+00
-6.817143144346508032e-01 -1.096869032126288390e+00 2.930960568437825486e+00 -9.506461809187872758e-01 -3.073151273078293944e-01 -2.926833153069417381e+00 -2.826286812142297933e+00
-4.854417792117041164e-01 -8.249572736599409817e-01 -3.033576367320950595e+00 -6.345436085705690177e-01 -2.130477200689591954e-01 -2.339957178377607416e+00 -2.200312827224337298e+00
-2.180564097961388836e-01 -4.998566948678435651e-01 -2.670352830502066954e+00 -1.971904289949426015e-01 1.755921375760978453e-01 -1.721014596672478580e+00 -1.446817252015964783e+00
1.035268866116397096e-01 -1.534559929657198507e-01 -2.346885045606208475e+00 2.986615293905631741e-01 6.558470737002501938e-01 -1.160826555902679580e+00 -5.377160997085567162e-01
4.035598852305341544e-01 -4.426212524732908021e-02 -2.117556924932316953e+00 7.997893448700840180e-01 1.139288982800936711e+00 -7.503596203823840183e-01 5.728710902086879830e-01
6.200880762772263965e-01 -5.764035138478680320e-01 -1.965320446134974253e+00 1.301101054699705051e+00 1.606180883401812309e+00 -8.495391839068699991e-01 1.603365013725397636e+00
7.554559532244032871e-01 -6.103609940895506902e-01 -1.796535457679897974e+00 1.825690370607227608e+00 2.046266845438953208e+00 -1.370097075355975358e+00 2.349692044225243137e+00
9.029033342872186951e-01 -2.241983049532464967e-01 -1.590116157876763525e+00 -8.931966562424281664e-01 2.427576351023965184e+00 -1.114851610871713916e+00 2.926448363645389517e+00
1.133328643205749220e+00 2.904197055881871381e-01 -1.387762287541639550e+00 -3.286451583607929439e-01 2.685388771046540946e+00 -6.182729393317563105e-01 -2.848871074096122502e+00
1.427332367913701994e+00 8.957591291605231376e-01 -1.227341613002476572e+00 1.963451008968189193e-01 2.782589814631831970e+00 -4.525902180562189903e-02 -2.364284698012827590e+00
1.724823311408185678e+00 2.059646118118629854e+00 -1.183580019873743838e+00 7.125263882563130924e-01 2.887238814481515536e+00 7.396095651994302189e-01 -1.903216185345687705e+00
1.972674290511372774e+00 -1.690890905195477023e+00 -1.295953458229124333e+00 1.231543190383026065e+00 -3.136786626258542654e+00 2.326320547420221541e+00 -1.563735870761197910e+00
2.137630035088565528e+00 -1.072572461892172146e+00 -1.277768700210305086e+00 1.768593844953424643e+00 -2.745019105305580798e+00 -2.935448999034310447e+00 -1.762571818860525497e+00
2.185820831587087287e+00 -5.811564269558022744e-01 -9.862534846970967273e-01 2.365146679472200919e+00 -2.265841818476613145e+00 -2.347097377162597365e+00 -2.085174539328008780e+00
2.064664037889519577e+00 -1.135580063006887547e-01 -5.498862708432636914e-01 -6.855649929567301237e-01 -1.734453015606141291e+00 -1.900954520691891636e+00 -1.763297536825518375e+00
1.604427924572917608e+00 3.546342056484089178e-01 -6.963106467369725716e-02 1.362173674331423612e-01 -1.176580690600087964e+00 -1.538142803486486132e+00 -1.234474874735043359e+00
9.793630049084115496e-01 8.233199052593659362e-01 3.891912037548649339e-01 7.278504250700265077e-01 -5.996775836920960057e-01 -1.175915045700065775e+00 -6.294478615241861919e-01
1.001691232836294132e+00 1.288083295542614470e+00 7.963508296850784207e-01 1.298501814709112079e+00 -1.582558055164507566e-02 -7.844518546019656480e-01 -2.760663585556467903e-03
1.318693737220546947e+00 1.734541594448228308e+00 1.137742396245472909e+00 1.838815951895450773e+00 5.452343942626820539e-01 -3.911232989098324953e-01 5.735349780204650472e-01
1.709273519794212604e+00 2.148905511452666950e+00 1.451582170302306851e+00 2.326087721945401476e+00 1.069043150580885282e+00 -1.672223972235860681e-02 9.351190175650460068e-01
2.088956145635137762e+00 2.535427422155675625e+00 1.809741453565180791e+00 2.750422167764461356e+00 1.559785386318996991e+00 3.314081621143039058e-01 8.743064155665881687e-01
2.426770052195826644e+00 2.912713997630578699e+00 2.243099613614825127e+00 -3.136891865463513174e+00 2.019539804553657891e+00 6.395781300359968391e-01 1.028829025542166820e+00
2.736819535161661765e+00 -2.992660627095519832e+00 2.731293090259326650e+00 -2.688909036027951061e+00 2.431577214387437902e+00 8.842872719787344682e-01 1.526966943755680539e+00
3.041173545147811019e+00 -2.631671185509999233e+00 -3.045310067650361052e+00 -2.123557017306061834e+00 2.775367527046883609e+00 1.077187682280149827e+00 2.084716011994104612e+00
-2.935662297906164397e+00 -2.301634277660503880e+00 -2.512268447584145914e+00 -1.360893322624163959e+00 3.047862656505211820e+00 1.292746164695072864e+00 2.386258515512692302e+00
-2.651204264701675140e+00 -2.012006378240000171e+00 -1.975851407502397405e+00 -3.041312500874250868e-01 -3.070443078936824666e+00 1.581234880980692870e+00 1.949421309910768674e+00
-2.412614472365536944e+00 -1.795272461126774521e+00 -1.568978169296800784e+00 8.038796147793885183e-01 -3.108857100573948706e+00 1.929521508162279853e+00 2.199733938525634258e+00
-2.235862609166880954e+00 -1.743274447699925789e+00 -3.046950363443965859e+00 1.699798946154033485e+00 3.067413088052013403e+00 2.318392514495196899e+00 2.839161166260771196e+00
-2.054125322923301411e+00 -1.751467788002582626e+00 -2.781790632686635956e+00 2.454635614364248042e+00 -3.040790154723360228e+00 2.746049669058088227e+00 -2.718048707744644243e+00
-1.793681719504618632e+00 -1.561748241325700226e+00 -2.208366361903661979e+00 3.135765649948475620e+00 -2.662050372967715184e+00 -3.069844300844043694e+00 -1.981358478763382669e+00
-1.459584574268633972e+00 -1.218492058172285342e+00 -1.609519439034721611e+00 -2.499383940559334771e+00 -2.188072011534876626e+00 -2.565553746188709017e+00 -1.272126354145293403e+00
-1.092730745916120405e+00 -8.121606685496999267e-01 -1.030069816887920320e+00 -1.848534121069922875e+00 -1.656860933955904169e+00 -2.024497823783337758e+00 -6.184410303141509857e-01
-6.892117659179510802e-01 -3.961804636247416855e-01 -4.871838612663693668e-01 -1.159744403326748108e+00 -1.061523241819645635e+00 -1.440258269575137362e+00 -2.643009980232755712e-02
-1.866668119812445459e-01 -3.857650808803274323e-02 -1.187966814437353344e-02 -3.059871665771168869e-01 -3.883422649761240630e-01 -8.046337348042827964e-01 5.009463480581343164e-01
4.359414748794052108e-01 1.512113486198927159e-01 2.613788282053576273e-01 3.091351570289629258e+00 3.715797181889966549e-01 -1.109116596853315234e-01 9.062416732566329625e-01
1.183577687629385533e+00 2.379861639740187551e-01 2.911350019048721260e-01 -2.453466252672384496e+00 1.249870588835485963e+00 6.422063762476988291e-01 1.116957290829779792e+00
2.121804289103349284e+00 3.839556297558781583e-01 3.984859406543570515e-01 -1.786529048422764054e+00 2.335115668154004620e+00 1.230228437929879570e+00 1.259760474275722020e+00
-2.443054519951834092e+00 5.734428715709497526e-01 4.960922356772479169e-01 -1.082051966831202749e+00 -2.308601989607333760e+00 -6.046183320530308380e-01 1.482856110473057321e+00
-6.650004524974585385e-01 7.894098162138108998e-01 -3.442468361161877821e-01 -2.958566992533139262e-01 -3.979369274727066474e-01 3.318195668417345257e-01 1.606971030050668547e+00
3.735694366295511659e-01 1.113049650760928877e+00 -2.060045650436848619e-01 5.492028384869666047e-01 8.014046873956518491e-01 1.246925129337115967e+00 1.582991781495211248e+00
1.250495298160916091e+00 1.545643110708810442e+00 3.174802165796933306e-01 1.395224220019240402e+00 1.703803607744399651e+00 2.093039491125714413e+00 1.846564093863043210e+00
2.053856561757879451e+00 2.056532195713396849e+00 8.895029220398174008e-01 2.214656780927009905e+00 2.477176433945050604e+00 2.882505584660882025e+00 2.365409259589139168e+00
2.786272093536099170e+00 2.620055960156288943e+00 1.425147519354880377e+00 3.002860094230154875e+00 -3.107757815114226219e+00 -2.646143233001273742e+00 2.986810222257046288e+00
-2.847318409796551819e+00 -3.080507371710087483e+00 1.903309906276749341e+00 -2.515923066120987261e+00 -2.474290586973888484e+00 -1.900576744263847040e+00 -2.631248653506677027e+00
-2.278521524584505187e+00 -2.503584281473035578e+00 2.324843925117095811e+00 -1.763477936797877454e+00 -1.918542347800380021e+00 -1.127674653858514509e+00 -1.926405947959694220e+00
-1.818729629009180560e+00 -2.003931830020843297e+00 2.662220395058407352e+00 -1.020920560867751181e+00 -1.543199265181017799e+00 -2.751754022355800133e-01 -1.130910059220241681e+00
-1.475659679803595692e+00 -1.980446638657977543e+00 2.721518362584992801e+00 -2.932632274322502508e-01 -1.705724355151844174e+00 7.377970753895427558e-01 1.272572739135687525e-01
-1.225859688802137804e+00 2.898331749099457788e+00 2.244476159029443529e+00 2.103487965845286800e-01 -1.960346358733769501e+00 1.915292527600669592e+00 2.333957821355051365e+00
-9.667245026653914497e-01 -3.086634828799816432e+00 2.333582808933989394e+00 -1.954180986317669566e+00 -1.646621659877122612e+00 2.984456734183211335e+00 -2.906200060885517189e+00
-6.331791403293868248e-01 -2.642468524484185455e+00 2.800083218877541302e+00 -1.250692077512397304e+00 -1.173241048346458815e+00 -2.513282222769082086e+00 -2.141459832915736161e+00
-3.063931509060052738e-01 -2.027303960641885006e+00 -2.859515848159506213e+00 -5.666982962080623354e-01 -7.108390130133398488e-01 -2.048847526692516574e+00 -1.476575435217517107e+00
-1.065377253728330698e-01 -1.308327592911937121e+00 -2.161975932847720383e+00 7.297894718642156109e-02 -3.542601223357413343e-01 -1.948021702977221992e+00 -8.910737825703757276e-01
-3.303032531506300273e-01 -5.698644894707954878e-01 -1.417857175126481906e+00 5.330734521409684623e-01 -1.721116918365062642e-01 -1.877775027068239622e+00 -3.880473741374915186e-01
-4.937919724678638267e-01 1.413887436905161832e-01 -6.698359625555662111e-01 -5.525800501177595692e-01 -3.173215820459211745e-02 -1.550997828423190006e+00 1.045028279396472033e-02
-2.405575255886783226e-01 7.944994948827841519e-01 -2.193018023925483451e-01 -4.581817566553261778e-01 2.596720938875741735e-01 -1.071943731378704801e+00 2.250584413559376107e-01
1.959715975292503909e-01 1.386219598879536274e+00 -1.565504439844645157e+00 1.011445772690985345e-01 6.824017880440431671e-01 -5.744563172333121415e-01 -5.524451674011544161e-02
7.012400304586855482e-01 1.863917322444820224e+00 -9.383681613619881956e-01 5.799640419599867425e-01 1.132678775120048664e+00 -1.979853832555267534e-01 -3.622579750401237475e-01
1.251106406675816851e+00 2.157918835816043934e+00 -1.897468179026121637e-01 7.998370853396701285e-01 1.552993822752989805e+00 -1.170334400899501748e-01 -6.479568334366693494e-02
1.803149566819927108e+00 2.268955487661613812e+00 5.038396861942109339e-01 5.863011287945252281e-01 1.928043452101151356e+00 -1.233860895992699852e-01 4.058968650685957913e-01
2.314416213992345650e+00 2.316249795893429386e+00 1.131967069413001958e+00 4.322979129535086673e-01 2.243666727561260288e+00 2.186391016999584269e-01 9.037589195383187723e-01
2.734392507846250098e+00 2.536172652181980514e+00 1.667262614849464031e+00 7.265807565326410922e-01 2.461854479648017957e+00 7.864159066566622780e-01 1.391666105046389879e+00
2.974450605935342384e+00 2.894348241744388872e+00 2.098035631836912440e+00 1.368940259294807227e+00 2.627784530250388606e+00 1.453690997226593007e+00 1.864946982615995674e+00
-3.107088827842734879e+00 -2.972932159446080025e+00 2.470767898122811168e+00 -1.537170378030466189e+00 2.918820850706035142e+00 2.166958315923842804e+00 2.312867588643750416e+00
-2.689495616289217406e+00 -2.554561649996077932e+00 2.887059523382527804e+00 -8.267451322512830991e-01 -2.978783979156674810e+00 2.897232527272990854e+00 2.709351901892583125e+00
-1.403663744805533131e+00 -1.982716521391692410e+00 -2.875241450078127148e+00 -1.517548394427929159e-01 -2.618293793666762070e+00 -2.960411135172716257e+00 3.003040937446663339e+00
6.195743431004436808e-01 -8.969102493528761100e-01 -2.297308098863719117e+00 5.393236999620955041e-01 2.797167476222630178e+00 2.144098255772501904e+00 2.849454880667437795e+00
1.487837406530527762e+00 1.670232010311313076e+00 -1.692225604887166002e+00 1.229758637028781854e+00 2.573602009408511471e+00 2.901797775088795550e+00 2.169261497677867467e+00
2.218558083852957719e+00 2.588233638277598558e+00 -1.096358405294711513e+00 1.902907831518901638e+00 3.070443773440707069e+00 -2.552345681340912442e+00 2.341390676269210491e+00
2.929565872219366263e+00 -2.937188076282112092e+00 -5.586514088027594305e-01 2.539548345814206964e+00 -2.673402832874598012e+00 -1.784711132821281909e+00 2.734606578579165781e+00
-2.701005877678343658e+00 -2.229505783092502469e+00 -3.042040592681024780e+00 -3.140070477681465633e+00 -2.212658292824779771e+00 -1.109537849119888842e+00 -3.123260166269973492e+00
-2.108328969929854413e+00 -1.539860023376370401e+00 -2.497631569505463389e+00 -2.526783465645532800e+00 -1.794501571824264730e+00 -5.633608429435899012e-01 -2.609695756407903744e+00
-1.641307789492624014e+00 -8.869720108644140177e-01 -1.986618318813679007e+00 -1.891553432866698747e+00 -1.379778246264211194e+00 -2.051289862490099369e-01 -1.984504128900466347e+00
-1.236118781519355725e+00 -2.794404397017338226e-01 -1.551139067010424366e+00 -1.246718398053127119e+00 -9.513142273915541347e-01 -1.976832229622044537e-02 -1.288245661746979076e+00
-8.230604341458964690e-01 3.254674581232088748e-01 -1.503065312879824811e+00 -6.097810123843634411e-01 -4.930577814356025268e-01 2.021379850229136355e-01 -5.772176093447248801e-01
-3.762132343019340963e-01 9.459689301954378182e-01 -1.933049398025383336e+00 5.582820397285647579e-03 -1.206808054860893358e-03 5.437181403576758498e-01 1.058270041748493456e-01
1.300692125966228241e-01 1.595809894114283534e+00 -1.685987354482318290e+00 5.915536095333383537e-01 5.169615800221560864e-01 9.350832267405542186e-01 7.438368570317082096e-01
6.413769497258935415e-01 2.201345642010544612e+00 -1.153372338156249954e+00 1.137669941682292407e+00 1.031821970902508934e+00 1.296253031701498415e+00 1.335477087540937635e+00
1.129836324952750770e+00 2.559572355815415090e+00 -5.649024464786867039e-01 1.647169371792600145e+00 1.534243790670579477e+00 1.569264560966638689e+00 1.892499162819027969e+00
1.551796164682719636e+00 2.786393314958927281e+00 -2.920749103148903309e-03 2.126754880767930622e+00 2.028838639114414644e+00 1.736564805209202644e+00 2.417096311434001610e+00
1.903654724205368742e+00 -2.877515079202346282e+00 5.416855645333937819e-01 2.568154073028322326e+00 2.531513668835120079e+00 1.851055908882186296e+00 2.914301711027146968e+00
2.199306559902004743e+00 -2.055339314927481009e+00 9.390105577330599695e-01 2.909225323224534421e+00 3.068406519771858409e+00 1.975194876811990685e+00 -2.856655587988989886e+00
2.420244803913000009e+00 -1.260127282023527417e+00 -1.010412531880499065e+00 2.831781523793574173e+00 -2.623534940461471621e+00 2.102247756543262458e+00 -2.285911348853516323e+00
2.541980284182628669e+00 -5.040871694754796017e-01 -5.404359371849530858e-01 2.140903004461748971e+00 -1.933007730320892570e+00 2.216461226349306202e+00 -1.658624312004649770e+00
2.531962784806967903e+00 2.230633280501969629e-01 8.537432533812788771e-02 2.011263248781538060e+00 -9.017914022704339727e-01 2.407990078347007401e+00 -1.073843623024866689e+00
2.564399738382845850e+00 9.026084531317565274e-01 6.825752703990235482e-01 2.113619244646515849e+00 1.857633849663101966e+00 2.743287555344290141e+00 -7.111431094695916943e-01
2.577362251054653441e+00 1.534755506208024034e+00 1.232511858069589739e+00 2.364849273919031880e+00 2.628750229255551130e+00 -3.133345427412202788e+00 -5.058589152362233943e-01
2.543143133109857956e+00 2.126611136907466726e+00 1.744886033935214353e+00 2.793981965912170740e+00 2.928511061476666288e+00 -2.723313175837621891e+00 -1.406115845715835422e-01
2.646694755378312891e+00 2.705045204234255873e+00 2.290229798128825323e+00 -2.973282781190098589e+00 2.848005557912617558e+00 -2.316230176390918327e+00 3.116221953707659087e-01
2.969016767855122918e+00 -2.963093739174676777e+00 2.970600270935094489e+00 -2.451493009967905756e+00 2.963353159812026405e+00 -1.902000271077894711e+00 6.538044371675703070e-01
-2.929160380057324709e+00 -2.283109149271729699e+00 -2.269660273675145223e+00 -1.973090406363321003e+00 -2.991763504792534611e+00 -1.595964736351188407e+00 6.401047622278175364e-01
-2.505129647864746456e+00 -1.501176469988850792e+00 -6.308035300885032060e-01 -1.482718656810941837e+00 -2.544066604272538168e+00 -1.733064122546786878e+00 4.223843658262885770e-01
-2.069490009317044077e+00 -7.384822839147794360e-01 2.933071399082518016e-01 -9.226167816611281491e-01 -2.051900607615972039e+00 -1.878751886158208873e+00 6.720980237452131023e-01
-1.604508785944117610e+00 -1.074308782026671821e-01 8.238379182966198977e-01 -3.419345131578683250e-01 -1.537606747297386889e+00 -1.564682784052518816e+00 1.188078086652812448e+00
-1.124341423532645434e+00 4.282398675933194454e-01 1.275626780067919297e+00 1.172965078878587392e-01 -1.033232092072892128e+00 -1.123800758481390494e+00 1.845376498388104025e+00
-6.457174139555813541e-01 8.747632826016317198e-01 1.703420956669162711e+00 2.144390664970387828e-01 -5.604912890491603461e-01 -6.871805160358953612e-01 2.673603578120238300e+00
-1.617810138992646363e-01 1.290462092834147256e+00 2.140541634157207440e+00 2.958603872370330623e-01 -9.553746198779121401e-02 -2.168249534986438354e-01 -2.110665141458143435e+00
3.107553621880297379e-01 1.701869383104055444e+00 2.657228030260828877e+00 6.985984074898696772e-01 3.861900353770644223e-01 3.546964061974787197e-01 -2.925879976212720779e-01
8.088617389388400580e-01 2.083491094159475310e+00 -2.938956864654776791e+00 1.229527268259090089e+00 9.040646436120611806e-01 9.903897768547684777e-01 5.717867165382659600e-01
1.314764231671618822e+00 2.354739941774472101e+00 -1.436672663957645479e+00 1.757569907564463962e+00 1.420197911415249648e+00 1.583272877227702269e+00 1.199764095969948485e+00
1.825280110626452235e+00 2.490662356149014212e+00 2.345375001292583361e-01 2.237127006868414814e+00 1.914738692718456203e+00 2.075130622705898542e+00 1.732017837899031631e+00
2.321310434001060852e+00 2.688309102166205999e+00 1.044742040573116926e+00 2.657952540889786608e+00 2.382849072394625622e+00 2.437471448292599874e+00 2.159210732795236343e+00
2.779413165105238726e+00 2.995800087540237744e+00 1.707920851764140879e+00 3.000431929252707519e+00 2.805579804707725167e+00 2.563206259285415456e+00 2.342590906060054934e+00
-3.055123448265081976e+00 -2.911355067486082859e+00 2.325701755534868020e+00 -3.006244946188759481e+00 -3.114197418621690527e+00 2.448330428797027558e+00 2.252050101293770812e+00
-2.634922347334890613e+00 -2.524073392286140027e+00 2.912432736094848540e+00 -2.738879179622532245e+00 -2.830183163524652379e+00 2.531793124532000228e+00 2.345988048515458058e+00
-2.177029783345069358e+00 -2.098678437316770840e+00 -2.726865274931548733e+00 -2.423972921404405678e+00 -2.560120833182266686e+00 2.846339771278125319e+00 2.680880612315617917e+00
-1.688034875238498378e+00 -1.638981436359462807e+00 -1.836625886949417419e+00 -2.064882476083477858e+00 -2.271115372744389127e+00 -3.052667382942316987e+00 -3.136341591633921677e+00
-1.163243578834499026e+00 -1.144090866391035188e+00 2.975390402395149403e-01 -1.650587956983869509e+00 -1.929417684788180987e+00 -2.673412127214044975e+00 -2.558044839606048892e+00
-6.362993703890017505e-01 -6.189908699462393082e-01 1.352806354537426703e+00 -1.208593785640218021e+00 -1.572507976019627884e+00 -2.361467093259807193e+00 -1.895122165930977598e+00
-2.267129302766327514e-01 -1.109435635751656601e-01 2.046957647578728334e+00 -8.054728163933443374e-01 -1.210755067328788126e+00 -2.146364268681765886e+00 -1.149282015982208360e+00
5.240275032741908284e-02 3.170915838301305301e-01 2.723562565412141367e+00 -5.030558827512225939e-01 -8.050614606332321399e-01 -1.979662605557193311e+00 -3.496248807743129738e-01
9.240977779507232592e-02 6.263586819233772640e-02 -2.788765811677193174e+00 -3.221771952412240680e-01 -3.692450726004884443e-01 -1.740288673292348598e+00 -2.137431768372215046e+00
2.190949012438577481e-01 -2.840697846135272764e-01 -1.945399502521035329e+00 -1.683394244295031150e-01 3.139503147361269453e-02 -1.390755003580818050e+00 -1.273387392693280384e+00
3.792000120309931832e-01 -1.466436414665873295e-02 -9.975103624007317649e-01 -8.000346840392036753e-04 1.227683040784207369e-01 -9.736213359549946711e-01 -5.026160601588119947e-01
6.468480994161753816e-01 3.604255956948786976e-01 -8.233283974551369733e-02 2.180137484902817946e-01 1.571486792596400381e-02 -5.309084005255697569e-01 1.259745332764939385e-01
8.875990071595007969e-01 5.446476653803938861e-01 5.330235005273255000e-01 4.974403400175910761e-01 1.816025816990656516e-01 -5.816905854239227264e-02 6.577695984586389155e-01
1.147107840447002980e+00 5.492910729679374437e-01 9.260587063943200858e-01 8.483576218134099012e-01 5.886410779990285391e-01 6.053118793182835633e-01 1.152502073746457079e+00
1.285121523403487842e+00 5.314775644714244685e-01 1.076705455906203257e+00 1.212691890411365492e+00 1.020373155990145886e+00 2.181586057940794188e+00 1.598544630876090222e+00
1.147418719192269343e+00 6.965212019488848938e-01 1.203888912229398755e+00 1.535531317288914455e+00 1.493104634740289649e+00 -2.725074836819300295e+00 1.957790941479172320e+00
8.208628694749788846e-01 9.319469661660463311e-01 1.213098676611115811e+00 1.756082226198048657e+00 1.992456382178928953e+00 -2.017302003785850228e+00 2.035247764908266976e+00
9.297652605879821452e-01 1.231804792859094499e+00 1.241504006524750237e+00 1.904377187689426210e+00 2.474320366444891839e+00 -1.462056507899586411e+00 1.290228226336052053e+00
1.223998602202861274e+00 1.553651735074339513e+00 1.396943973446357123e+00 2.095609963485824068e+00 2.880426600570047402e+00 -9.955823725820317494e-01 1.116417797985532312e+00
1.578559333049156965e+00 1.889236748017717460e+00 1.698745162831491351e+00 2.326541482529107530e+00 2.848301521333176822e+00 -6.125507978472698456e-01 1.411632668700886661e+00
1.908996848130600332e+00 2.227118020533036091e+00 2.078900201333629738e+00 2.563744224551123718e+00 3.088241901666515687e+00 -3.237008808940378679e-01 1.806841095836123845e+00
2.177199411649052507e+00 2.532998102760442460e+00 2.476877538887795716e+00 2.786058372487687507e+00 -2.772455091372789227e+00 -1.455112989997262851e-01 2.225820778154298019e+00
2.420957820598922616e+00 2.856064188685432992e+00 2.966661901876022078e+00 3.117270236405743411e+00 -2.217778272630920977e+00 -1.572193131285122558e-01 2.736761423823995898e+00
2.638554155004683377e+00 -3.059331838073569454e+00 -2.762413342607028088e+00 -2.656569889819316632e+00 -1.685890218733233414e+00 -3.440148259624767335e-01 -2.780131378156271538e+00
2.990154798769936395e+00 -2.574903985011072649e+00 -1.999655209945988332e+00 -1.909998306866568685e+00 -1.122592851162388161e+00 -3.170583582146493939e-01 -1.557660145885781722e+00
-2.876082268861792191e+00 -2.040596502162012715e+00 -1.095284509155109332e+00 -9.937913559149890164e-01 -5.406718633867421131e-01 -1.706547147817109346e-03 -3.380929264497294917e-01
-2.305283166908831838e+00 -1.436865707758285815e+00 -1.998055357546142108e-01 -4.453904838117940523e-02 -2.722631692457666563e-02 4.208527059668233372e-01 5.348015178873777309e-01
-1.678361550957649495e+00 -7.080539006639596789e-01 6.355346942824169343e-01 8.393380516206750963e-01 4.820851455173505995e-01 8.543800226215563232e-01 1.237128904058726775e+00
-8.490577448353271439e-01 1.837266048579524191e-01 1.209001434261391283e+00 1.588482425115734564e+00 8.789915254690230384e-01 1.223248385607413447e+00 1.834709235615113565e+00
7.692498615000620266e-01 1.714792963807951764e+00 1.582177393470047821e+00 2.152438460236653750e+00 1.257319635831425808e+00 1.431418404384204868e+00 2.256065423101871303e+00
2.095433376114702373e+00 3.017933397725186762e+00 1.622063843447437703e+00 1.828430068273991127e+00 1.546187833436936554e+00 1.413454695719809751e+00 1.542780885186450179e+00
