1.471358859640669037e+00 -1.525911351701960239e+00 -1.509271113572513423e+00 1.493055496414966044e+00 1.607896008549068334e+00 -1.495614294942010591e+00 -1.469147231351010330e+00
2.334109181377219677e+00 -2.056189794046396457e+00 -3.053252747879632079e+00 2.418500262822231850e+00 2.275439216161792455e+00 -1.780589520962210903e+00 -1.715129810119494058e+00
2.827913325491930419e+00 -2.078249265743806973e+00 -2.769785315731144948e+00 3.130223867990973297e+00 2.899091852345262676e+00 -1.668856148056126587e+00 -1.435801416559935983e+00
3.086965463879088212e+00 -2.021492471305099681e+00 -2.650449698774981488e+00 -2.901805762101076880e+00 -3.018708114637945528e+00 -1.423378982570395745e+00 -9.579433110673142293e-01
-2.891683721003228680e+00 -2.219649639820823861e+00 -2.479134215662314844e+00 -2.580750992881498895e+00 -2.612278075457370896e+00 -1.143338667625612315e+00 -5.079816242159896911e-01
-2.742921377834223851e+00 -2.586113121279314253e+00 -2.347402965979943801e+00 -2.492103282674691833e+00 -2.353994906969365530e+00 -7.184152087650087504e-01 1.266870229071433152e-02
-2.698035048626552523e+00 -2.487732509244431789e+00 -2.131517961473131884e+00 -2.297834746816427742e+00 -2.055369788583414348e+00 -1.964618553109179766e-01 4.667499929783389123e-01
-2.864847578490255398e+00 -2.185271043029062721e+00 -1.997206886210597165e+00 -2.624350689145139803e+00 -2.136414948590940721e+00 4.646573310171452365e-01 9.918947054818018083e-01
-2.832874385910916004e+00 -1.786367069128616869e+00 -2.007865455311577563e+00 -3.130813390110195549e+00 -2.703384122502812126e+00 1.155053449763076889e+00 1.543201986629779698e+00
-2.620142839281473623e+00 -1.325492457348979469e+00 -2.044633937746752395e+00 3.034188107150078029e+00 -2.682972223666313383e+00 1.908092489569318539e+00 2.158626274311211901e+00
-2.272980814709804065e+00 -7.774551158629822156e-01 -1.842008548232497711e+00 -2.961874481629418021e+00 -2.262822690725618369e+00 2.697936719162874475e+00 2.835521523760773821e+00
-1.905040135520883249e+00 -7.576096641112076147e-02 -1.503455986952955792e+00 -2.677969878553111638e+00 -1.816199093027946132e+00 -2.845241613839772032e+00 -2.786761155998266570e+00
-1.541365746081687416e+00 7.801072185425454997e-01 -1.068837914921902499e+00 -2.322130944422367893e+00 -1.360545139848686080e+00 -2.097275126483267194e+00 -2.110398067105329734e+00
-1.237754505002390593e+00 1.586048194798963085e+00 2.283895549006695447e+00 -2.019529116301292504e+00 -9.381015755482975393e-01 -1.362255205184464524e+00 -1.463436024162984683e+00
-1.120275826674409947e+00 2.148146574724160818e+00 2.679967477163069489e+00 -1.781859157281353134e+00 -6.347487361725302479e-01 -5.933887162073039345e-01 -8.208883871857151071e-01
-1.592410841965932855e+00 2.562726075015071103e+00 2.949771750078646892e+00 -1.930796628610632837e+00 -4.075048264784112417e-01 2.532879398193622622e-01 -1.616419480264527364e-01
-2.280264778399632597e+00 2.961657110001653326e+00 -3.073419995565916274e+00 -2.334699392851162347e+00 -4.268950751202001404e-01 1.140977094408349934e+00 3.583215347002098317e-01
-2.345398919906660495e+00 -2.909581638930496261e+00 -2.805698664252846974e+00 -2.230181857201343654e+00 -5.249689748098720354e-01 2.124518141104992264e+00 3.847249848186619081e-01
-2.215407022045383201e+00 -2.490919280511891820e+00 -2.483385974633132154e+00 -1.843729720814925699e+00 -6.634166168177771938e-01 -2.703218315271632033e+00 -5.192122948563233920e-02
-2.097723562988835333e+00 -2.087104105997302117e+00 -2.136396757386515244e+00 -1.405925457305019721e+00 -3.505752614747216223e-01 -3.191809578247283702e-03 3.781840675776243499e-01
-2.002206705468420278e+00 -1.700448961579358542e+00 -1.777054610125319289e+00 -9.891432651839525692e-01 9.494593682250757061e-02 1.066336353278499738e+00 9.580019662903471733e-01
-1.938438146047923416e+00 -1.339558148760336298e+00 -1.471408689047170926e+00 -7.522562131957732934e-01 8.773187388701548795e-01 1.914114507097788076e+00 1.588247991223173949e+00
-1.812374745598211545e+00 -1.033899534125798159e+00 -1.321562462884635192e+00 -1.934539016718274329e+00 -2.678297148652247550e+00 2.674073466492603579e+00 2.204293925539802412e+00
-1.582202834649205192e+00 -8.158352641016399787e-01 -1.293030134687636279e+00 -1.890620482455936724e+00 -1.429115797411169675e+00 -2.954338979398254406e+00 2.729524165957188497e+00
-1.255559366640391694e+00 -6.315862625394976781e-01 -1.114685984513783312e+00 -1.418866547403485834e+00 -6.292526346245462809e-01 -2.448287590606704089e+00 3.078703838894891298e+00
-8.662629019877535752e-01 -3.489224956691865942e-01 -7.620390502691557488e-01 -9.171834743070734763e-01 2.154348216826780238e-01 -2.209207913811804591e+00 -3.079787437658668470e+00
-4.689210481659140117e-01 3.686757829145700938e-02 -4.378764286537863426e-01 -5.579510328605413738e-01 1.052475494918063470e+00 -2.025191886236614724e+00 -2.789234551600943579e+00
-8.736802325613296505e-02 5.800130949829481741e-01 -9.038791066222229276e-01 -1.130246865179064475e+00 1.963196779178014939e+00 -1.687886641734621662e+00 -2.424950064912901215e+00
-5.842477902076116669e-02 -2.682551551522519784e+00 -1.953439082382855574e+00 -2.008170940297308249e+00 2.892348761022571324e+00 -1.278215507293435804e+00 -2.134657874554808377e+00
-1.831991449943172201e+00 -2.191125699598295284e+00 -1.906139045731959358e+00 -1.689783315413706966e+00 -2.575872318905565894e+00 -8.639651255776792382e-01 -1.896607402520006147e+00
-1.658578725687329225e+00 -1.732917408148630267e+00 -1.720511048167202350e+00 -1.246321637106967417e+00 -1.828429872719208760e+00 -4.455823230240562594e-01 -1.460671173084960861e+00
-1.299674309256870774e+00 -1.209628830514998032e+00 -1.394796170029492410e+00 -7.791047823760649527e-01 -1.174586075120189310e+00 3.249456804913843436e-03 -8.583273070125854165e-01
-8.872427151919312083e-01 -6.418812153360249351e-01 -9.683613719911554618e-01 -3.381746122837769875e-01 -5.691976514118454178e-01 4.518405438744015901e-01 -1.888727228381983092e-01
-4.102546587156963298e-01 -6.175973874071779418e-02 -5.002201168329472036e-01 1.082930619478668921e-01 7.105190184745686921e-02 9.506524774577108650e-01 5.115536070076475150e-01
1.240814583690977996e-01 4.819089013539882838e-01 -6.084352162612158277e-02 5.113626681364173976e-01 7.339401032117902623e-01 1.542786730050536681e+00 1.103869553158885353e+00
8.634271496230485621e-01 8.517406146086496932e-01 2.508574229371116626e-01 8.951025146125402010e-01 1.481711910901175377e+00 2.353851433503894253e+00 1.072699268765783698e+00
-2.686816397817393121e+00 -3.578024226528907503e-01 -2.545411843161149434e-01 1.104296341439380713e+00 2.337932494309065135e+00 -2.504907903378257750e+00 1.485459202174086446e-01
-1.496810575902106644e+00 -2.644951644991458406e-01 -5.964370079122829349e-01 1.059013063823702971e+00 -2.562370017023856139e+00 -7.987014403277146180e-01 4.853914021880122998e-01
-7.165112426201095674e-01 3.594125646458180001e-01 -1.444847583647243250e-01 1.200073775025091383e+00 7.140335791966480328e-02 2.979535312931927971e-01 9.748816614073569919e-01
5.062252764571324032e-02 1.094214458431839399e+00 5.018903992953994697e-01 1.685043150738873896e+00 1.080172749762789763e+00 1.197361543288715913e+00 1.547405648858737326e+00
8.123514305079878595e-01 1.858794662617336613e+00 1.218072089485451093e+00 2.294604846019605127e+00 1.886888730580387419e+00 2.014163538464619929e+00 2.148166763629235643e+00
1.600368122457443532e+00 2.602123577848002522e+00 1.988177794957822098e+00 2.903278312835305464e+00 2.623087558509891171e+00 2.781030880830648755e+00 2.712163175450024166e+00
2.425903435218593973e+00 -3.003702262828070069e+00 2.799874728753835029e+00 -2.801710134939288110e+00 -2.946872675672574271e+00 -2.745598796772336314e+00 3.124191362633864877e+00
-2.984350496106705553e+00 -2.450576056635053845e+00 -2.669601334352636357e+00 -2.319986260969673975e+00 -2.248240118472720539e+00 -1.936206622596711835e+00 2.722651445693169414e+00
-1.973057299715119006e+00 -2.026916382337283995e+00 -1.814303647060724556e+00 -1.780858272428121891e+00 -1.412985699020620878e+00 -9.067499715931407467e-01 1.752855494568650974e+00
-7.738018924830107892e-01 -1.566444865534583064e+00 -7.761701185071464559e-01 -9.028888320314587546e-01 -2.677313311986301292e-01 2.711834271582692080e-01 1.352173644355297633e+00
4.214008438596334449e-01 -7.805610748896329998e-01 3.488998926502078213e-01 5.939830561523453678e-01 8.840259126243724674e-01 1.222944753752779556e+00 1.666313342409925680e+00
1.379070158216210151e+00 6.769504758319921933e-01 1.306026761786721835e+00 1.807094318671351951e+00 1.759743826536209976e+00 2.015433069829887014e+00 2.203446533253587525e+00
2.108713491527885786e+00 2.018783679932492081e+00 2.117478851427661013e+00 2.640312708652796658e+00 2.445249923394160252e+00 2.740423464666142284e+00 2.793182462218548601e+00
2.692355300285871778e+00 2.854880961382164628e+00 2.840319120087035021e+00 -2.965478763666090423e+00 2.981675212105911577e+00 -2.874926665374282209e+00 -2.937145504806264462e+00
-3.096342041562478276e+00 -2.798082235632528558e+00 -2.803395666638245576e+00 -2.404560577793901199e+00 -2.913693255474244292e+00 -2.293712905575985062e+00 -2.494638759061294842e+00
-2.701480513109058901e+00 -2.322331582863339072e+00 -2.328445036515987887e+00 -2.085440483438354420e+00 -2.757333183203453331e+00 -1.992142623105327637e+00 -2.291213005979646500e+00
-2.351057826400566153e+00 -1.973078073354173734e+00 -2.124099346807927446e+00 -1.986353118160989473e+00 -2.589331363495797067e+00 -2.524157921788842796e+00 -2.215537737562555343e+00
-2.016713545587531353e+00 -1.648786025733371519e+00 -1.986528805195534764e+00 -1.755054882139578609e+00 -2.276841302223807428e+00 -2.638052187557843542e+00 -1.983971432178785133e+00
-1.646403710276822752e+00 -1.245102574803977014e+00 -1.594413848781599308e+00 -1.316862912523590001e+00 -1.867166454658416574e+00 -2.259666681249769660e+00 -1.606449695007963641e+00
-1.234865172594927785e+00 -7.526137805881937259e-01 -1.046426018140970804e+00 -7.886276788805839377e-01 -1.466762214807553422e+00 -1.759965177669198466e+00 -1.162051831658963197e+00
-7.809290328558697869e-01 -1.964383056885238010e-01 -4.457462815040053594e-01 -2.279717882470442825e-01 -1.075179217262006492e+00 -1.199935750838814430e+00 -6.870488729997419330e-01
-2.708682963108663966e-01 4.069035518640506943e-01 1.725766168090923092e-01 3.876984468541233020e-01 -5.799415600474474575e-01 -5.993536219256329067e-01 -2.351007552294657466e-01
2.782778187672271808e-01 1.033196369959976879e+00 7.783638387226325950e-01 1.056077816990017793e+00 1.363389880504901619e-01 1.054810377808175076e-01 2.035185022355506107e-02
8.669614753530594520e-01 1.641642565960052425e+00 1.327510540044365639e+00 1.822648422107355337e+00 1.185150308982658052e+00 2.371832789919157136e+00 1.467213576078010284e-01
1.437432227447471789e+00 2.146668308546186399e+00 1.471518414896136884e+00 2.674218851006133768e+00 2.242225905623088877e+00 -2.670707161961246801e+00 -2.860185738219523266e+00
1.694322458597519176e+00 2.442734245521939407e+00 4.621246159349685634e-01 -2.769110085006374344e+00 3.121375921237488082e+00 -2.049409670069294531e+00 -2.368172137427510204e+00
6.805767254326799964e-02 2.675654142216802089e+00 6.874429195546681859e-01 -1.961162795812556370e+00 -2.359983253455038454e+00 -1.448941458348469213e+00 -1.782920836803215892e+00
4.541115594664754673e-01 3.084952024414322924e+00 1.134487981970221604e+00 -1.204200347819396555e+00 -1.592138306259104796e+00 -8.346677709260337252e-01 -1.182805778773927452e+00
8.612062890117103686e-01 -2.672968995211283616e+00 1.504860190985605417e+00 -5.092107660063597274e-01 -8.429970764811388628e-01 -2.297368069503388233e-01 -6.205782499388728946e-01
1.213645138786497490e+00 -2.133337117360921908e+00 1.581172637432849859e+00 8.560621718527043622e-02 -1.297596518447067804e-01 3.142562461803399265e-01 -1.665868557092307078e-01
1.561697065892506009e+00 -1.582804462191058192e+00 1.350440011539351781e+00 4.751285178692380984e-01 4.947665976574917024e-01 6.913771297372877100e-01 8.682579222648584283e-02
1.954176566614827859e+00 1.973306703879235569e+00 1.523635372961572365e+00 7.811153828093696516e-01 1.031121057746485770e+00 8.202635237282698277e-01 2.340682105486747988e-01
2.384886688530319709e+00 2.541525825066816680e+00 1.974962878895123009e+00 1.197270724204986481e+00 1.584676142700137680e+00 9.068458641476941917e-01 4.716024729612065536e-01
2.830184302326644197e+00 3.066368328611821958e+00 2.493563406421690942e+00 1.744261442525447015e+00 2.368597473268986509e+00 1.172703142083480365e+00 8.432372983349433193e-01
-3.002574619304123615e+00 -2.747109085486413083e+00 2.994232567347674845e+00 2.338015598080550372e+00 -2.872936675041265708e+00 1.556656422856333100e+00 1.315989327897369110e+00
-2.576316075795271221e+00 -2.376538515802621099e+00 -2.855275463004408376e+00 2.893498792264189934e+00 -1.864218299590827632e+00 2.007705568885757241e+00 1.877782330211832162e+00
-2.178854791812604663e+00 -2.133940016551160834e+00 -2.487127576802742990e+00 -3.036438062034005014e+00 -1.004475205228343437e+00 2.497511018744109634e+00 2.505223144304375094e+00
-1.805066474345804473e+00 -2.009526721870397825e+00 -2.162788279328287988e+00 1.713572769129672935e+00 -2.788169015567860121e-01 2.920190920282998537e+00 -3.113418589377421331e+00
-1.415108821491356084e+00 -1.861215011606230263e+00 -1.834418642465891924e+00 2.050345262714613703e+00 3.063727380577402903e-01 2.251760062491356074e+00 -2.316222760975813699e+00
-9.860720014062666072e-01 -1.599785631394867291e+00 -1.486589531705722056e+00 2.554129696908426617e+00 8.322555878124912043e-01 1.668687885030855966e+00 8.081396599326030605e-01
-5.378678387342596956e-01 -1.304155649584439081e+00 -1.155292377339160792e+00 3.057239660199896569e+00 1.368797998887883782e+00 2.075373670015092653e+00 1.535264444528801286e+00
-1.235060637382423276e-01 -1.056621577943609891e+00 -9.542814214630770397e-01 -2.751889832059191576e+00 1.964976554795190511e+00 2.539841446260053370e+00 2.081854699589396063e+00
-2.025082193878724457e+00 -8.197714813519100252e-01 -1.051635128162944133e+00 -2.242962394761682798e+00 2.595824677056251861e+00 3.000914146311201236e+00 2.612991319923974487e+00
-1.949867637911175455e+00 -4.839177628617518101e-01 -1.093161123489906572e+00 -1.708948466746005757e+00 -3.072296210273849582e+00 -2.838673389469926533e+00 3.126938694861149948e+00
-1.476039026482564243e+00 -3.134667219304487600e-03 -7.817006334988279015e-01 -1.164989610598109904e+00 -2.478683046520061772e+00 -2.426728184523541110e+00 -2.670761566747442028e+00
-9.747615670588600789e-01 6.848654664785321922e-01 -1.390668917840678087e-01 -6.884682795672862898e-01 -2.007126070995776335e+00 -2.109299658343622763e+00 -2.236717364045811340e+00
2.715472781862021456e+00 1.863884779936167524e+00 2.476896371329978308e+00 -8.398444851343894735e-01 -1.861528563421340543e+00 -1.954059751844950732e+00 -1.826498534170823751e+00
-3.084118969591930437e+00 -2.831315937138890071e+00 -2.822022886831138333e+00 -1.523404409152265382e+00 -2.113954122644583045e+00 -1.842840869632931033e+00 -1.397383593782618227e+00
-2.553354314554639348e+00 -1.807726135141348056e+00 -2.191124029101551240e+00 -1.096215698093056412e+00 -1.830644450158093184e+00 -1.557634104199406844e+00 -9.072564211929802225e-01
-2.012392928634161304e+00 -1.004248893212296379e+00 -1.600972290560532141e+00 -3.646008429398320261e-01 -1.213761505722176670e+00 -1.142358634889091951e+00 -3.390372799518823754e-01
-1.456425505317144653e+00 -2.137676311458615863e-01 -1.033795656112301842e+00 6.548434828412167397e-01 -4.397124887811237892e-01 -7.028115145196006663e-01 2.941068912587701534e-01
-9.006721940407815818e-01 9.205933262175032272e-01 -5.276314033614160071e-01 2.020871237432320111e+00 4.986621764300012138e-01 -3.060246451653432787e-01 1.031688263081508516e+00
-3.559256813696450861e-01 3.113161889502769508e+00 -5.237071446706329514e-01 3.032415787690839082e+00 1.560735404283264405e+00 -4.096109991465426980e-02 2.045354866597532961e+00
-3.084686801306202764e+00 -2.241914375729561648e+00 -1.970759123735657425e+00 -2.610128373919352374e+00 2.609740186868195089e+00 -2.459104321805263005e-01 -2.910623617953855380e+00
-2.502361219915372192e+00 -1.625079118841699755e+00 -1.663921574961671590e+00 -2.079988510336230778e+00 -2.743224204656062426e+00 -9.222710972063464796e-01 -2.009062969477420246e+00
-2.000253723389901594e+00 -1.097455796246483706e+00 -1.243359982411916143e+00 -1.553248554972272322e+00 -1.925351720631802044e+00 -7.540388192434731573e-01 -1.371872542140633255e+00
-1.525219229660548903e+00 -6.422845144034133869e-01 -8.382365816821956139e-01 -9.928710053152695059e-01 -1.165747143830057730e+00 -3.103247379598075284e-01 -8.032353685331253823e-01
-1.118127109851345669e+00 -3.049171133585829585e-01 -5.704449340446126060e-01 -4.139715931791129178e-01 -4.340159727915551824e-01 2.251971746868787760e-01 -2.532775319207701825e-01
-8.896624928514124120e-01 -1.461740494862818485e-01 -8.119132051358487479e-01 1.435096801724395355e-01 3.340395964497991366e-01 8.395853794920756785e-01 3.125144876622278911e-01
-1.010642104903567429e+00 -5.651127574399341519e-02 -1.081383241332606771e+00 6.196004125136607144e-01 2.880591609570276823e+00 2.273864374499871222e+00 9.967830914339657067e-01
-1.100785696128866675e+00 1.564382562836114099e-01 -8.447108131978355861e-01 5.044107898017434755e-01 -1.995484911781121307e+00 -1.731824180898786203e+00 2.576162389522346885e+00
-8.289967381195986196e-01 4.990207065396005115e-01 -4.395336099900999938e-01 -1.649213625782354198e-01 -1.305029259881046011e+00 -1.004653439459064046e+00 -1.438392109500802984e+00
-3.945148292228760067e-01 9.140526440862388746e-01 7.838142136533818305e-03 1.913833972937411254e-01 -6.772890770299484497e-01 -3.843545591040445353e-01 -6.518267787767388910e-01
9.690785379947616796e-02 1.357166940081929063e+00 4.535543834565423649e-01 7.408458601487718509e-01 -7.526357907601657904e-02 1.723244222683869287e-01 5.336886854229852539e-03
5.938908198485727263e-01 1.776940636821872532e+00 8.656335911900894242e-01 1.297167027496973990e+00 4.990065683721749412e-01 6.270884556797841070e-01 5.835652998466115404e-01
1.084058379442144338e+00 2.058887733456245428e+00 1.235998230488630112e+00 1.808949283163817423e+00 1.057930119976568717e+00 8.827816204214823381e-01 1.071917381564649885e+00
1.557048282964141883e+00 1.285455488012730907e+00 1.498992590488256393e+00 2.197676241174442158e+00 1.592350564180127659e+00 7.046880811162133940e-01 1.360640805333259484e+00
1.964625663293744884e+00 6.706708005145963769e-01 8.973710321200041307e-01 2.209307166878728523e+00 2.089152600173947771e+00 4.584769894831568493e-01 9.380326301007968492e-01
6.586470708184294365e-01 8.977131011456495058e-01 1.902115997214924026e-01 1.574790464634966414e+00 2.440340300662226625e+00 6.138445278847290965e-01 4.185502321312722929e-01
1.833594575912479985e-01 1.138518704330296671e+00 5.102096531366955290e-01 1.367572862496444275e+00 9.266654037230158680e-01 9.619654860193483925e-01 6.603220132583117463e-01
5.076500876318997824e-01 1.372178800840228696e+00 9.845447040438122244e-01 1.592442755642848207e+00 1.052918250112923948e+00 1.400854700577789602e+00 1.122211017463794258e+00
8.105252442540534785e-01 1.710669137438161735e+00 1.513497574382168365e+00 2.012121086765826128e+00 1.589705665638369902e+00 1.892334184825983145e+00 1.674892351818051184e+00
1.069681377533446387e+00 2.156395108447591191e+00 2.062462452537662472e+00 2.516222898505482863e+00 2.162773120775686397e+00 2.407294232759217500e+00 2.264130574806605622e+00
1.327612087006699415e+00 2.655483831085021951e+00 2.604891711125454368e+00 3.039536828316259154e+00 2.719113708138376051e+00 2.930797058343712180e+00 2.865305849816388584e+00
1.636480655434708664e+00 -3.115842826770628182e+00 3.111929993432804409e+00 -2.718453410779748669e+00 -3.033695403247548938e+00 -2.814980972482581834e+00 -2.806119149736339580e+00
2.023550193329025415e+00 -2.626217499702418134e+00 -2.752705282472469595e+00 -2.203483712095315461e+00 -2.540654702398152498e+00 -2.259669624025723245e+00 -2.180458510688515705e+00
2.459603544107951123e+00 -2.202796968036062175e+00 -2.519759417261876244e+00 -1.700586532969790454e+00 -2.088235796099626285e+00 -1.696845539531845137e+00 -1.522960986634606995e+00
2.896996255624191274e+00 -1.882854715845003302e+00 -2.539444692443475926e+00 -1.262748109663137885e+00 -1.793662673849591549e+00 -1.174658148403472158e+00 -5.933314808594865042e-01
-2.962170815357070275e+00 -1.602721273173255190e+00 -2.534561726714952279e+00 -1.360772478224109738e+00 -2.560054924331213844e+00 2.641730320835923518e+00 2.236944696659648901e+00
-2.546138470244363461e+00 -1.219549078184502200e+00 -2.357143114483347457e+00 -2.525672486650998305e+00 -2.918277410279943140e+00 3.100938548488477053e+00 2.924960034822285948e+00
-2.127704777755864640e+00 -6.856939610574154242e-01 -2.152350130545964024e+00 -2.271839130393135786e+00 -2.532741054441890238e+00 -2.742029210487974655e+00 -2.863410706791336136e+00
-1.789370392320728698e+00 5.059661350710666083e-02 -2.185626184919253312e+00 -1.899843034652400453e+00 -2.080440106543447687e+00 -2.378133418227142748e+00 -2.444567614463246663e+00
-2.128607096553233546e+00 2.420993927697245862e+00 -2.517082928450376844e+00 -1.559157303951487439e+00 -1.649843967473029638e+00 -2.109220619368907368e+00 -2.096032506927221206e+00
-2.840851858174652911e+00 -2.484039842850526369e+00 -2.512146263546600533e+00 -1.278327519224631059e+00 -1.285774703500637495e+00 -1.967143135876329385e+00 -1.884277735703536960e+00
-2.624327527528392601e+00 -1.800880666879758341e+00 -2.246285070612860313e+00 -1.047798805246477061e+00 -1.028015848579444169e+00 -1.981372437154421462e+00 -1.926127981878158701e+00
-3.084464729431358521e+00 -1.214581776165867932e+00 -1.890239639508777048e+00 -8.122959389291253274e-01 -9.352290301220951285e-01 -1.939337637702049699e+00 -1.977273530904834153e+00
2.220324197583912973e+00 -6.618738261902102904e-01 -1.461596993921161491e+00 -4.871567575440424736e-01 -9.591938421761543321e-01 -1.616320858203834199e+00 -1.667354471066742949e+00
2.622259023012406765e+00 -6.870473320935101269e-02 -9.374568492897554783e-01 -1.330931020380065298e-02 -7.327817505676234022e-01 -1.093067825759752143e+00 -1.121263290614848085e+00
3.119081671213635332e+00 6.426866417037570001e-01 -3.158950890816070167e-01 5.661777022630860579e-01 -2.494707268602585071e-01 -4.760012276561934597e-01 -4.712485733686520573e-01
-2.736125929660627509e+00 1.479998251792102648e+00 3.870414270401107970e-01 1.184902526005124468e+00 3.544759339269307752e-01 1.684236351416266153e-01 2.123572913477814739e-01
-2.421475722073212378e+00 2.346837190390696382e+00 1.152390269241862164e+00 1.753637098714894371e+00 9.649795376632498423e-01 7.963461481851346058e-01 8.828525418801548286e-01
-2.144585542120836408e+00 3.129537311415733658e+00 1.971927822425865395e+00 2.193214245140158614e+00 1.540228437031357034e+00 1.398273221837038616e+00 1.528383917649067891e+00
-1.803799596889744450e+00 -2.495870061725022016e+00 2.789689179726374313e+00 2.533299382416981160e+00 2.088529672631435297e+00 2.039037448461077595e+00 2.239108907188130715e+00
-1.429892172022314112e+00 -1.952959648679184479e+00 -2.802680489813381470e+00 2.918933001996523391e+00 2.646392995765140643e+00 -3.136089664620225204e+00 -1.390494116915520495e+00
-1.101536413716900142e+00 -1.478861562369437666e+00 -2.208730240010362333e+00 -2.885558917778272114e+00 -3.062311846424655037e+00 -9.339201371990896172e-01 -2.379062747474524342e-01
-8.838530178801281556e-01 -9.906632092717858606e-01 -1.598392355877612081e+00 -2.399501027964421773e+00 -2.531608109680937968e+00 1.299927754157803768e-02 4.963821576448506634e-01
-7.697288066526845052e-01 -4.114548990849928312e-01 -9.063224112102638008e-01 -2.007711757653339646e+00 -2.128857851634314180e+00 7.796630801913981834e-01 1.336308790290678061e+00
-6.728474746311841059e-01 2.939944589684323484e-01 -1.801870613617801917e-02 -1.868091953675395933e+00 -2.038931988600190870e+00 1.564391637346636443e+00 2.479007321850998036e+00
-7.462010774421371506e-01 1.130524918055473060e+00 1.325884057824187057e+00 -1.882631601772394525e+00 -2.135613385788128316e+00 2.410842443880758523e+00 -2.669967624615879664e+00
-1.605204493318336256e+00 2.053415742267591160e+00 2.594636556160801799e+00 -1.688927379247496807e+00 -1.964424567155613977e+00 -2.976968278838681758e+00 -1.886669219388763308e+00
-1.832357139551227698e+00 2.942202094970403969e+00 -2.846389804605965690e+00 -1.316632357468367154e+00 -1.572930247963656880e+00 -2.098843043459416968e+00 -1.261910286549124960e+00
-1.537023048835302497e+00 -2.564242395435569755e+00 -2.156982725181915139e+00 -8.683315792341830264e-01 -1.077912383464853852e+00 -1.287154117020186339e+00 -6.817766078417540898e-01
-1.117455032796396575e+00 -1.892121271089557633e+00 -1.515155435810561224e+00 -3.847942025309998848e-01 -5.326591447518987943e-01 -5.356133430696872200e-01 -1.121478810838877072e-01
-6.700361428348446946e-01 -1.311254296206583403e+00 -9.022543495283507076e-01 1.292205557603040844e-01 3.822390896631337048e-02 1.741471747123380931e-01 4.590289293744778676e-01
-2.485957390811448786e-01 -8.223165028049831404e-01 -3.303403981247609034e-01 6.492533754448372996e-01 6.087962422995849554e-01 8.467611586740355634e-01 1.016587504928748054e+00
1.209857724689788888e-01 -4.056499652077983908e-01 1.756436753332910605e-01 1.159217533901229835e+00 1.173626839173955938e+00 1.480708450489942152e+00 1.526649240603875413e+00
4.283223764803658073e-01 3.974606289250835409e-03 5.740271175028137662e-01 1.616926527796326285e+00 1.715961746275970423e+00 2.075418672183029223e+00 1.914044852046018264e+00
7.127013549737786224e-01 4.684072637262405858e-01 8.221594107330630896e-01 2.005639740841688834e+00 2.216489662038569453e+00 2.713308742076317337e+00 2.173571407749685935e+00
9.918299667500061201e-01 9.891847027370593848e-01 5.375911392397926536e-02 2.475509576824795221e+00 2.655858026644014824e+00 -2.556884209925728069e+00 2.588757214768232284e+00
1.254904309011585894e+00 1.526961124518611657e+00 -9.176529552543084556e-01 -2.669591494036109847e+00 2.999630100781174313e+00 -1.295787062818660296e+00 -2.917840141890450933e+00
1.464942556295559584e+00 1.225424506291427740e+00 -6.209276837950087335e-01 -1.149546056967426511e+00 -2.344989686751208335e+00 -4.416166943972814618e-01 -1.849315343828371816e+00
1.625117095737207196e+00 5.402500226779460152e-02 -2.035031182097380986e-01 -4.039097460236919512e-01 -2.647281996186003766e-02 2.058512505388741531e-01 -9.029460416387948829e-01
1.715706244863966834e+00 9.683823289438227011e-01 2.271432563033657648e-01 1.124595929830820296e-01 3.341397182446113612e-01 7.589078698245481647e-01 -2.189214106691431405e-01
1.557493985848253271e+00 2.603704770133511204e+00 6.507396739964513843e-01 5.555104852243145652e-01 7.375441519628836984e-01 1.232480829028391289e+00 3.281067111123894264e-01
1.312083363024658667e+00 -2.496437037533107972e+00 1.064688818160418826e+00 9.721016656943683998e-01 1.170013647515988797e+00 1.590834480076302793e+00 8.495154977156693654e-01
1.506995017238893730e+00 -1.798859474802146918e+00 1.506356799582351913e+00 1.426296287725645318e+00 1.658940062574044028e+00 1.861280154673263354e+00 1.398174517302881226e+00
1.966159946301297534e+00 -1.261973745008738268e+00 2.015116334856361657e+00 1.921707767355592456e+00 2.205616620301388942e+00 2.188023558885496822e+00 1.960269358622150682e+00
2.551761288255613103e+00 -8.087307398049421447e-01 2.661058557277578895e+00 2.439409773178750296e+00 2.803808638857018476e+00 2.618604414144031889e+00 2.505774725989832863e+00
-3.005102316525193107e+00 -4.210631387126899661e-01 -2.181882016898199605e+00 2.961734421271740469e+00 -2.821041935977233184e+00 3.067472336220410156e+00 2.993516777147780861e+00
-2.061073878279763072e+00 -8.255762011307551940e-02 -4.134509609745481984e-01 -2.844032693172913628e+00 -2.114301538381988088e+00 3.111923864030624376e+00 -3.000861631939734320e+00
-9.507405267814694749e-01 2.559780718551223910e-01 2.545182282758557402e-01 -2.453105771921856526e+00 -1.306463629996057918e+00 1.787771735798645345e+00 2.908341268708408478e+00
-5.017414376485578725e-02 6.519096991810652275e-01 7.605807549538463608e-01 2.553460894677477278e+00 -3.117655613182491736e-01 1.944508541686432945e+00 2.545630666297089117e+00
6.286184646651606922e-01 1.109917408714894194e+00 1.213134644976236798e+00 1.703510430089275829e+00 7.560311510647631517e-01 2.183625581549387906e+00 2.716963198760134812e+00
1.204982659558344604e+00 1.606201181365978226e+00 1.641495013698374139e+00 1.842696254147347057e+00 1.590842791519002430e+00 2.386481454443440509e+00 2.959983874610452315e+00
1.700020242047308505e+00 2.114166415558089263e+00 2.062156094933830897e+00 2.068751520247624320e+00 2.153592393960209517e+00 2.657055246939930004e+00 -3.097375618753375637e+00
2.127436279861520063e+00 2.604206771126748698e+00 2.494487507927091396e+00 2.394660092140589835e+00 2.563242856691035687e+00 3.022251915738075834e+00 -2.879101751281932131e+00
2.495864368209507411e+00 3.017361289455179563e+00 2.953347731657141928e+00 2.806007640766222000e+00 2.956192130045582456e+00 -2.826371244266361771e+00 -2.603626907903560106e+00
2.767111626485156073e+00 -3.050600741210307554e+00 -2.841905368395672760e+00 -3.034455308693245978e+00 -2.927598917605413575e+00 -2.365164362877810511e+00 -2.261890286754667745e+00
2.900089372916647701e+00 -2.929435291911519190e+00 -2.285219909733837707e+00 -2.574460509348836190e+00 -2.523928116174098957e+00 -1.923677646099887451e+00 -1.877697536456542471e+00
2.795093256709168639e+00 -2.295774052996581993e+00 -1.596508905850924531e+00 -2.127819773606240084e+00 -2.239821855266962203e+00 -1.569319505142331428e+00 -1.491926437064154065e+00
2.554743095839723921e+00 -4.861896711396445636e-01 -7.172747815164778329e-01 -1.712860537112575576e+00 -2.116952746844050992e+00 -1.368093205161584613e+00 -1.124385794271817396e+00
2.363357806911459136e+00 5.896416405517155290e-01 2.098830964680236111e-01 -1.385531241029331895e+00 -1.965324526714811615e+00 -1.286080719141987183e+00 -7.938769642621369416e-01
2.423170369143446745e+00 1.289273676266437407e+00 9.702629794756039150e-01 -1.221311768054823776e+00 -1.637256978034147936e+00 -1.154488333399824818e+00 -6.854403557767660971e-01
2.676987210007296447e+00 1.915915687408057622e+00 1.602801848123718953e+00 -1.162706817936424830e+00 -1.225593994704763157e+00 -9.004411970585888270e-01 -1.192547538240636307e+00
3.052495898513788219e+00 2.503504799414133508e+00 2.172106770422549182e+00 -9.992006921234360961e-01 -8.103821601698303345e-01 -5.656821712199817664e-01 -1.190745507822195792e+00
-2.812595810359230342e+00 3.039695441876447912e+00 2.699752006973887397e+00 -6.945521847474231958e-01 -4.199050159654330039e-01 -1.998371201414925191e-01 -7.849836783214106939e-01
-2.367413780008054580e+00 -2.790611249474320044e+00 -3.086916269119101663e+00 -3.262405056782941570e-01 -8.062919040339784627e-02 1.342263304701822313e-01 -3.107560571759556134e-01
-1.918759231926936426e+00 -2.492225119648400877e+00 -2.615763889553057275e+00 9.362269150633498183e-02 2.107303512913560606e-01 3.701135171078213659e-01 1.570276183286872795e-01
-1.493635794382031978e+00 -2.460794423800985786e+00 -2.161233492584943683e+00 5.539678403661149053e-01 4.602406714565903667e-01 5.098296007291490683e-01 6.093319535540202558e-01
-1.484079794097577176e+00 -2.548782696742226683e+00 -1.753394380751797543e+00 1.076377969338623730e+00 7.606566639564797949e-01 7.373663256664204635e-01 1.078472092672325022e+00
-2.869036104667610054e+00 -2.374723956641062284e+00 -1.515977155061635662e+00 1.664261254678098600e+00 1.149290827838920892e+00 1.130579424927657062e+00 1.587817519003144273e+00
-2.508310684007018843e+00 -1.992363268134784482e+00 -1.770370537753473972e+00 2.334425619408139863e+00 1.595024965606200551e+00 1.619781479350634212e+00 2.154588336201825438e+00
-1.948071478421081304e+00 -1.520803994734301501e+00 -1.951628562101822784e+00 3.112063456123849381e+00 1.964647343791334988e+00 2.090352844742322969e+00 2.813638314708706289e+00
-1.327386163751336223e+00 -1.021941348352660706e+00 -1.686070235259233607e+00 -2.263960241301736342e+00 1.555136420727657232e+00 1.540515037087350381e+00 -2.623173714060428985e+00
-6.502164561473415816e-01 -5.252028585130537053e-01 -1.299106034356894979e+00 -1.117880242127946344e+00 9.918138668575808836e-01 5.208833112951405386e-01 -1.359018086956262472e+00
1.257165099376104100e-01 -4.026646562600702528e-02 -9.411486676767236714e-01 3.494750974425652190e-01 1.359343405644335867e+00 9.573028606752330694e-01 6.420275557359245155e-02
1.108072761591361921e+00 -2.797663793079365302e+00 -1.608424570425205147e+00 1.706857438694037610e+00 1.861534070839175214e+00 1.460342664104412602e+00 1.108914944025525262e+00
2.362459140816113745e+00 -2.376986294245514664e+00 -2.723535293236366339e+00 2.746357985835143012e+00 2.363387831464824007e+00 1.965369519670952636e+00 1.973349741651415190e+00
-2.911836996654816101e+00 -2.049767534139401270e+00 -2.357759997005363317e+00 -2.681698786585612559e+00 2.791866891750899082e+00 2.445399888774141495e+00 2.794383614365226087e+00
-2.277249122263224290e+00 -1.720512632437830147e+00 -1.919552088029814030e+00 -1.965121601206071267e+00 3.047655146003171556e+00 2.878959880990675124e+00 -2.651098793732026948e+00
-1.806099877878971638e+00 -1.326527173753835998e+00 -1.469891204673974494e+00 -1.365300296568257687e+00 -3.076234607419649603e+00 -3.064868411700424566e+00 -1.752953157066702516e+00
-1.368579090798847986e+00 -8.703126026022338646e-01 -1.021392335779456761e+00 -8.593866801741059103e-01 -2.784692369442418602e+00 2.727535868188881718e+00 -8.295360050680660180e-01
-9.085895689596077407e-01 -3.937504872727099481e-01 -5.814460240644185873e-01 -3.865303541541913468e-01 -2.352729719406237763e+00 1.829715281287424000e+00 2.841613000521415328e-02
-4.294559055483498922e-01 3.432469851901013419e-02 -1.909263345051716299e-01 1.062922673565663001e-01 -2.181831246851950290e+00 2.163622704346224612e+00 8.078301649306200982e-01
3.050566306800850391e-02 3.049269169752317210e-01 5.522847279419174776e-02 5.686974282908415779e-01 2.520909221498585318e+00 2.625726123307450699e+00 1.526177239097368021e+00
4.262074548640923388e-01 4.019493879848572981e-01 1.829728903531886719e-01 8.762658058933852079e-01 2.951082164010175202e+00 3.106728584256881476e+00 2.195864806580672735e+00
6.974373986939447212e-01 5.921680992179632064e-01 4.173877894627298080e-01 8.074124845152382823e-01 -2.732901963276086477e+00 -2.694032032671524135e+00 2.825372718241344394e+00
8.556753155947406375e-01 9.549534580495058211e-01 7.834953873221062182e-01 6.861918344124214864e-01 -2.098156326532226501e+00 -2.211448069117553761e+00 -2.835478191969914352e+00
1.009181641195074475e+00 1.372446045954858640e+00 1.152652700004380470e+00 8.569291002674508384e-01 -1.415922742173105764e+00 -1.715101035222341919e+00 -1.973277900020399267e+00
1.234124957535343459e+00 1.737947677201262753e+00 1.388992976371267840e+00 1.172549945129334192e+00 -6.270299497260382049e-01 -1.187803848290504449e+00 5.197748327655363765e-01
1.503160709481973889e+00 1.945953475330843840e+00 1.393787141462495160e+00 1.538676530778755103e+00 4.302171623144564472e-01 -6.037853981666427838e-01 1.456217152146840998e+00
1.781688354129455698e+00 1.961894976111714595e+00 1.414894014583922388e+00 1.941090195064866686e+00 1.754003901464563198e+00 8.027413868218848114e-02 2.104580818405895393e+00
2.060901425407572152e+00 2.033524213507061695e+00 1.668773064860105571e+00 2.381960125413784990e+00 2.752028051233135653e+00 9.584431260568573308e-01 2.704911986046397487e+00
2.354495677961631284e+00 2.301638241972649546e+00 2.062256955246770662e+00 2.845636082523836041e+00 -2.832976493304585563e+00 2.344812840677036991e+00 -3.025680190635448241e+00
2.684078846690503894e+00 2.682334919809057805e+00 2.513395476562151121e+00 -2.976618539648872463e+00 -2.264972357120321078e+00 -2.299774874800365243e+00 -2.554157552254667340e+00
3.044013426366467989e+00 3.107742677507450146e+00 2.984092378595742723e+00 -2.582887805044582485e+00 -1.756527754628901317e+00 -1.017034431981100662e+00 -2.306282460793690259e+00
-2.871463646622733901e+00 -2.732250901605189686e+00 -2.827356815234224996e+00 -2.404092078347329853e+00 -1.236066790391194825e+00 3.098085794994074882e-01 -2.817524348618463570e+00
-2.572398311344066713e+00 -2.291639459895058906e+00 -2.388747413633618866e+00 -2.907718764539466871e+00 -6.327814488998155795e-01 1.386642150599282752e+00 3.017878949420098600e+00
-2.541560231945269255e+00 -1.888760056270215149e+00 -2.073380283800610346e+00 3.059726342585761039e+00 2.070413209554110567e-01 2.162145383903274265e+00 -3.072684150163111472e+00
-2.974939718792575682e+00 -1.591759038622492017e+00 -2.264671753795567621e+00 -3.001662463624418464e+00 1.956786285342110077e+00 2.823986024078530832e+00 -2.733663934494070080e+00
-2.983616964961874451e+00 -1.505846120317962278e+00 -2.824891142852523185e+00 -2.601492849464842383e+00 -2.953556508773992562e+00 -2.828798839443189994e+00 -2.332782830335029978e+00
-2.646451164704804793e+00 -1.653782563747141054e+00 -2.761093908064182312e+00 -2.127450742681643359e+00 -2.164144978145069231e+00 -2.211780513721016472e+00 -1.888071381554957906e+00
-2.205815919087540156e+00 -1.822930988154521925e+00 -2.540988196124800425e+00 -1.616762791767075269e+00 -1.495810026761408285e+00 -1.613063139222548292e+00 -1.408972916387077667e+00
-1.758543297637467306e+00 -1.806438604821618776e+00 -2.282410837360339340e+00 -1.102701194338382207e+00 -8.866409363965962465e-01 -1.056920612871053322e+00 -9.174195199682126933e-01
-1.360702562186350661e+00 -1.562483729650273823e+00 -1.939787117328893196e+00 -6.165244638313271963e-01 -3.410723622929501819e-01 -5.894305194191008512e-01 -4.465764138264912697e-01
-1.098117516847558983e+00 -1.197918715994429339e+00 -1.526303327155927869e+00 -2.037355503363438292e-01 1.144637461182235472e-01 -3.023159219617881366e-01 -6.033717523195468446e-02
-1.136591291367727186e+00 -8.418203531561573305e-01 -1.105099943654077155e+00 -1.931471460885133412e-02 4.132946863106608526e-01 -2.725090939401360601e-01 5.642415472757300599e-02
-1.306766217646484041e+00 -5.897180087709041896e-01 -7.360062637935641527e-01 -1.993342234214484365e-01 5.461518572212537004e-01 -1.893306629382442985e-01 -1.256766126191415645e-01
-1.148113706122444233e+00 -3.829071892706018554e-01 -4.145665529591111009e-01 -1.106941236569235765e-01 6.957564370799316222e-01 1.527772637528095334e-01 2.962428503007252453e-02
-7.583673695705820395e-01 -2.962669270261854976e-02 -3.550257241427476340e-02 4.231312870191269448e-01 1.030607235534913180e+00 6.477884076631655885e-01 4.978062230046788050e-01
-2.618421472342911116e-01 5.118141105376993183e-01 4.821406063520102259e-01 1.255729822772413184e+00 1.522139223253536233e+00 1.218043946674093991e+00 1.116952030150333286e+00
3.568890807040617230e-01 1.218632146972157493e+00 1.216809180060111739e+00 2.470732735226016441e+00 2.167028507324003872e+00 1.848568023739567856e+00 1.897723494175670877e+00
1.926799229697060634e+00 2.107248465885100064e+00 2.454920824010327962e+00 -2.499408108346651058e+00 3.109079005681323782e+00 2.587989470083016386e+00 3.057310954254248259e+00
-2.183539258887858381e+00 -3.088597897939994397e+00 -2.262846761802578932e+00 -1.494760486246643927e+00 -1.701239856643683934e+00 -2.388761737966290433e+00 -1.707772603007766676e+00
-1.501695259063532850e+00 -1.975755215865725001e+00 -1.254259795360871399e+00 -6.578216617240116859e-01 -4.913599872667139823e-01 -1.129272781163702388e-01 -6.457949153547062338e-01
-9.451117240493260852e-01 -1.052726668517079966e+00 -4.680922902323443324e-01 1.384123801779596208e-01 3.562374804130695183e-01 9.090448427936723697e-01 1.680000656162124184e-01
-5.139400796901791857e-01 -3.240049090080324712e-01 2.427778918880047765e-01 9.726707073595810549e-01 1.097598922356507689e+00 1.849851755346813675e+00 9.199092244611950520e-01
-3.803011225247501792e-01 2.052726119928176274e-01 9.080694680808683028e-01 2.015486883215230396e+00 1.826100913049653274e+00 2.964514664121141063e+00 1.689462197042703728e+00
-6.384392958521213357e-01 3.366460699468623585e-01 1.481374927661131213e+00 -2.690492479256934466e+00 2.614033519273997630e+00 -2.052509412571546399e+00 2.715230577636684739e+00
-5.170873071284894928e-01 2.220082500029800510e-01 1.477440796950320934e+00 -1.316074523438118815e+00 -2.108648900585969432e+00 -9.715313026293516119e-01 -8.887596398101279549e-01
-1.055118302091097859e-01 5.590992112703657702e-01 6.393009084526474206e-01 -4.205769801439653288e-01 1.512470112820506474e-01 -1.380955055788959662e-01 -2.701596020802984888e-03
3.858774390635177354e-01 1.124963817636453811e+00 1.078950004705726773e+00 2.883945273140114951e-01 9.316537047918942438e-01 5.127424932435760141e-01 5.667624482696288490e-01
8.457173203484547042e-01 1.739414419022711211e+00 1.675837609803587203e+00 8.659826932298290147e-01 1.539070250499512404e+00 9.772059676759281555e-01 1.019700264045509952e+00
1.166929982739448146e+00 2.311411804943440451e+00 2.236324889960090267e+00 1.309749741413567481e+00 2.003274096411670424e+00 1.262809957053646182e+00 1.410105239523182563e+00
1.250058514181630498e+00 2.712466705950905776e+00 2.534144003078722562e+00 1.625983077306596192e+00 2.169587917195014981e+00 1.504742073581730066e+00 1.772497731759217210e+00
1.380030035323743576e+00 2.805093208795774729e+00 2.124290012802448224e+00 1.920810751887105150e+00 1.963036501214791674e+00 1.805260084777096097e+00 2.123433957732803190e+00
1.775259279085545261e+00 3.030357801689163466e+00 2.295796144789552962e+00 2.284082071706512007e+00 2.016492403516942922e+00 2.086041775494783312e+00 2.470173110543894879e+00
2.334823330253284368e+00 -2.702197699327749003e+00 2.890407859490736531e+00 2.730046006143773241e+00 2.349444552723227719e+00 2.258227803648784171e+00 2.830484125797695150e+00
2.990236572854278130e+00 -2.028383650946009809e+00 -2.696265754304948636e+00 -2.983011502928924141e+00 2.798427512598104627e+00 2.426026248039669930e+00 -3.058982404695326007e+00
-2.574685347148493175e+00 -1.349537026283102570e+00 -1.981316275635485846e+00 -2.295093692347633940e+00 -2.999995483271086449e+00 2.721327691448444330e+00 -2.677388158362724369e+00
-1.817817408883484642e+00 -7.177189352711175196e-01 -1.273309969220981053e+00 -1.524620068576648002e+00 -2.506807182066240536e+00 3.113372924828647914e+00 -2.375041035828215907e+00
-1.077388877933632028e+00 -1.475283571133289562e-01 -5.931712100857632342e-01 -7.769982881325747659e-01 -2.021759320939003235e+00 -2.763183242639880355e+00 -2.149192902684572637e+00
-4.026778336502678801e-01 3.682810663120403283e-01 3.122074037666762447e-02 -1.237853913740810663e-01 -1.505053777473467802e+00 -2.405967097318367109e+00 -1.792842546257902736e+00
1.982647992950878346e-01 8.388053384152278635e-01 5.825828662691090454e-01 4.549316339377288965e-01 -9.095592687126529130e-01 -2.250294136167797276e+00 -1.209065243861383365e+00
7.413292498043295708e-01 1.252470659479588244e+00 1.060851391337326532e+00 9.807377887048316367e-01 -2.345849653221297459e-01 -3.101570731609198717e+00 -4.414485079598499673e-01
1.261044134926140092e+00 1.628805666259370843e+00 1.511851671783631890e+00 1.491391866172050884e+00 4.779744593060438751e-01 2.646899030263149655e+00 4.502131138655096620e-01
1.774886387478135763e+00 2.063802895879172983e+00 1.995423086547710501e+00 2.001761874841694766e+00 1.153458301055352075e+00 2.860422926951622369e+00 1.362201683993323753e+00
2.292849253842825341e+00 2.620712935959838674e+00 2.535580336138976598e+00 2.512850713421587834e+00 1.769867123158443301e+00 -3.110389161232099742e+00 2.222846763752493793e+00
2.823922798311338411e+00 -2.998517984792816726e+00 3.109328312016733431e+00 3.020503771817702798e+00 2.347855642394760078e+00 -2.859828629997048566e+00 3.027844452498964944e+00
-2.913735056063201156e+00 -2.242063369504998516e+00 -2.627958873167883347e+00 -2.757825299130146846e+00 2.908942106332827127e+00 -2.818965394126969226e+00 -2.430327391371976731e+00
-2.358181634136634841e+00 -1.262988469810596204e+00 -2.221450720488893804e+00 -2.159917191711608897e+00 -2.844132304781723963e+00 -2.914951177710293884e+00 -1.398120904345569127e+00
-1.875108104292026123e+00 1.152723961705861777e+00 -2.263234070931889441e+00 -1.292012797497386067e+00 -2.481942097684748383e+00 -2.993309528536544306e+00 -1.703105493840572360e-01
-2.128892249504712009e+00 2.588660037100377398e+00 -2.439013597460104155e+00 4.295257830300719948e-01 -2.595123404348881557e+00 -2.920804903249147433e+00 9.349973368515348549e-01
-2.697906488985603257e+00 -2.751296629938101201e+00 -2.116615740392081779e+00 2.070013211430959732e+00 -2.666286662383212214e+00 -2.606384064740916884e+00 1.881452763779007498e+00
-2.151884951116139977e+00 -1.855408878914359905e+00 -1.585284458612493896e+00 -3.015733115156799649e+00 -2.251953864533737359e+00 -2.126152337216956845e+00 2.740991900091362954e+00
-1.425177276300521267e+00 -9.856166900251150942e-01 -9.809993002862751332e-01 -1.461251769466043626e+00 -1.678259813158671676e+00 -1.590896180845017271e+00 -2.741308115858273720e+00
-6.442124889368341378e-01 -1.570104928414307877e-01 -3.526666151959667039e-01 1.933120362032926809e-01 -1.066255276494378235e+00 -1.094049102046745769e+00 -1.984407223296609235e+00
1.385901177820092478e-01 6.203944350228627336e-01 2.659506700421124803e-01 1.224542696482148196e+00 -4.703157633890873712e-01 -7.764506235336861018e-01 1.866226629294897466e+00
8.673082839335574112e-01 1.336493390869168962e+00 8.267905297013848909e-01 1.987346625912987497e+00 5.416728248521011230e-02 -8.066261075291687455e-01 2.516223200959762263e+00
1.504202882389283902e+00 1.965718458597409457e+00 1.270720991855917026e+00 2.605890101980065321e+00 4.516439161437377225e-01 -7.874680689581617932e-01 3.110973111499137023e+00
2.020508100540931551e+00 2.424333796274075858e+00 1.520230579922575487e+00 3.105997090729426979e+00 6.634303503575447181e-01 -4.731060690489062304e-01 -2.625470315741534666e+00
2.415164323487623221e+00 2.492644712896543879e+00 1.624775724302826907e+00 -2.820309213124465586e+00 8.985590874693089036e-01 -3.967987397161374524e-02 -2.173598435174192378e+00
2.730933198878662704e+00 2.310265563019259893e+00 1.811287650509461944e+00 -2.637655021990346516e+00 1.561193414296631721e+00 4.117431461976587270e-01 -1.994955524303654748e+00
3.019834712392555076e+00 2.490673684608036176e+00 2.155010979975183982e+00 -2.575952226509604426e+00 3.096437822106277604e+00 8.865892319270269883e-01 -2.428142717801430983e+00
-2.950980973036557042e+00 2.897377056259410999e+00 2.622679490348209796e+00 -2.383117822676330988e+00 -2.369698860235415872e+00 1.534942099619815536e+00 -2.451556987168162838e+00
-2.599106407627239435e+00 -2.885855319942518982e+00 -3.101948080744491243e+00 -2.035319909264230898e+00 -1.894718037629982144e+00 2.956139714268287921e+00 -2.100320998977985631e+00
-2.191510508111603528e+00 -2.347386935999704161e+00 -2.467369064603745166e+00 -1.608515021131694311e+00 -1.410586583820748752e+00 -1.918322781287187251e+00 -1.657816189028624709e+00
-1.736904201589492214e+00 -1.820120167733017880e+00 -1.772160444517277611e+00 -1.141993657683108232e+00 -8.669112861423000638e-01 -1.073347379059280904e+00 -1.184048109289815187e+00
-1.249489604453440261e+00 -1.382749887806267841e+00 -1.014156183483008622e+00 -6.313460271485276110e-01 -2.781417881073044440e-01 -3.354562852394776251e-01 -6.783004846541638155e-01
-7.503506644068904663e-01 -1.243377147591654408e+00 -1.613781976932342210e-01 -5.396545431386089164e-02 3.377582668881305983e-01 3.757255226268950143e-01 -1.330270566633972584e-01
-2.689458833616332756e-01 -1.550915268743780162e+00 8.885814522670921756e-01 6.023104842812023740e-01 9.520893907749635732e-01 1.067403275293987486e+00 4.405220916824293398e-01
1.567793990461746889e-01 -1.587163745067279974e+00 2.203717205638596077e+00 1.403186381760836321e+00 1.538051463854873013e+00 1.741000719458358326e+00 1.020252198769959762e+00
3.919976521109774237e-01 -1.439846090570960913e+00 -2.902584124600195103e+00 2.678919745576832323e+00 2.031596143174351887e+00 2.389753041280420209e+00 1.493818505288828202e+00
2.536522258723984680e-02 -1.292213826138691291e+00 -1.948163799013927333e+00 -1.677855424880469792e+00 2.254539711638109178e+00 2.957843915949518898e+00 6.100248568547922412e-01
-3.310761957105612940e-01 -1.061077636621694076e+00 -1.024951191256249894e+00 -5.670350983028092928e-01 2.031625321802850603e+00 9.488968108665580825e-01 3.154769561968827074e-01
-7.233208536733802541e-02 -6.997941144559708393e-01 2.181350296862290261e-02 3.647949870999962485e-01 2.060804605664169564e+00 1.371316895816664605e+00 8.136134381662916137e-01
3.599643098186963708e-01 -3.016672194999375778e-01 1.325950382735948674e+00 1.522792547713149203e+00 2.414592073657921389e+00 2.010035149176829350e+00 1.365361725425452200e+00
8.631331543307294574e-01 -1.651781712685207015e+00 2.611671427028460890e+00 -3.109530476513154618e+00 2.856198405040920818e+00 2.682902569559394657e+00 1.879374890593918268e+00
1.352387114753394792e+00 -1.900491165900972002e+00 -2.691527076343745328e+00 -1.931549277769335049e+00 -2.977429458070726120e+00 -2.912274663104888361e+00 2.083304638319802837e+00
-1.102938238152149530e+00 -1.368643121754805847e+00 -1.924009782341133956e+00 -1.184213095898935864e+00 -2.587897778336806898e+00 -2.245238486425000790e+00 1.737413254039998467e+00
-5.953743540963128966e-01 -8.194488794625572892e-01 -1.316689850678175455e+00 -7.068951836453498672e-01 -2.294104162361470856e+00 -1.736333663237229041e+00 2.120271531955142841e+00
-8.351217743730578180e-02 -3.302022117175359428e-01 -8.876353594126178415e-01 -5.266961048595931727e-01 -2.061240938395024980e+00 -2.419992483012867623e+00 2.872392569156733355e+00
3.244039488146628347e-01 3.848437254935087315e-02 -6.035760991113936491e-01 -4.570447924143202223e-01 -1.734929084466596549e+00 -2.419326575614380026e+00 -2.495663610872722149e+00
5.193779693514132267e-01 2.730111026631789062e-01 -3.015466698091780473e-01 -2.005055621907319841e-01 -1.264015293475950985e+00 -1.778376477103650322e+00 -1.516291163727819358e+00
5.458239924699764822e-01 4.731244047089959714e-01 8.693813819579149227e-02 1.832924198392544557e-01 -6.656602546829261113e-01 -1.029136611410560675e+00 -5.922050746296936286e-01
7.533026405064416897e-01 7.367314114321297236e-01 5.109494691358559271e-01 6.192366927306520719e-01 1.237130380131655771e-01 1.650718210912687445e+00 1.983623907991665658e-01
1.111819599901312294e+00 1.039762750583553608e+00 8.253972000449238955e-01 1.024395651445579203e+00 1.401725027125992007e+00 -2.967518316149706958e+00 6.666255892269125072e-01
1.486124825834121754e+00 1.294732302797444889e+00 4.347152350896217876e-01 1.325453645149888393e+00 2.804780978845940798e+00 -2.405254276558529636e+00 2.317865271738271393e-01
1.764136508476963794e+00 1.353281250102487121e+00 -6.372614054897836333e-02 1.467727029740612865e+00 -2.645496251291774126e+00 -2.017109577493381156e+00 3.201588450020250165e-01
1.563915770340889688e+00 1.155343829626152230e+00 2.080206075447652292e-01 1.409912677422785032e+00 -1.972425555884568693e+00 -1.683813769668545790e+00 6.090724664850898362e-01
3.048237101122052151e-01 1.097608449058787183e+00 5.897634110419799347e-01 8.700234240337370029e-01 -1.303226044892114022e+00 -1.230562686482253865e+00 -7.076111123709580841e-01
4.740360014775194530e-01 1.274483753322943613e+00 9.511872774582044165e-01 7.358832408252533597e-01 -6.244739165259912683e-01 -6.535344289642457394e-01 -2.494972307841579751e-01
8.918777565610827018e-01 1.528855981708988399e+00 1.276141009133790583e+00 1.094207398716657176e+00 4.596000758659656710e-02 -2.115146117420331831e-02 4.203339874657841535e-01
1.363208855221363036e+00 1.796784930840442440e+00 1.612578213711316488e+00 1.596024577118600352e+00 6.888702206934071981e-01 6.016938386965768881e-01 1.102376213161676555e+00
1.831875140961415571e+00 2.104460417432622243e+00 2.004104955602655558e+00 2.120128426924571041e+00 1.257913613239531214e+00 1.113946906860410646e+00 1.732345324458376412e+00
2.273528827036385369e+00 2.479213385179914297e+00 2.445646715599650634e+00 2.595098789612908519e+00 1.689145640224264167e+00 1.324035121947653382e+00 2.222728774254095097e+00
2.676423408752456989e+00 2.898819313093885963e+00 2.904076825007226414e+00 2.939129069132007110e+00 1.946973889788001566e+00 1.294531011412275667e+00 2.356055126304708480e+00
3.032169070824594748e+00 -2.968800488643863478e+00 -2.948797382540612855e+00 3.059324688181941809e+00 2.208430931806646846e+00 1.595193696040285936e+00 2.247870407337994259e+00
-2.926871110633818773e+00 -2.609039453732547642e+00 -2.590353131579665735e+00 -3.128153262294374404e+00 2.647957266447835245e+00 2.147638561178485173e+00 2.561634323338541908e+00
-2.605984267054649806e+00 -2.346744907599680907e+00 -2.326720612891636897e+00 -2.807851624501799925e+00 -3.065054288108073344e+00 2.807838563200385273e+00 3.132907781171382577e+00
-2.253256147428412071e+00 -2.160218611624542984e+00 -2.092975846451835764e+00 -2.311065292858794695e+00 -2.423752647062296983e+00 -2.755487468119341976e+00 -2.443210012998518366e+00
-1.876963535108565839e+00 -1.962026722310903359e+00 -1.805016295792038150e+00 -1.733402758581749525e+00 -1.775890605988823978e+00 -1.992263179157810482e+00 -1.603832372618261282e+00
-1.523018525859876737e+00 -1.712536456166158017e+00 -1.471262208098635949e+00 -1.127194067494315499e+00 -1.240062559478755988e+00 -1.058458324888869484e+00 -5.224713600741041075e-01
-1.249750274074630463e+00 -1.419231990354815842e+00 -1.143329301743961635e+00 -5.906383959277231588e-01 -1.406486049845693698e+00 2.590148869083424454e+00 9.313743541671751780e-01
-9.945729116651870205e-01 -1.050913142019588742e+00 -7.729758694449212486e-01 -1.041580555671128838e+00 -1.559548992030812320e+00 -2.752746542403938346e+00 2.315301900540023272e+00
-5.825268098833430441e-01 -5.716343962256379418e-01 -2.090899809653060937e-01 -1.251111996926999037e+00 -9.524540865677945112e-01 -1.720311417872580906e+00 -2.835533056600139989e+00
9.094205186513291961e-03 6.774946788380685828e-03 5.765904224521598564e-01 -3.698541033121881538e-01 -2.040578300805223899e-01 -4.537328999324117262e-01 -1.464767970320365986e+00
7.248236728260417649e-01 6.558393401199260619e-01 1.468217066599861731e+00 7.975875619986179110e-01 5.620849225796026305e-01 8.511532952224002413e-01 8.995433054494490488e-01
1.492684543565870436e+00 1.347636244189917454e+00 2.309033680939533539e+00 1.850773297868703926e+00 1.300671706860338839e+00 1.838307909221824632e+00 1.964690293929636455e+00
2.247506784497432353e+00 2.053183599537194759e+00 3.040700342578523063e+00 2.669989748180458644e+00 2.006214304399635662e+00 2.612546678340030848e+00 2.715944722228540886e+00
2.934129417296165165e+00 2.734933447751718205e+00 -2.611261657781994927e+00 -2.940044844959550652e+00 2.675290291772164153e+00 -2.967727679915944439e+00 -2.882786734464623191e+00
-2.759255565478805572e+00 -2.911634792839818076e+00 -2.071338301672984716e+00 -2.365120609683891040e+00 -2.986213311810005600e+00 -2.303219259610576941e+00 -2.238582682636574006e+00
-2.240076292776600475e+00 -2.325316553428248056e+00 -1.613262845946764834e+00 -1.855766354882891989e+00 -2.406047973057588329e+00 -1.714181275784399494e+00 -1.657537399508657083e+00
-1.757776650399674123e+00 -1.796752850515170419e+00 -1.234982613266803808e+00 -1.405572548470346961e+00 -1.851666145419527343e+00 -1.316426356011762611e+00 -1.197453880869051801e+00
-1.288695498447945509e+00 -1.313560011731236932e+00 -9.200996172669313466e-01 -9.791793622103699413e-01 -1.267910467439328226e+00 -1.142091492001250375e+00 -8.466616946995233484e-01
-8.436240995048414071e-01 -8.518259335031755919e-01 -6.306895640489651456e-01 -5.450924715140014198e-01 -6.145181193050813784e-01 -9.206950728835305853e-01 -4.631950004963087952e-01
-4.488519134782011366e-01 -4.072536356554103953e-01 -3.742199047507332454e-01 -1.565804129354401164e-01 1.132024159993014062e-01 -5.526403867649937185e-01 3.471295206456213780e-03
-9.672712026260821272e-02 -8.154267903757843328e-02 -2.323512476815332572e-01 1.310267292476670897e-01 9.404771339552902010e-01 9.207479102283150363e-02 6.376370212874510335e-01
2.401756100367738178e-01 -1.020728055637877052e+00 -2.645981834592903148e-01 3.198545294200498268e-01 1.828460391546536279e+00 1.056980047026520264e+00 1.670904483427598564e+00
6.048010416201928807e-01 -1.394897128853828772e+00 -2.593632881536730439e-01 -1.386544649482639668e+00 2.671850551917967387e+00 2.129669696104541377e+00 2.839719212715490659e+00
9.558604628901308242e-01 -1.103203355613608938e+00 -2.647716526488832489e-01 -1.752246441361135165e+00 -2.845922957389981800e+00 3.122370834252866878e+00 -2.513730513174425862e+00
1.095748268186252483e+00 -7.978453181395236404e-01 -3.952503495054776605e-01 -1.226377013375520741e+00 -2.140439833139887504e+00 -2.253208988552109826e+00 -1.713593174907291239e+00
-1.336979358545427876e-01 -4.820343058240684209e-01 -2.893950209942535712e-01 -6.641514126582247490e-01 -1.456101668996882204e+00 -1.390546851960775099e+00 -9.668187464072753867e-01
-1.483707965263439676e-01 -1.403021672543771081e-01 6.602567842440916490e-02 -1.032582170771136482e-01 -7.866577452266153569e-01 -5.557640547505634521e-01 -2.610280761393953819e-01
2.294492145238009040e-01 1.675373550482042451e-01 4.465041202073162241e-01 4.143729442030677501e-01 -1.298993680052953903e-01 2.578723397251485583e-01 3.618085632458651890e-01
6.688805338996371974e-01 3.851442881486094594e-01 6.115106230024874856e-01 8.573873411507957343e-01 5.333131568623424856e-01 1.091788534132448252e+00 7.309347889220650929e-01
1.085048315173051003e+00 5.359993565951973737e-01 2.017465390358683386e-01 1.158810052009796587e+00 1.207382569258028004e+00 2.134419802403826338e+00 4.791856537453664244e-01
1.441974146713269622e+00 6.998919934732497072e-01 6.504575328240633225e-02 1.396878841229284074e+00 1.926417652216339427e+00 -3.063489401009148239e+00 7.734089173799429950e-01
1.674663457186294169e+00 8.908814701193030761e-01 2.608254418181168988e-01 1.754015105636856475e+00 2.718600425760627992e+00 -2.395325698360255995e+00 1.846576684396048496e+00
1.521639782882679981e+00 1.097092531154365114e+00 4.644034787333655712e-01 2.242887221723445901e+00 -2.737640710855184789e+00 -1.706247790871451731e+00 -2.118517245724733655e+00
6.267254125155759248e-02 1.305711835578578617e+00 5.948674034260170718e-01 -3.225615855200684723e-01 -1.964765132047292973e+00 -9.958709098800307968e-01 -1.034901704156346858e+00
9.160169001383663967e-02 1.438210622100849045e+00 7.318969604416228902e-01 2.572896393525894165e-01 -1.357095801660439749e+00 -3.183153153041799466e-01 -2.791540786815398523e-01
3.471630856135390908e-01 1.216854425898858949e+00 9.063257684715541052e-01 7.393136608369043072e-01 -9.097166609266229553e-01 2.611798839892297552e-01 2.917911751630257733e-01
6.013467497402499307e-01 8.599415776425930469e-01 1.084016061896923455e+00 1.039042313125028594e+00 -4.860491460257042040e-01 6.545661791269834495e-01 5.815173907817273724e-01
8.587866824965423307e-01 1.028360926184614055e+00 1.274904918852392655e+00 1.121763267213494064e+00 4.764455689861643410e-03 7.415485238075651964e-01 6.407839367956336130e-01
1.208125071769154957e+00 1.446388857936161232e+00 1.549725056775771215e+00 1.321986263298330355e+00 5.698261409062858052e-01 7.178914397236798584e-01 9.298149614176250966e-01
1.644847738728745457e+00 1.952473781659115337e+00 1.919985390206797593e+00 1.713342713638272174e+00 1.168256329887588763e+00 9.041212498665963659e-01 1.404305170103252287e+00
2.130470466712950817e+00 2.489461867549901619e+00 2.342340598294113008e+00 2.168080743111227449e+00 1.782419837583820055e+00 1.245415072001214707e+00 1.928613452045758292e+00
2.634697123514453398e+00 3.032193152141062775e+00 2.749493804518607920e+00 2.572848151948932127e+00 2.395010990179492705e+00 1.511878674758765584e+00 2.395804718142246159e+00
3.123328102241451187e+00 -2.743100437779084633e+00 2.951447595675374291e+00 2.736885944821911387e+00 2.996803237973653555e+00 1.402341607994679329e+00 1.852524325507167502e+00
-2.793415474971038481e+00 1.960239446115705997e+00 2.454209447797728760e+00 2.512940629189027053e+00 -2.597339936102083691e+00 1.354794843470908949e+00 9.962278438881283504e-01
1.627413037953215458e+00 1.752010677124135940e+00 2.298095821359253055e+00 2.354055610822984423e+00 5.018825907453299262e-01 1.655579487375588243e+00 1.381792219723500414e+00
1.863315810955068486e+00 2.248999508843664952e+00 2.618175932769089886e+00 2.464497906939335348e+00 1.330839828090672805e+00 2.048456560550481420e+00 1.818146283858576906e+00
2.343942627175983784e+00 2.747246857708770307e+00 3.025392675274957366e+00 2.710170797493351991e+00 1.964309810292704350e+00 2.468656543422951266e+00 2.276915401376156556e+00
2.856467079430216049e+00 -3.057952631547162792e+00 -2.841126278396243432e+00 3.086990053172576687e+00 2.593425533086468615e+00 2.943107365002552545e+00 2.803571233009168218e+00
-2.908280126295383905e+00 -2.608159487683828992e+00 -2.433576766052589768e+00 -2.724630196296933260e+00 -3.060336644413144125e+00 -2.816923239012229185e+00 -2.878516530765622861e+00
-2.390106586084564722e+00 -2.200631767808177042e+00 -2.032983121514900571e+00 -2.174781599467456417e+00 -2.422396248406675667e+00 -2.270014451116279641e+00 -2.201562946712687818e+00
-1.902946825691336219e+00 -1.860528062207760680e+00 -1.634112887691316907e+00 -1.587957953956580681e+00 -1.793035440099036482e+00 -1.758985736716848658e+00 -1.434069161681199578e+00
-1.487495915985878270e+00 -1.615299531372065278e+00 -1.234132403857443272e+00 -1.003672711838810239e+00 -1.190251227853117211e+00 -1.534796618518567746e+00 3.476782951023278390e-01
-1.200714048765278541e+00 -1.512289200487522578e+00 -8.775276829469553785e-01 -4.908661994035575793e-01 -7.206416876813596106e-01 -2.832296890026313463e+00 2.761119820071650910e+00
-1.043092772963571724e+00 -1.482009195321759121e+00 -7.112384502773200223e-01 -2.711411835343109367e-01 -1.681868103929989644e+00 -2.635177487920442374e+00 -2.718279743033090057e+00
-8.896367654995944729e-01 -1.261062802046271081e+00 -7.762508417227979018e-01 -7.985603989861623786e-01 -1.868265379575212881e+00 -2.183568239612548201e+00 -2.058809930596893878e+00
-6.887246065131277240e-01 -8.415914357924930700e-01 -6.426499574629936928e-01 -1.247846475302198721e+00 -1.382371424816463135e+00 -1.713375348079889227e+00 -1.568886067088110847e+00
-4.577345235917453792e-01 -3.482158719449415796e-01 -2.786414404327598460e-01 -1.052639060730589105e+00 -8.520484473668266112e-01 -1.229884874847558818e+00 -1.232860185458699354e+00
-1.972393284799501545e-01 1.202953342256959102e-01 1.385785226696585881e-01 -5.472515076236621479e-01 -3.129262231075486955e-01 -6.988484688068639095e-01 -8.035751365529834045e-01
1.520762912749391849e-01 5.279980308282041790e-01 5.748131726543038722e-01 1.188758103732672627e-01 2.762640406858170583e-01 -1.002859845648078063e-01 -1.886498649543449369e-01
5.807770315528457683e-01 1.007422644977875814e+00 1.071269584928159047e+00 8.477136123748104657e-01 9.042152552903994778e-01 5.559201140533092111e-01 5.278650145011207773e-01
1.079909030416029259e+00 -2.893504099024511333e+00 1.704539048225042430e+00 1.618945406067629822e+00 1.560077040518489833e+00 1.264165177867235368e+00 1.293724784666058447e+00
1.618575027732216620e+00 -2.020176035579473783e+00 2.529402428841260875e+00 2.406224331402099903e+00 2.204332777103363838e+00 2.007741025874271834e+00 2.054316563922141459e+00
2.171672864715062712e+00 -1.583937246346818650e+00 -2.811052051207658220e+00 -3.109472802885495657e+00 2.798139937426482149e+00 2.775170977346600676e+00 2.750245225151992656e+00
2.705486253606557145e+00 -1.246778351892384284e+00 -1.990447808024640164e+00 -2.390909282225854415e+00 -2.960420224129175715e+00 -2.712005234580035840e+00 -2.960197590048989635e+00
-3.126258019111549658e+00 -1.074457672167732802e+00 -1.443474843209146208e+00 -1.785755000946527948e+00 -2.548050995741999891e+00 -1.897368796406730507e+00 -2.565892335986101891e+00
-2.760037833469186630e+00 -1.088116319790274344e+00 -1.302117868782965315e+00 -1.317595994029230555e+00 -2.249826864580147578e+00 -9.990843139421816677e-01 -2.235042185074593402e+00
-2.434728476309139023e+00 -9.841268589108053133e-01 -1.430288262719195957e+00 -9.673882922150898178e-01 -2.024682988133335471e+00 1.106534348065111972e+00 -1.832721000004558176e+00
-2.026128503077208265e+00 -6.690096830709441056e-01 -1.219355773779475571e+00 -7.012288826318706647e-01 -1.756304964339644670e+00 2.665660478411751910e+00 -1.375464225389045447e+00
-1.550147754132467304e+00 -2.499986315532541081e-01 -8.027311529530839485e-01 -5.007489558001294583e-01 -1.426857582802098623e+00 -3.037002233923770333e+00 -9.579576277018114761e-01
-1.051740486898049776e+00 1.926720182471013121e-01 -3.625172292282225484e-01 -3.260924212252054866e-01 -1.054132053288745485e+00 -2.491598181115086685e+00 -6.107342206300429011e-01
-5.775052208095123873e-01 5.912499305467998623e-01 2.027907289391543688e-02 -2.027424213729518004e-02 -6.387494513609043301e-01 -1.946911307089879362e+00 -2.329036757733828622e-01
-1.784149188206554382e-01 8.422170410683116337e-01 2.893786942524985140e-01 3.801591160375154543e-01 -1.898313641347650904e-01 -1.527934098913665162e+00 2.185742290367437557e-01
1.396762693768802133e-01 8.342764037776595476e-01 4.437780480412779616e-01 8.111816944534628870e-01 3.038241606322798494e-01 -1.745351955881870198e+00 7.536424479528760489e-01
3.766835747348417640e-01 7.053089000604827463e-01 4.962062639946709375e-01 1.144955152462163728e+00 8.194131640134536543e-01 -1.954043478708808790e+00 2.149564613835849958e+00
5.618422035008560078e-01 7.368879469480527078e-01 5.029390459579999861e-01 1.041498940505316773e+00 1.365266527624258819e+00 -1.587695381562115760e+00 -1.439744899000561462e+00
6.503642388023076482e-01 8.930841469859999160e-01 5.509674645303072049e-01 3.579278954396143964e-01 2.014032857148531530e+00 -1.098796427840048828e+00 -8.243780454107677569e-01
6.260658107539774919e-01 1.093823077283034628e+00 7.078459180746493606e-01 4.664141653862459158e-01 -1.009649180868502416e+00 -5.882396387792275805e-01 -2.225670335161253899e-01
6.255395942174492019e-01 1.325392000537181758e+00 9.358330590212332600e-01 7.984742840550359544e-01 -4.608718531449462197e-01 -7.965326599372622718e-02 3.510714674570782901e-01
8.253749248371374803e-01 1.593545845995585131e+00 1.184967369295743200e+00 1.170189845170888532e+00 3.947357181182053706e-04 4.227543408552236204e-01 8.890187345105871053e-01
1.155322431353769996e+00 1.872345310327919954e+00 1.437994260996033002e+00 1.544029898750383767e+00 4.325411393474078436e-01 9.132375854278327321e-01 1.384046389305311653e+00
1.529212928016745909e+00 2.132182972373658725e+00 1.730182756970417124e+00 1.932784041363531990e+00 8.646587711293455270e-01 1.401354621390535460e+00 1.857633166142704573e+00
1.898731866428172266e+00 2.394080033261414275e+00 2.088334757641470585e+00 2.332916078503892265e+00 1.253554154926409758e+00 1.883895217477258743e+00 2.319509582589828867e+00
2.250632508879149007e+00 2.705671953608276059e+00 2.488757000077955084e+00 2.709659959263330808e+00 1.569680880138373702e+00 2.328475265951094997e+00 2.689305398890926568e+00
2.583003380397138393e+00 3.058405402436260356e+00 2.873396586491939519e+00 3.034006427624309055e+00 1.798843478596894530e+00 2.603160486289387787e+00 1.309876846082799196e+00
2.864941214923057089e+00 -2.953591294602268658e+00 -3.137528025767493567e+00 -3.060818995429559486e+00 1.992739020096568003e+00 1.962215571481053411e+00 1.105001827658957936e+00
3.058744114136259462e+00 -3.131925115338801913e+00 -3.058590155318746007e+00 -3.013473976293259859e+00 2.199694834144116040e+00 1.521105386720521313e+00 1.560129768070127820e+00
-3.138291780985254853e+00 2.787878197177902528e+00 -3.043953072994464826e+00 -3.008193103080759823e+00 2.280120371794687628e+00 1.710429317146824113e+00 2.031962601165330007e+00
-3.042869812579676481e+00 2.957977729408615808e+00 -2.895215625579671936e+00 -2.923040888610894950e+00 2.117923693739988344e+00 1.972526210075593145e+00 2.439327278044316039e+00
-2.860407310964907079e+00 -3.021552403061305458e+00 -2.685485616947770993e+00 -2.755104400006360699e+00 2.140064542646757495e+00 2.305088073877760824e+00 2.781796205591760440e+00
-2.583226379055447275e+00 -2.707029249456702313e+00 -2.450925838436070592e+00 -2.410780337917646232e+00 2.445033602211827084e+00 2.731045959363556541e+00 -3.116227139710860516e+00
-2.256698221525009984e+00 -2.353803000129747858e+00 -2.149928844030968289e+00 -1.953401009543243694e+00 2.728497987031151872e+00 -3.102632383861201770e+00 -2.655217356889132407e+00
-1.914813341677741088e+00 -1.952285643824904549e+00 -1.788325496463700537e+00 -1.446076752412639888e+00 2.765221139622653812e+00 -2.726814638780727496e+00 -2.122717824824553290e+00
-1.615243492326975616e+00 -1.552421374796852938e+00 -1.470919286468089116e+00 -9.478213925934936279e-01 2.577227971369751014e+00 -2.601119079166035242e+00 -1.525562844424957598e+00
-1.390966681118251280e+00 -1.187728891619123095e+00 -1.296124796362614129e+00 -5.073532459397868122e-01 2.654473816890921434e+00 -2.678260126408311237e+00 -7.948557720230416956e-01
-1.198228433530950765e+00 -8.350463470267758259e-01 -1.187321312165161125e+00 -1.271688828260944815e-01 2.798162790431652613e+00 -2.604273288403182285e+00 1.427320493773930610e-01
-9.546915694734203761e-01 -4.743610934130507717e-01 -1.015645652299822732e+00 1.681933163044890545e-01 2.800020505827502060e+00 -2.468802402866591805e+00 1.087140082687331644e+00
-6.502965484943807883e-01 -1.583826256250706332e-01 -8.113727407295591165e-01 5.515901359487295208e-01 2.586725972265041751e+00 -2.540461774621690427e+00 1.873003148808674245e+00
-3.601319608558546936e-01 -6.282011645930629662e-02 -6.644452114904011442e-01 1.010257753069451203e+00 2.726127696959977698e+00 -2.467847558563473598e+00 2.541506033936782316e+00
-1.193519489468619355e-01 -2.407475669723269929e-01 -5.619567977507475831e-01 1.482012542081158291e+00 3.093239754422682619e+00 -2.132061644072796636e+00 3.124657663667846474e+00
7.624115293175422192e-02 -1.991656542280115794e-01 -4.026610081863339907e-01 1.524620437005565154e+00 -2.756764381394282815e+00 -1.825234924513966073e+00 -2.670996853516762304e+00
3.133204226688028893e-01 5.835523671612848767e-02 -1.225480632481112248e-01 9.999882267087044641e-01 -2.437708323405022526e+00 -2.237251799330313151e+00 -2.448395685091074192e+00
5.831854551850004231e-01 3.321640252821109751e-01 1.515615224874461708e-01 1.238026933840639110e+00 -2.322259376913872853e+00 -2.336786740838689092e+00 -2.467629769316504795e+00
8.427043849922702945e-01 5.653892178614882136e-01 2.614093063389764660e-01 -1.430879063888848890e+00 -2.261903795398047645e+00 -1.852880076201985915e+00 -2.277471850182676505e+00
9.561201444423902407e-01 7.897044956046201936e-01 1.094212866707924281e-01 -8.639993111558379457e-01 -1.931625828138238576e+00 -1.226464385721295347e+00 -1.792157570980836390e+00
8.624449956936772743e-01 1.047247982187595738e+00 1.407865776205395325e-01 -2.708717962081584885e-01 -1.412261235422700434e+00 -5.504856451526274341e-01 -1.149100879324664426e+00
8.313209291915367727e-01 1.307161361570978730e+00 4.380893357528783949e-01 2.960954222398927693e-01 -7.868101131001903337e-01 1.355834205083977784e-01 -3.994713668853537292e-01
1.036579295171623505e+00 1.518664346555059108e+00 8.660881305361223248e-01 8.698522958933693205e-01 -8.560985610267901613e-02 8.221915395382943803e-01 4.295752626789892115e-01
1.359224788859465738e+00 1.673610186150914281e+00 1.327373632501016809e+00 1.408689013354981645e+00 6.302642613359135115e-01 1.481510386652698630e+00 1.228473323716752219e+00
1.737608424655757489e+00 1.847064610801713691e+00 1.787309561138308300e+00 1.915450675652664803e+00 1.343385548847802813e+00 2.115597876948640543e+00 1.939566628929955572e+00
2.140938207261940729e+00 2.104580094620518871e+00 2.238897360649895418e+00 2.391799257505345278e+00 2.004209198417668869e+00 2.733820337918256627e+00 2.554796301942642511e+00
2.545648408412362507e+00 2.425364996921509420e+00 2.688482313364643606e+00 2.832557399934482856e+00 2.607222789474439306e+00 -2.959303317516548404e+00 3.096323008185898562e+00
2.956562633032963294e+00 2.745896615496207449e+00 -3.111907173262553172e+00 -2.992069100033337925e+00 -3.093109584762581132e+00 -2.396318790184985392e+00 -2.662830930173434307e+00
-2.917024828398164793e+00 2.422403669899698464e+00 -2.527599421766753895e+00 -2.512836638631342545e+00 -2.549364816223361530e+00 -1.923673876523660065e+00 -2.170502016346477880e+00
-2.447665431847048545e+00 7.807542001066208881e-01 -9.664275617708147914e-01 -1.939525878995075781e+00 -2.013134500276693384e+00 -1.540007282298398561e+00 -1.664927214191451066e+00
-1.876202992943249326e+00 9.512650924548577969e-01 3.591234672722752874e-01 -1.284437607472588949e+00 -1.506487272761733998e+00 -1.130962233227946978e+00 -1.126077149268839506e+00
-1.127303918327648979e+00 1.130390478766159834e+00 8.278420863845143973e-01 -5.742514010559330861e-01 -1.023809043682041287e+00 -5.913625993161233385e-01 -5.356555323512826039e-01
-2.940538097255715466e-01 1.343290035837176877e+00 1.180065479736976508e+00 1.777149080179747653e-01 -5.618094329707780110e-01 1.059085791130050663e-01 1.721268830583265186e-01
3.473406297231807494e-01 1.636869389676849140e+00 1.420612531477973173e+00 8.468643604319010532e-01 -2.814156865456536316e-01 9.418438705421113832e-01 1.115231459408776660e+00
7.757889329570658576e-01 1.982717155970968648e+00 1.373894953993887169e+00 1.407978346724973795e+00 -7.827032023579449938e-01 -2.432746161327422829e+00 3.072241034597347209e+00
8.334326217919753033e-01 2.033346285629154870e+00 6.202114196677862568e-01 -3.427850821969964934e-01 -1.178751378055620469e+00 -1.118669899609936458e+00 -1.689299627850654462e+00
6.091473871590743494e-01 2.945513734135120631e-01 5.315755852055031871e-01 -1.267403270070646681e-02 -7.826146602771647531e-01 -2.888319316190690045e-01 -7.759321226145355910e-01
6.483635411932545667e-01 6.413224700675199674e-01 8.196165417175664825e-01 5.253491313002365271e-01 -2.848415436793796385e-01 4.660974365122712570e-01 5.900298908282773647e-03
9.828615341351939483e-01 1.098311748113775410e+00 1.191749748211331283e+00 1.095110679601922765e+00 2.496348966799635527e-01 1.184768093614570139e+00 7.448214212508926790e-01
1.388047459850698662e+00 1.534712839411589647e+00 1.552033063976561378e+00 1.614563342678841273e+00 6.954569708829058117e-01 1.828430241333789841e+00 1.408413036366688686e+00
1.782505430079531106e+00 1.914787927515073651e+00 1.876668881672879374e+00 2.068150480261619517e+00 1.052863328484502592e+00 2.326819026839725968e+00 1.981984449711047924e+00
2.109903438396437902e+00 2.220577625909937680e+00 2.161578390448071652e+00 2.441515999048660568e+00 1.261122643083271599e+00 2.451280143328040229e+00 2.425540030520927370e+00
2.342255803885987753e+00 2.454955740720349500e+00 2.401583894918170259e+00 2.682915887478206418e+00 1.471307045658643675e+00 2.047873919097058071e+00 2.666372774172753868e+00
2.551542321994124674e+00 2.655248870852685350e+00 2.622547919842654895e+00 2.902621760499859427e+00 1.781708730806797591e+00 2.171829494551416051e+00 2.874965959716459185e+00
2.773684567327387107e+00 2.850977006662185786e+00 2.823309758837420080e+00 3.110798559396047658e+00 2.183735361346938131e+00 2.526999280790451774e+00 3.124963324896579575e+00
3.056864605595260187e+00 3.051764760365050400e+00 3.031436250004629240e+00 -2.829212617371660521e+00 2.697832656101843529e+00 2.913327688362794987e+00 -2.713841890272241653e+00
-2.965658840143750918e+00 -3.044500109610795757e+00 -3.061836520733863587e+00 -2.490468980569751523e+00 -3.112439061498000203e+00 -3.111587370544752318e+00 -2.254695082735374889e+00
-2.704539370443468371e+00 -2.892387529316567285e+00 -2.866487909433915515e+00 -2.058149880937319320e+00 -2.409069740782237457e+00 -2.906190929295403791e+00 -1.757385387959666145e+00
-2.576782869210908711e+00 -2.783266027796705178e+00 -2.729243834669873081e+00 -1.704014478192864335e+00 -3.682160352440294604e-01 -2.751539448802583276e+00 -1.481736945797963889e+00
-2.463681989107635584e+00 -2.606354662557890389e+00 -2.550864173999054518e+00 -1.423756679978395834e+00 8.679301583060018421e-01 -2.467578660977472360e+00 -1.944129094303986616e+00
-2.503681976536389797e+00 -2.279646651500959464e+00 -2.306433814209204680e+00 2.048257529674258670e+00 1.502247726512142334e+00 -2.241816352281698510e+00 -2.693644333848299599e+00
-2.256744462086873515e+00 -1.828263912140219993e+00 -1.907739709297463504e+00 -3.043530595054420473e+00 2.029272410354989731e+00 -1.941838836699816051e+00 -2.223215905786145363e+00
