1.584089432805062536e+00 1.663170320173041894e+00 1.617062012628353695e+00 1.850310542785056578e+00 1.651805125127761675e+00 -1.668675369680600928e+00 -1.641626806516508719e+00
1.948693189013406268e+00 2.404505858590504364e+00 1.957215996190915019e+00 1.915797395768039424e+00 1.858740815012800862e+00 -1.142501234216244388e+00 -1.096675183225619188e+00
2.292313487525587501e+00 2.978844706899818728e+00 2.222978104880975359e+00 1.958077899414390144e+00 2.115269593385559421e+00 -6.096685837011706077e-01 -4.588042441356004475e-01
2.542764044884358476e+00 -2.967538944971648274e+00 2.374562367950726394e+00 2.526667904346052040e+00 2.577025973070779852e+00 -2.418592888070922320e-01 -1.999729349152602753e-01
2.785374746861852824e+00 -2.844503368655472375e+00 2.616569747350460329e+00 2.975938499311966190e+00 2.970482047974839279e+00 2.623110849010279466e-01 2.875033072326537709e-01
3.014363338822136917e+00 -2.798094076959047882e+00 2.861545084967962893e+00 -2.583483694586886426e+00 -2.708692658217316751e+00 5.522987395664368249e-01 4.719566081367647103e-01
-2.966417489111312200e+00 -2.646803892005326286e+00 2.989320789944133416e+00 -1.958867203473683816e+00 -2.084789822399393699e+00 8.284696628798461360e-01 1.081967325300025484e+00
-2.682769782738306574e+00 -2.647474222146401157e+00 2.980543771809343934e+00 -1.370587626282437910e+00 -1.330505741911402806e+00 9.853878586765659753e-01 1.755313413286455626e+00
-2.431568479294448970e+00 -2.690346035125696034e+00 -3.071051172282381447e+00 -1.061858653789333085e+00 -4.417676480660385763e-01 1.250141772205420665e+00 2.611835644148553293e+00
-2.300318261664022312e+00 -2.529901702282733034e+00 -2.691989121019883413e+00 -1.417338104561239653e+00 5.997130022002883365e-01 1.351426883759795139e+00 -2.396500561439316446e+00
-2.230439629668109269e+00 -2.247506287825036697e+00 -2.279297106999233158e+00 -1.398685287885212070e+00 2.226272559759633118e+00 1.471693383266829080e+00 -1.536111117408394788e+00
-2.176491906650449337e+00 -1.980024565021850869e+00 -1.948029782547234134e+00 -1.058314602251001491e+00 -2.658479874437458257e+00 1.896429893660158017e+00 -7.882815440870242218e-01
-2.074096817870136888e+00 -1.766632324189377323e+00 -1.760241998281972364e+00 -6.106396150534036948e-01 -1.765712441624691431e+00 2.608981786078730547e+00 -2.603555657703089058e-03
-1.967962326748346813e+00 -1.611979705396550555e+00 -1.737945636390175075e+00 -2.377489984200889805e-01 -9.945811988264110504e-01 -2.618529273074707397e+00 5.662183271782686989e-01
-1.829638896437712159e+00 -1.491310678910819476e+00 -1.756773444470179024e+00 1.184987129900523517e-01 -2.615089097128784346e-01 -1.600671338515364361e+00 1.144378331979981622e+00
-1.672403997236770135e+00 -1.344258158872418285e+00 -1.668576521970954962e+00 3.279957556430921906e-01 3.315990939097762658e-01 -6.913473973874404432e-01 1.512779595687954837e+00
-1.521606031277401572e+00 -1.114131497046774610e+00 -1.407770169580483177e+00 5.851014294501195590e-01 1.146649761680571533e+00 1.888699554732215236e-01 1.937286789154476940e+00
-1.415818128528329112e+00 -8.085777071654370873e-01 -1.018881913469860345e+00 7.134459056795092735e-01 -2.118007382891780921e+00 1.044348662876083189e+00 2.640906062644055918e+00
-1.295878122928064036e+00 -4.745052816892550429e-01 -5.948334996872225444e-01 4.723988818968959946e-01 -1.390202796054829548e+00 2.454152214111512631e+00 -2.931937218087669272e+00
-1.082249104214469293e+00 -1.442240697099276825e-01 -2.563696922703581627e-01 1.361117704027056674e-01 -8.173876380706741607e-01 -1.441267718858811220e+00 -2.183018180459228130e+00
-9.022707180231620550e-01 1.191240462853504628e-01 -3.208813856845285084e-01 3.307430975758161584e-01 -3.126652358896091499e-01 -5.668645900644362357e-01 -1.737822531575919038e+00
-8.940762607866022948e-01 3.048161378044780268e-01 -4.330796153567930684e-01 5.108272100932456095e-01 -2.219900101355996164e-02 3.924728045424942524e-02 -1.152594554322128095e+00
-8.840246754090390624e-01 5.104435252356549491e-01 -4.121539741618068103e-02 7.605812772115774223e-01 2.517578999318033639e-01 5.909324328910593449e-01 -3.199403678677703589e-01
-6.041331570421302199e-01 8.346321349346429441e-01 6.418243669007066554e-01 1.102750032110633605e+00 6.276846337676496024e-01 1.065908185763543292e+00 5.264235744262284467e-01
-3.018352407955017247e-01 7.973537427092612928e-01 1.602138695275402203e+00 1.525452092562767481e+00 1.188443670440911371e+00 1.483365516992089406e+00 1.428401861313247201e+00
-2.930098510385965027e-01 -8.306858601018496380e-01 3.075002025277938422e+00 1.713535691865277322e+00 1.823851233892402224e+00 1.694606218385118268e+00 2.300235425461975236e+00
-6.806026644698528472e-01 -3.173720295884098208e-01 -2.008008875421127826e+00 1.273244790815879490e+00 2.380186440502672252e+00 1.706075971279598535e+00 3.068300343104014338e+00
-5.590331795677572213e-01 3.156122221351203572e-01 -1.345628723445176256e+00 1.484909404088468943e+00 1.931520543781988231e-01 2.005300986378958150e+00 -2.525786772161161320e+00
-4.263674284459249009e-01 9.472828790332498139e-01 -9.582174848468566486e-01 2.079439024368242350e+00 8.813185900349473911e-01 2.570785516036619089e+00 -2.207552482896220969e+00
-4.300801640313079988e-01 1.534438242335553371e+00 -7.076295795360593166e-01 2.807354387784759986e+00 1.559997749337729056e+00 -3.002960789995980040e+00 -2.017322617495784787e+00
-3.106123943265479692e-01 1.955591344358916572e+00 -4.887021399322609150e-01 -2.624505264460016640e+00 2.382871811176599408e+00 -2.238937231813160622e+00 -1.761781830438026164e+00
3.636345512501000521e-02 -2.136332177104812713e-01 -2.106432230318300292e-01 -1.415004850847277229e+00 -1.349978449577859285e+00 -1.415470714085667270e+00 -1.221488794106530440e+00
3.265199451266815323e-01 8.653368569660298271e-02 1.401984520692468317e-01 -2.707727966164458211e-01 -1.517819491229481788e-01 -5.574040561352804346e-01 -4.421409378487453634e-01
5.773601915166671761e-01 4.615963707284254647e-01 5.541548743896707041e-01 5.329242488639702735e-01 6.189109529369485330e-01 2.971487419175324329e-01 4.744632544533270435e-01
8.421313999474123735e-01 7.937422202934392157e-01 9.901807984505528459e-01 1.232229660296347173e+00 1.408082875029426528e+00 1.140028466433252508e+00 1.626605554603734793e+00
1.146605856208903207e+00 1.197607760419490353e+00 1.421968508716822788e+00 1.865596820778725906e+00 2.242590863072314367e+00 1.919173780974761323e+00 2.909510739238432731e+00
1.444001166151147375e+00 1.695665467382517555e+00 1.791263666537442845e+00 2.468674157431026028e+00 -3.121716185518610853e+00 2.590965371454541089e+00 -2.211852576268365400e+00
2.160667786466354823e+00 2.212815065356690702e+00 1.995514892906141258e+00 3.117691052288916076e+00 -2.046046503597161781e+00 -3.102444269200559823e+00 -1.222810552780263960e+00
-2.748121454811051745e+00 2.646297322929902940e+00 2.062634997539228188e+00 -2.427571080497699541e+00 -1.010090714585594407e+00 -2.519324694430618461e+00 -3.808078514976315221e-01
-1.520794723135137749e+00 2.952799991036584082e+00 2.328969360631206076e+00 -1.471076589199108886e+00 -2.233815002665272276e-01 -1.844809897140620158e+00 3.314261137302739191e-01
-6.486647707575763366e-01 -2.951900478427410324e+00 2.971615812271153789e+00 -4.060885127694711660e-01 4.199152371809229400e-01 -1.184482672561941730e+00 9.540927840371200563e-01
4.931351057029111778e-02 -2.353481636231464336e+00 -1.740136400662489313e+00 3.304708583196452887e-01 9.178290539347561117e-01 -6.112120541321556244e-01 1.383226130479604299e+00
6.088157463926636703e-01 -1.417011460309618665e+00 -9.757616134395556695e-02 9.306225091380807557e-01 1.207313163500520758e+00 -1.375970442076873412e-01 1.475975537541134086e+00
1.078878523777210274e+00 -2.585984625909089618e-01 7.227367134619373523e-01 1.523575524335554210e+00 1.249927124865564565e+00 2.062807609255958574e-01 1.500425041251709501e+00
1.373434629120076078e+00 4.045865331782468322e-01 1.343328169200177946e+00 2.084325114592169736e+00 1.245062861166632118e+00 5.389849351284677903e-01 1.746905007897215700e+00
1.409508895059853550e+00 9.391452633003259942e-01 1.840972064176871648e+00 2.440506697690593807e+00 1.289117238605595794e+00 9.534986808316316953e-01 1.971956324657072823e+00
1.503940219919601917e+00 1.487579132935740622e+00 2.256811788831786458e+00 2.242598178054401092e+00 1.529828094460133014e+00 1.462226009444797414e+00 2.115060664288584302e+00
1.796776746071127029e+00 1.998590208479658736e+00 2.651810175912094891e+00 2.209267652744039800e+00 1.931515060922751159e+00 2.008691450510934562e+00 2.412847180407688974e+00
2.040527283017700810e+00 2.437308683902678297e+00 3.041885841057446083e+00 2.573884744061221141e+00 2.377588081242254958e+00 2.556031443425839100e+00 2.846762922364890702e+00
2.139373354764490642e+00 2.834527674469505598e+00 -2.898311835756821608e+00 3.065423832329094544e+00 2.806685268217137708e+00 3.088354941684603450e+00 -2.922755231539739817e+00
2.385222379632289780e+00 -3.043370399843056795e+00 -2.615776333944371590e+00 -2.703411772926187506e+00 -3.086393020050115066e+00 -2.720872675864124179e+00 -2.383874376312053567e+00
2.818550137239889342e+00 -2.649218583473634592e+00 -2.404056160071935899e+00 -2.185426906636826150e+00 -2.717018243881190287e+00 -2.355650349224404749e+00 -1.766953288013831225e+00
-2.966816927472658350e+00 -2.329828020301457858e+00 -2.454205125157129963e+00 -1.719277841706334575e+00 -2.432578215310585712e+00 -2.222685691296131250e+00 -1.017419589112155132e+00
-2.507302620184871600e+00 -2.138941590539934268e+00 -2.996795651496402257e+00 -1.412068157477862851e+00 -2.402952374711212702e+00 -2.292841630381902363e+00 1.122050969972220383e-02
-2.122244225953502372e+00 -2.000407909364295911e+00 -2.955834696922816640e+00 -1.373675124721415619e+00 -2.521368359241499046e+00 -2.149470647881046137e+00 1.704646500545315302e+00
-1.791526165956479177e+00 -1.779128717449006469e+00 -2.560248918148775754e+00 -1.252825685939504163e+00 -2.293145666023957752e+00 -1.695258989152051532e+00 3.051328502960076516e+00
-1.452685189756178996e+00 -1.492685793637889669e+00 -2.066780964035276114e+00 -8.520066838515042429e-01 -1.854964987762148798e+00 -1.087110577535415290e+00 -2.438450320743614785e+00
-1.110158602943100536e+00 -1.248883521149575682e+00 -1.584614937083236530e+00 -3.297544051451388181e-01 -1.350463866473483154e+00 -4.096536893148219338e-01 -1.844918169997294299e+00
-8.114901304381145764e-01 -1.077855502512095054e+00 -1.248365438915846726e+00 2.472042140309760605e-01 -8.493056959000542250e-01 4.669499812749887679e-01 -1.423786824667596429e+00
-5.518967781738053358e-01 -8.441558816157644918e-01 -1.437195779457990152e+00 8.292229805987479940e-01 -4.225491138582622153e-01 -2.549032813369319861e+00 -1.395188393687706307e+00
-3.586149628612514961e-01 -4.851449886913288267e-01 -1.855522451235759318e+00 -1.745266929449456939e+00 -2.658845668130991879e-01 -1.843210646029778577e+00 -1.668788939668352622e+00
-3.844436722697712194e-01 -5.027640694866455928e-02 -1.720337915922043548e+00 -1.142115357867986569e+00 -8.177347263417305001e-01 -1.223137225605595457e+00 -1.415468112871463902e+00
-5.532051201464430745e-01 4.143999511048646611e-01 -1.466529469696473242e+00 -5.837532810481380618e-01 -8.716764972088457686e-01 -6.065374092149833363e-01 -9.472789644544045151e-01
-4.016112612341964927e-01 8.823305832045016395e-01 -1.360334787242985621e+00 -9.141490141742263098e-02 -5.299195088251641428e-01 -2.090658530116563506e-04 -4.471027008641288991e-01
-1.312026701885690150e-01 1.262367421312782456e+00 -1.418893280778398713e+00 3.303100819736862204e-01 -9.445808883194857508e-02 5.946400723317215586e-01 8.655256878364343820e-02
1.432799137906740072e-01 1.214678468813824574e+00 -1.274621848243236322e+00 5.802025159355183037e-01 3.264883502379650193e-01 1.157381952457331664e+00 6.380415236092432663e-01
3.788032236046759427e-01 9.957987604839927398e-01 -9.750976440389934607e-01 5.435787444404598379e-01 6.011238448381295285e-01 1.657305107081499695e+00 1.178434092181644299e+00
3.827597218455149886e-01 1.415994064376116190e+00 -7.176431373362990307e-01 5.067775526400576380e-01 4.142029901814384685e-01 1.825901543468495092e+00 1.254276417071027216e+00
-8.749775740848679539e-02 2.135522694639000907e+00 -5.394911263115409472e-01 8.161912448869823589e-01 3.225340379141649616e-01 1.309551688475599107e+00 1.725718106202640822e-01
6.208854348546265223e-02 3.063859454857928100e+00 -2.917960384324530532e-01 1.286025309334301703e+00 6.482398871901984272e-01 1.516863052336887341e+00 5.259299384861166882e-01
4.351925202366562218e-01 -2.167815333302747671e+00 4.810465084312785106e-02 1.819130828429790681e+00 1.116017572321724716e+00 2.064125550868876058e+00 1.065245570037504752e+00
7.399846754616106193e-01 -1.205063175982065360e+00 4.268380609409881954e-01 2.386196368625697062e+00 1.608382104113549094e+00 2.704525619255078173e+00 1.636967409148653463e+00
7.067115691717691384e-01 -3.880857385454467567e-01 8.107931396257582746e-01 2.973967051286264596e+00 2.078153756292893561e+00 -2.914330364195736323e+00 2.255030365348372534e+00
5.543896912784226361e-01 3.556262089818568173e-01 1.221263338893804340e+00 -2.715856135850106323e+00 2.480192643346194270e+00 -2.254230420277640423e+00 2.908740168692493189e+00
7.685508072021137727e-01 1.100011765202283831e+00 2.790750219811963806e+00 -2.182166573658664621e+00 2.838836744782221366e+00 -1.651099393043882646e+00 -2.751824679656428518e+00
1.250454394079675513e+00 1.876535753864118083e+00 -1.302239396855207287e+00 -1.732019393604775193e+00 -2.914562391105274486e+00 -1.149007928313930949e+00 -2.176493890317394708e+00
8.226109603901808898e-01 -1.859987626777923897e-01 -6.756561266036681390e-01 -1.285364135993119383e+00 -2.123198204578080617e+00 -7.536724193107441350e-01 -1.582189829580422868e+00
-3.978940426142099640e-01 6.324174837628530055e-01 9.032242315092248739e-04 -7.317291875738263229e-01 -1.066363661661091422e+00 -3.960899344830193791e-01 -8.574575960457619939e-01
3.051876133418776615e-01 1.608535230561439766e+00 7.349673910340147609e-01 -6.855395194953567417e-02 2.038841466400002633e-01 -3.072769964653446900e-02 6.942109835275319524e-03
1.078019715041204529e+00 2.645376541645731105e+00 1.565605128516257993e+00 5.756123582987447973e-01 1.550795726385173934e+00 1.980077680748125457e-01 9.672708605791181524e-01
1.906477654172342939e+00 -2.581603956827717816e+00 2.667309154464413190e+00 -1.595108810281731682e+00 2.930049939047499663e+00 2.873823084752333279e-01 2.030438115114111319e+00
3.055795677359879559e+00 -1.563654160195312226e+00 -1.958679320225590326e+00 -9.111741522087027922e-01 -2.003045424909115635e+00 5.943837039236239406e-01 -3.029782908777457706e+00
-7.049275059527416731e-01 -6.084188811703347133e-01 -6.383864576198940988e-01 -1.938621115576579790e-01 -8.343550156619955471e-01 1.150769908073929759e+00 -1.539265455788793036e+00
2.759957900227418826e-01 2.848122019279129002e-01 2.852471574974212443e-01 4.795382751066940563e-01 1.419090430006776649e-01 1.801621644171211845e+00 1.823129135501587450e-02
9.242713820976898864e-01 1.098986897579588895e+00 1.076666666478909073e+00 1.108188696924799377e+00 9.749547735100591028e-01 2.465153789103720516e+00 1.248953912587056125e+00
1.456669299180461064e+00 1.738885706286891430e+00 1.820854266095825791e+00 1.678634575292010878e+00 1.671100378413998389e+00 3.088903989820559470e+00 2.195513792662940666e+00
1.881120262277619082e+00 1.817077090896589420e+00 2.610768385016338566e+00 2.235340708870733106e+00 2.338154116085244816e+00 -2.694093470689672642e+00 2.985989746138230760e+00
2.181741570529097451e+00 2.125197768484354821e+00 -2.688459419298609987e+00 -2.568846189324778706e+00 -2.978588849932221727e+00 -2.075051174261392628e+00 -2.443018673119461415e+00
2.160202274313673065e+00 -9.650609048661183964e-01 -1.598215015228765079e+00 -2.106847266438007238e-01 -1.573303979051055235e+00 -1.067109380430949717e+00 -1.483572392694635811e+00
1.415986181652985509e+00 -2.744822848007188454e-01 -6.870441879622202208e-01 3.783728810449891733e-01 -3.207008719866263347e-01 -8.756812252648228656e-02 -4.627526194309371510e-01
1.546104651652815409e+00 3.821990142994415862e-01 3.688878289528378651e-02 9.039191136307286323e-01 6.941372328487770416e-01 8.140593334371114542e-01 5.992558366648813584e-01
2.070132093024910525e+00 9.302817578678689303e-01 6.071549938323923534e-01 1.229699088312292021e+00 1.640740686753340949e+00 1.712851574342199923e+00 1.780693866352026644e+00
2.710741237550530869e+00 1.237132928943831978e+00 1.015710439963786405e+00 9.390270048380304768e-01 -3.101977434051659266e+00 2.737759995290689030e+00 -2.581953573278196412e+00
-2.892360770196293451e+00 1.341204296377792371e+00 1.325897639974162434e+00 9.368354590301523066e-01 -1.294304217257496448e-01 -1.920934307792826035e+00 -7.922758661407678371e-01
-2.204330027444672879e+00 1.624591936528662517e+00 1.675659269913801097e+00 1.448177595736631851e+00 7.506248510006902075e-01 -1.973758115101514055e-01 2.507584896871963287e-01
1.633865942640408297e+00 2.098417792466596321e+00 2.093081028171031921e+00 2.075607550147882563e+00 1.529461973641704997e+00 7.723638078114529737e-01 1.077474463389527015e+00
2.270562704228058060e+00 2.634286311373220890e+00 2.523215524492587125e+00 2.698302078464991371e+00 2.244999603500735130e+00 1.513538417139618009e+00 1.802944946038587792e+00
2.856929110959192553e+00 -3.120707987366468483e+00 2.927400786151249434e+00 -3.029534487879998572e+00 2.888774242277607485e+00 2.148802109265406823e+00 2.401110401149178397e+00
-2.906688036706841505e+00 -2.631542196556635904e+00 -2.982210628866264202e+00 -2.641534331383292411e+00 -2.838914715998746452e+00 2.685912699328802056e+00 1.613876876298895979e+00
-2.481570538400562853e+00 -2.190532058748252187e+00 -2.661245562278653498e+00 -2.689656300575829384e+00 -2.334012954662552541e+00 3.054660081749656086e+00 1.196977932411000811e+00
-2.172705197492590390e+00 -1.803318906080242812e+00 -2.508207015312751587e+00 -3.114376049712025196e+00 -1.701042615447956541e+00 3.127727341843751674e+00 1.776355764696523343e+00
-2.009985399540053397e+00 -1.524695156676247443e+00 -2.777172130842896713e+00 -2.944341442128860287e+00 1.753958581075871104e+00 -3.080547950010336766e+00 2.427634910668255319e+00
-1.915875818132108055e+00 -1.420901632796492287e+00 -2.951296129270532642e+00 -2.492906283803107748e+00 2.398194533502552073e+00 -2.718361620456550387e+00 3.097754700330339173e+00
-1.693457250234621680e+00 -1.265623066056930091e+00 -2.685611400938844096e+00 -1.938352242861833608e+00 3.050482808974780635e+00 -2.201532148549941503e+00 -2.504306582736994358e+00
-1.319519002101710470e+00 -8.295397327050867409e-01 -2.243392567586580011e+00 -1.344572296401240097e+00 -2.575305846776068552e+00 -1.648562799444891258e+00 -1.822841141092472306e+00
-9.040421084143446251e-01 -1.130752172593035010e-01 -1.761347437502890356e+00 -7.286187399804112674e-01 -1.913745682810860549e+00 -1.113772163906176171e+00 -1.125148952588282736e+00
-5.664869658297410071e-01 1.196563398148425605e+00 -1.405900160955027900e+00 -6.903567951629398236e-02 -1.258569196023009429e+00 -6.021415355477331977e-01 -3.839662580033407213e-01
-3.877311082620593652e-01 2.935490688021728189e+00 -1.789215775340134540e+00 6.912881986468770723e-01 -6.363997091427945341e-01 -8.295528271853935820e-02 4.122463857557990274e-01
-3.144716607226228366e-01 -2.358202626601273888e+00 -2.020908989976718750e+00 1.805650400820606016e+00 -1.646486829915055072e-01 4.596470862910292388e-01 1.257637904414108387e+00
-1.766165203883227619e-01 -1.589567664305787886e+00 -1.591546886602110078e+00 -2.447631797966609124e+00 -1.318115578939268895e+00 9.462978563573756219e-01 2.128755102492688511e+00
7.384957944441088162e-02 -8.815702307890123102e-01 -1.023685657272374261e+00 -1.285415822957882481e+00 -1.464384185889007872e+00 7.716414585054640063e-02 3.012082187978253778e+00
4.248723323458586942e-01 -2.031091904848564833e-01 -4.158393616408090354e-01 -5.441055612421898946e-01 -1.032667862557699046e+00 -5.506766691020168469e-01 -2.353852135926881584e+00
7.703558123249194534e-01 4.424914502507755198e-01 2.058141433836015721e-01 6.989470835538370841e-02 -5.505047675126870654e-01 -9.399838501962497206e-02 -1.364524468684084502e+00
6.122614653040561183e-01 1.032216949333969680e+00 8.176456074779261396e-01 6.312577424543889260e-01 -3.549070270127890891e-02 4.305894063201874400e-01 -2.957987024229635220e-01
1.395981001203453198e-01 1.531733767542889257e+00 1.371158485678576566e+00 1.188395468210995398e+00 5.113338804273777072e-01 9.825863545162476509e-01 7.629381616716475190e-01
6.017754841474858285e-01 1.958843716234192067e+00 1.798100005595897333e+00 1.746721217231899326e+00 1.064885410353589412e+00 1.537086907661485924e+00 1.685771947798383019e+00
1.290924058844050926e+00 2.436946391243251409e+00 2.147057632101519342e+00 2.283489440274687254e+00 1.592252069558531158e+00 2.070865569568926201e+00 2.418159861502498842e+00
2.044355902667319036e+00 3.027361641093780698e+00 2.769846847450929683e+00 2.770718358271713200e+00 2.040799017018620098e+00 2.571235921672291092e+00 2.981188553106078221e+00
2.812881689474574731e+00 -2.641080328351912865e+00 -2.244718628709462038e+00 -3.079213634833926960e+00 2.306884229331790159e+00 3.048483007230307962e+00 -2.800352449972099311e+00
-2.729893780806547987e+00 -2.195517329323371847e+00 -1.145488141350206712e+00 -2.652761876129828167e+00 2.299133844238609115e+00 -2.760242052166034910e+00 -2.284310064004755336e+00
-2.117364956671578646e+00 -2.034230044965471773e+00 -4.907194778173534222e-01 -2.182604017818670528e+00 2.375625254889115467e+00 -2.313988793277722333e+00 -1.807483648650627384e+00
-1.870254658747664722e+00 -1.741957022578480396e+00 -3.970324083756658629e-02 -1.629205135702416651e+00 2.768810546104553350e+00 -1.975046609061545944e+00 -1.363051638114973985e+00
-1.697331691494971428e+00 -1.201328600014052839e+00 2.580615733343187834e-01 -9.665840700987017309e-01 -2.947775901286089795e+00 -1.951543348963045599e+00 -8.269313580227917182e-01
-1.159976193540537714e+00 -5.756858096153593118e-01 5.610039897313210400e-01 -1.928099331660701465e-01 -2.309279426142726077e+00 -2.606890842527492147e+00 -1.256763742192883171e-01
-4.962598456108693323e-01 2.152981649230320538e-02 9.813904384957028437e-01 6.615471118276121665e-01 -1.667221940361242494e+00 -2.722882243332141794e+00 7.556810293072082629e-01
1.491097141589245723e-01 5.066035130215733595e-01 1.431418698375339194e+00 1.538498611831791818e+00 -1.099282640945270950e+00 -2.286007578854073241e+00 1.862729324798217734e+00
7.341848655257184886e-01 8.763944750561427632e-01 1.783552488801402713e+00 2.371350507475553648e+00 -7.407056625707021391e-01 -1.647089540954289166e+00 -3.056111262193737410e+00
1.284971611691817728e+00 1.264576974024503864e+00 2.044178934877982634e+00 3.051315092995835254e+00 -5.998327529958816795e-01 -8.921979802356866385e-01 -1.741175238268747316e+00
1.810163929379644099e+00 1.741119466101919810e+00 2.385936366393626162e+00 2.714449777537116137e+00 -1.891067100790916333e-01 -4.478775993648881348e-02 -6.937371276715995627e-01
2.238679312156329981e+00 2.269465693623849312e+00 2.839138162093863826e+00 2.072787947544332710e+00 5.818005967896682229e-01 8.698442999655493502e-01 1.631350923286046528e-01
2.494215198347230711e+00 2.812577379569787706e+00 -2.969411661909034272e+00 2.539514222788994857e+00 1.487902446065852313e+00 1.778424517609683120e+00 9.048921480631220149e-01
2.751358627750756014e+00 -2.920107598790053771e+00 -2.559130788684230939e+00 3.051945091500421370e+00 2.333070145017003494e+00 2.551714978399088007e+00 1.574911886965409513e+00
-3.082416664390796868e+00 -2.329612733632043131e+00 -2.216183363532193695e+00 -2.823266966331292149e+00 3.065565568173404198e+00 3.066120292026164318e+00 2.199724365550300487e+00
-2.503462811088108975e+00 -1.648388703851515480e+00 -1.820935207818066726e+00 -2.560670629969900691e+00 -2.652191215242025280e+00 -2.882234502086115313e+00 2.754326859088215507e+00
-1.902489247661047100e+00 -8.583246950376391959e-01 -1.318190485422281677e+00 -2.316445858748378495e+00 -2.444160618168504939e+00 -2.465476181173359649e+00 2.860008624277148748e+00
-1.436613044644579062e+00 1.587544836459669692e-02 -7.795912075315231116e-01 -1.966323112663900252e+00 -2.403129013390993496e+00 -1.954320684171227951e+00 2.084042974481114641e+00
-1.297224527817018691e+00 -2.246236864259376187e+00 -3.179735885237673920e-01 -1.522049210489347715e+00 -2.002176765426106009e+00 -1.432038106686804646e+00 2.481919979385234232e+00
-1.127131979386832406e+00 -1.365680777872227969e+00 -2.649289660152285772e-02 -1.025100718162209157e+00 -1.423055374326489320e+00 -9.453083746149236744e-01 3.093772571325535736e+00
-6.734713455157546047e-01 -5.972064304612924035e-01 1.360794114404831334e-01 -5.216402268631098460e-01 -8.311763511354381961e-01 -5.233896682317339399e-01 -2.569507029423338196e+00
-1.222958054155282581e-01 8.209379527438363106e-03 2.157677395267951492e-01 -6.341064715184757672e-02 -3.050764537246403729e-01 -1.858757579840947805e-01 -1.911750748281086487e+00
4.423919209178648893e-01 4.862315488515219775e-01 2.591453469621515238e-01 3.252207942715404365e-01 1.791822538714957780e-01 9.141442283801502755e-02 -1.070542805981407497e+00
1.020264426562992544e+00 9.988210908565756663e-01 5.472610198120243519e-01 7.178292618285135873e-01 8.674426620553542522e-01 3.708364607740436414e-01 1.151886700070393482e-01
1.630710709730621488e+00 1.620269367151110806e+00 1.072172763101995052e+00 1.307425009799411786e+00 2.203463237489373228e+00 6.818705428489558740e-01 1.445510458047924773e+00
2.285969664542350621e+00 2.321175132653935158e+00 1.736957618009956406e+00 -2.920710225535299465e+00 -2.706185390043906125e+00 1.002756355482494088e+00 2.527765596811434534e+00
2.994048447811332281e+00 3.062705308336463261e+00 2.624075507981320943e+00 -1.414916390035391158e+00 -1.800971368478275991e+00 1.292699818109552368e+00 -2.908834811513743901e+00
-2.491732767761793532e+00 -2.456170966578854475e+00 -1.401122378904003263e+00 -7.488966433160372249e-01 -1.073343224373034754e+00 1.554141806569614648e+00 -2.293349657885483506e+00
-1.138729135375206702e+00 -1.532084681558331773e+00 -2.115461042218227117e-01 -2.626208085816256199e-01 -4.607473198868098363e-01 1.872156252044560043e+00 -1.988062105555954417e+00
1.267012423488814044e+00 -2.184698730261934174e-01 3.907460523409091446e-01 3.799455793847246465e-02 1.604446222139364192e-02 2.284049993623090913e+00 -1.854086485129817774e+00
2.026232409551511182e+00 5.793043671873513434e-01 9.004401566015487468e-01 2.748389093477475731e-01 3.380227787574943132e-01 2.630258421249448642e+00 -1.603313652837110803e+00
2.336443824324486496e+00 1.232746007817496325e+00 1.417198731428551239e+00 6.275088916633706493e-01 5.886105634477230009e-01 8.843744518370819652e-01 -1.253417723477822543e+00
2.381618329833095515e+00 1.847553458521830283e+00 1.946309926040162841e+00 1.070254907853646298e+00 8.994689849944798032e-01 1.138319439040117231e+00 -8.558937937580529676e-01
2.654695558736421379e+00 2.400380274862994767e+00 2.442283181761568667e+00 1.513357058114910059e+00 1.288274596214971313e+00 1.631839775807343518e+00 -4.429910748200402981e-01
3.100400352595741982e+00 2.874171471336854911e+00 2.835119745988273099e+00 1.828215284624040482e+00 1.689799411944403307e+00 2.112152771747538349e+00 -5.973530286961972746e-02
-2.668001029243594058e+00 -3.002068137577534213e+00 3.077694768381183277e+00 1.586457513367946603e+00 1.924017155824758074e+00 2.513805108264969945e+00 2.978083163526469845e-01
-2.074614967975512148e+00 -2.617505058559506104e+00 -2.997086111236955563e+00 1.184419780117379917e+00 1.125059670393277589e+00 2.709423135227791768e+00 7.004223411916450370e-01
-1.377402069001839369e+00 -2.229265853801641661e+00 -2.678781051475231934e+00 1.478721702456680331e+00 9.754768078602968906e-01 2.604001748226893564e+00 1.198120169077648178e+00
-5.658156507374456634e-01 -1.888750058414703448e+00 -2.307533863219596082e+00 1.986561285648298814e+00 1.441914652688408571e+00 2.632545653288814069e+00 1.788118598260206804e+00
3.828298588911849820e-01 -1.685193241232282757e+00 -1.989340913712920766e+00 2.575810057978681566e+00 2.034739356162997836e+00 2.932557924999996235e+00 2.461446017929413088e+00
1.457314724418716123e+00 -1.494747537423868566e+00 -1.711570895482431132e+00 -3.060338703255897297e+00 2.675979023545858038e+00 -2.906033278344698267e+00 -3.069621965488235293e+00
2.501200985646527375e+00 -1.097503978699939875e+00 -1.335902596404508369e+00 -2.354232188957537275e+00 -2.946145496694575261e+00 -2.378958932872275778e+00 -2.240325450559084164e+00
-2.911462822109001536e+00 -5.559657637189905355e-01 -8.325431017023199320e-01 -1.544593852220215391e+00 -2.286485887028181008e+00 -1.819139201801980299e+00 -1.320718982357201643e+00
-2.257723686409378150e+00 -1.400314879137160573e-01 -2.819897016114552568e-01 -1.478881531193368404e-01 -1.661349044870235270e+00 -1.381716213611011712e+00 -2.918189382811628430e-01
-1.859396438873713864e+00 -1.971646015071816915e+00 9.472629321069869768e-02 2.255078094001768285e+00 -1.195093354780885520e+00 -2.568746918424144265e+00 8.232506139538067202e-01
-1.575313824621164427e+00 -1.497497782695227153e+00 -1.045001770829443899e+00 -3.098789673422292612e+00 -2.850237765246663724e+00 -2.563562340018366914e+00 1.921910824004591678e+00
-1.228889592114673412e+00 -9.573938173087830350e-01 -8.654714129347326201e-01 -2.393739420345097013e+00 -2.658769772527878938e+00 -2.098452010410522650e+00 2.898027476834484695e+00
-1.127361503935198073e+00 -5.156178108214953815e-01 -2.995549332862086356e-01 -1.920085939229560612e+00 -2.185835579146945040e+00 -1.721282699011609241e+00 -2.650213038841806146e+00
-1.923557699735905180e+00 -2.188637948277777634e-01 2.090806463441396978e-01 -2.848708594702520802e+00 -1.693799134683188656e+00 -1.516132733207851135e+00 -2.924052209440918038e+00
-1.688110316497753116e+00 3.603327660051486303e-02 -1.784565191838364262e-01 -3.137773001054720012e+00 3.348909811028698003e-01 -1.278976612751328457e+00 3.015351169120039199e+00
-1.099754280093034442e+00 3.865456313446445358e-01 -8.337095930066191762e-01 -2.811343157344762478e+00 2.060281280834765028e+00 -8.592160462542317578e-01 -2.864450515801860497e+00
-3.968457338372105014e-01 7.422686688080823991e-01 -5.359981375539578652e-01 -2.424641009782277035e+00 2.606607743052690385e+00 -3.485681965546854610e-01 -2.421048543183803137e+00
4.416486163472765347e-01 4.277533781689903392e-01 -2.093815955598176126e-01 -1.968463001614160879e+00 -3.112080002824956004e+00 1.116712607705129950e-01 -1.842602219884744486e+00
2.006761309539373705e+00 -3.701950508352568753e-02 1.725663615122343675e-01 -1.437791764004753947e+00 -2.529678901528143342e+00 2.265012502684601303e-01 -1.063094735982121009e+00
-1.941102363119752594e+00 4.346472524172971807e-01 6.976176190909335606e-01 -8.463278361953783246e-01 -1.954118672125515044e+00 -2.501372443231291709e-01 -5.076995999340030985e-02
-1.095080723056549354e+00 1.067029021026429048e+00 1.362133534690399550e+00 -2.249455920151512411e-01 -1.422506157083782696e+00 -1.071272476184119832e-01 1.211019696480668317e+00
-7.477555336093736349e-01 1.723229232985763693e+00 2.212444866156664247e+00 3.511557594208613020e-01 -9.605177151813532044e-01 3.102502080136340656e-01 2.467973555226570692e+00
-9.777526323149544618e-01 2.357510621712877619e+00 -2.578002851457108946e+00 6.202168091234635527e-01 -5.505584891224409860e-01 7.610457680476048203e-01 -2.776720691040888145e+00
-6.029703839348197203e-01 2.863570800889541523e+00 -7.378090411011649641e-01 -4.821671431119976987e-03 -1.450551915900039623e-01 1.181842765979640442e+00 -1.917041782333705813e+00
1.003322793097075616e-01 1.186085162547739325e+00 2.849978886463346295e-01 1.942527797549130630e-01 2.767431874258377000e-01 1.121014528560020818e+00 -1.203144224065027634e+00
9.992944774305854150e-01 1.561357166970704924e+00 1.122597002825924006e+00 8.483312525199345755e-01 7.172658247933706432e-01 -1.069766944546921700e-01 -6.242057044609078398e-01
2.123478089332844210e+00 2.233769748169384783e+00 1.906867009702916782e+00 1.840258870829866611e+00 1.262491579745912640e+00 4.519858047227013897e-01 -1.812718026438296659e-01
-3.065355919318490052e+00 2.936208221100637950e+00 2.667579102912181366e+00 3.129949366314039860e+00 2.079974887146744944e+00 1.207040114459137614e+00 -2.472436239671168545e-01
-2.208010832282082170e+00 -2.642813134758762672e+00 -2.656060245031279354e+00 -2.044699447601427522e+00 -2.988425208345826256e+00 2.094054778039394993e+00 -1.100160512778559863e+00
-1.465275846599725318e+00 -1.926014305118691317e+00 -2.704338204538713208e-01 -1.164957521038162636e+00 -1.776448472227580178e+00 -3.000482724728350092e+00 -7.853172657059088735e-01
-7.630457831246393319e-01 -1.182883196804431325e+00 4.942355750983678520e-01 -4.084320200029925574e-01 -8.679725262104348582e-01 -1.377659815388739162e+00 -2.529209352687096235e-01
-1.012978750682109186e-01 -4.318170225904846005e-01 1.097246591345152344e+00 2.456773011103152715e-01 -1.565421257227171681e-01 -2.725264198205778476e-01 2.858063185046308408e-01
4.987059421162104433e-01 2.961692018457031117e-01 1.737521055379033674e+00 7.982497486934374553e-01 4.283551555171589142e-01 4.217626448422688856e-01 8.099281076680424629e-01
1.044515908898471679e+00 1.001433693907100020e+00 2.404161382044435413e+00 1.293271517197799536e+00 9.479866862805175209e-01 1.004638368553117944e+00 1.359695966274613976e+00
1.583776888502908875e+00 1.740062055056656565e+00 3.088407226204264333e+00 1.834619035307190282e+00 1.487347392523743039e+00 1.625527199858353811e+00 1.991672586568273173e+00
2.184242335697475390e+00 2.706614992407600173e+00 -2.481722676709976927e+00 2.468712260646749090e+00 2.084646675727410248e+00 2.312863724611530003e+00 2.720658384995382928e+00
2.902549794517429227e+00 -1.588268611264741503e+00 -1.718291355649367524e+00 -3.095645711903440844e+00 2.729723109915368262e+00 3.051177549285485568e+00 -2.742586165772707751e+00
-2.406671341415182130e+00 -1.554548317598601348e-01 -8.985629286466719767e-01 -2.213489667375440284e+00 -2.862751065845289933e+00 -2.442252601367532971e+00 -1.818976256422325966e+00
-7.520901907717674195e-01 6.964271846571834512e-01 -2.735412298871028186e-02 -3.319435485043581990e-01 -1.844212698879107659e+00 -1.548378033017606459e+00 -7.900071131288152193e-01
5.894912786640237323e-01 1.373084775832291493e+00 9.251505109138173921e-01 1.295995243728765622e+00 1.135283753211781432e+00 -2.376139435817664902e-01 2.767090035779781743e-01
1.389872723312328251e+00 1.403513831358135899e+00 2.545885329009458076e+00 2.100819908278422687e+00 1.853039852976384072e+00 1.612465697919150509e+00 1.284424927921057558e+00
1.969761484456558742e+00 1.739731946466029633e-01 -1.301529394605931422e+00 2.795547857320479057e+00 2.510511048336216966e+00 2.754140519697787060e+00 2.216130137815761181e+00
2.185206515844913877e+00 5.518569389789337309e-01 -4.028258266773573903e-01 -2.820286152551450432e+00 -3.067149913596098454e+00 -2.651747936391869676e+00 3.132915615673216969e+00
1.555536495517751749e+00 9.772141283817364910e-01 2.996821533382701963e-01 -2.126661346533802899e+00 -2.247771388394289360e+00 -1.828434173631900528e+00 -2.085711548436477880e+00
1.701946923227233066e+00 1.387634987523489905e+00 8.970601093715755425e-01 -1.198351980973622943e+00 -1.188292270451187793e+00 -1.021078939146389919e+00 -4.828710971826584708e-01
2.241132288450911947e+00 1.804123702267691032e+00 1.344622483995938644e+00 1.067451076037646995e+00 2.036756168166686809e-01 -2.223331951199476464e-01 9.203857414730965969e-01
2.848473619339280560e+00 2.172085425910030398e+00 1.452264907232238444e+00 2.014613888113141016e+00 1.292648357071874532e+00 5.763945820670368647e-01 1.772964917641928206e+00
-3.083531633201213040e+00 2.381544602632122309e+00 1.378771208889675526e+00 2.615075705717056387e+00 2.011608811286093701e+00 1.375091140651833133e+00 2.473012838651187373e+00
1.874928778245000371e+00 2.513745356212389925e+00 1.651041040257480885e+00 -3.135600970102706331e+00 2.630444527823044609e+00 2.173427618539151229e+00 -3.140471864197869500e+00
2.307777211822281682e+00 2.821886770472962436e+00 2.127178547016102428e+00 -2.637160863499301566e+00 -3.007583336607958291e+00 2.962536074845994349e+00 -2.469543453929285981e+00
2.963792193631181515e+00 -2.989750346935227121e+00 2.676223790161247340e+00 -2.230086228219910538e+00 -2.322070288864591880e+00 -2.549538823114315012e+00 -1.841936183842195707e+00
-2.671886424280229821e+00 -2.463811934132627002e+00 -3.034601113834827668e+00 -1.981190473104197158e+00 -1.559812771636751139e+00 -1.774269984320965055e+00 -1.325776936723682242e+00
-2.126208997514254850e+00 -1.979341152145388083e+00 -2.469322659260513753e+00 -1.943658476445731420e+00 1.165408118331327791e-01 -9.759245102481538536e-01 -9.765523756971286051e-01
-1.952200926630743849e+00 -1.679586201513838972e+00 -1.959208990833786856e+00 -1.849409526511492263e+00 2.353911875434334444e+00 -8.316983645790203272e-02 -6.137757093048887835e-01
-2.160467828062448969e+00 -1.610809164676978433e+00 -1.567732969335069448e+00 -1.538135191999353335e+00 3.031670550500066508e+00 1.550202386748826155e+00 9.648799622951758082e-01
-1.869305482417838560e+00 -1.347931754110724967e+00 -1.278199272150277732e+00 -1.080146991189905537e+00 -2.683880881506136795e+00 -2.696183014672961509e+00 -3.129256779139160560e+00
-1.307173775995002174e+00 -8.157041470334133182e-01 -8.666859719957561436e-01 -5.155447274097089139e-01 -2.127313781638604073e+00 -1.761840347086905734e+00 -2.370660130534535615e+00
-6.705590949703665871e-01 -1.877229239442951281e-01 -1.727019653638830476e-01 1.551129450852361535e-01 -1.510730442593692491e+00 -9.740285694669016392e-01 -1.617544076705052181e+00
-3.138285267527782946e-02 4.097426122460703923e-01 8.860066810399187531e-01 9.653723155392314181e-01 -7.884127668478985163e-01 -1.833468321406407919e-01 -8.371696989561944191e-01
5.840233142027499991e-01 8.951838928456383737e-01 2.179002341051236247e+00 1.878597474710951287e+00 1.587882144878481061e-01 6.657544069719675273e-01 -3.181843886558857748e-02
1.128828133571546211e+00 1.276437383307532203e+00 -3.120882545672932551e+00 2.817844624577270363e+00 1.662890459357415640e+00 1.661485850238159756e+00 7.952284765151905743e-01
1.749340401928835220e+00 1.650765228835706644e+00 -2.420918064454825380e+00 -2.574659851736280203e+00 3.066897152532614523e+00 2.814211989100926736e+00 1.554007823991930826e+00
2.626275863785342501e+00 2.003747192253956477e+00 -1.859913654176401643e+00 -1.798949564683761215e+00 -2.298059709601117717e+00 -2.362038789669263394e+00 1.810144229257424797e+00
-2.733156543660407056e+00 2.261500457655017726e+00 -1.390709123102909617e+00 -1.180339742104508538e+00 -1.592275914582483853e+00 -1.426186249224377978e+00 1.517187814876719498e+00
-1.887467637037434809e+00 2.493659554194697314e+00 -9.718167866275360112e-01 -7.666914096163524039e-01 -1.208943672200527564e+00 -6.459541910837235390e-01 2.181677964304111317e+00
-1.170989351783326526e+00 2.773686096632580700e+00 -4.999366505668297322e-01 -4.142431977206337268e-01 -1.493303723847357656e+00 3.854312901838268814e-04 3.040780501627555754e+00
-6.253803804113462483e-01 3.075376736045922765e+00 1.355564861931809473e-01 1.989833028175582164e-01 -1.414100963934709521e+00 5.989252870220203029e-01 -2.454862376065911178e+00
-3.233845241285735472e-01 -2.837907574912132525e+00 1.426709694951314944e+00 1.122194759272755027e+00 -1.081287601301083034e+00 1.250745111240070040e+00 -1.925604223746871124e+00
-2.707795607854394659e-01 -2.327360185765841472e+00 -2.491515625775860165e+00 2.679681540417028440e+00 -1.113511225623834866e+00 2.026972783775438103e+00 -2.062565042184591135e+00
-7.456353368507298573e-02 -1.731621322128246598e+00 -1.644459096747064475e+00 -1.885860276675935809e+00 -1.455494084128328147e+00 2.922315120994526616e+00 -1.856135707987205175e+00
2.449286846432508491e-01 -1.167414621817410847e+00 -1.085319349104065134e+00 -7.799466659362447318e-01 -1.208016434520022386e+00 -2.379764803119706951e+00 -1.269046622444831129e+00
6.191132760972987148e-01 -7.556162599159679250e-01 -7.900553532450723671e-01 1.388914859916401678e-01 -7.462522539978518887e-01 -1.328129227720294958e+00 -6.039977707179954303e-01
8.843381092654881703e-01 -3.501090533958056694e-01 -6.130977828837970156e-01 1.068350574776416151e+00 -2.066217166442476105e-01 -2.580762961511616771e-01 9.760166191613595110e-02
9.528805621417399951e-01 4.698436186480870469e-01 -3.068100855551960660e-01 2.052261280250862630e+00 3.526479084976287259e-01 8.058158259163926695e-01 8.287714401584108659e-01
1.057017183380684511e+00 2.728233602909092781e+00 7.955695315015740010e-02 3.081726697189484998e+00 8.353731272999677104e-01 1.915636093152017549e+00 1.702848207145546855e+00
1.444284463658643380e+00 -2.027530337993670884e+00 5.298121994112716671e-01 -2.159558272857887928e+00 -1.329560956439517494e-01 3.121602171146752092e+00 2.973684590900946390e+00
1.942950667741123683e+00 -1.081092318127706120e+00 1.077113136619338496e+00 -1.171590005766436571e+00 -2.913503973215553211e-01 -1.872476658383230186e+00 -1.667484288324084574e+00
2.427855186298093049e+00 -2.445448468469141046e-01 1.771509495134433010e+00 -2.597300324560233853e-01 1.838958608169081466e-01 -6.426266984119538561e-01 -4.950897613630826921e-01
2.880892237343535278e+00 5.214837304689879938e-01 -1.274085420349900799e+00 6.200954189910627967e-01 5.803683840751686640e-01 3.947963484476859630e-01 4.710340241029336572e-01
-2.974057347107942562e+00 1.333426800859456751e+00 -2.740057719499569000e-01 1.434897285270003042e+00 6.194942977727266875e-01 1.219395705777271077e+00 1.429670056801715106e+00
-2.533910859692643402e+00 2.301274300083319790e+00 3.518844079190239227e-01 2.411389600396521615e+00 4.952628030082096844e-01 1.865026906293309139e+00 2.562518645107196846e+00
-2.109095481479382528e+00 -3.049784241423444175e+00 7.056371388521394117e-01 -2.944583775169746342e+00 6.695121985382029850e-01 2.293613408708578660e+00 -2.438304210167985264e+00
-1.683830553281591147e+00 -2.302749258866674698e+00 6.641798572987024363e-01 -2.138404852519360855e+00 1.062510000394856879e+00 2.435868384901304307e+00 -1.399064497884487279e+00
-1.300143462105062930e+00 -1.766425048832195310e+00 8.963434879579179615e-01 -1.358842606522246976e+00 1.540814783756024209e+00 2.497492545451843959e+00 -5.948619890723138015e-01
-1.081182622763033452e+00 -1.382695387589647718e+00 1.420662063671654041e+00 -6.868337258689234393e-01 2.067405626121748163e+00 2.677739441721895819e+00 1.168412863773741067e-01
-1.069096513982760399e+00 -9.906703348802001763e-01 2.032339142494131945e+00 -5.146391977355316838e-01 2.642773114384083133e+00 3.037028170879261246e+00 7.518664529377607764e-01
-8.957797962005986658e-01 -4.922092703677447556e-01 2.603241862656590300e+00 -7.677769439342551072e-01 -3.017580175709629220e+00 -2.934384745302633934e+00 1.322473141793252482e+00
-4.266731952126113225e-01 9.494882370855421694e-02 3.693927136988583437e-01 -2.590540760728892722e-01 -2.347269394424708722e+00 3.137790156702311428e+00 1.744500900782881558e+00
1.812849665814978140e-01 7.123791646939650057e-01 9.510893004914283688e-01 5.570552641105266378e-01 -1.703123622435621431e+00 2.799704913748171098e+00 2.098362683174351595e+00
8.475142170901515115e-01 1.277038674012577424e+00 1.560750612409146143e+00 1.444583854930071132e+00 -1.290011483098988609e+00 -3.025604226153494558e+00 2.599757884143270914e+00
1.470364991016736012e+00 1.566295522539351781e+00 2.107446448208607048e+00 2.362883863584030131e+00 -1.234884692848357446e+00 -2.394566401965000146e+00 -3.067840063557743413e+00
1.808790613305937489e+00 1.419168481012166083e+00 2.548438631026670009e+00 3.902743276700610942e-01 -6.674868277402686012e-02 -1.714418035800906903e+00 -2.354530293304426980e+00
1.222258620234212279e+00 1.732119437500269976e+00 2.946943945053614566e+00 1.364121779769609910e+00 1.476411734849522928e+00 -1.056124781704379956e+00 -1.719498874890400320e+00
1.385062309131760427e+00 2.468511005542987746e+00 -2.831413307851348371e+00 2.565455056190243610e+00 2.485819333729047731e+00 -5.161748453979978501e-01 2.301066721200903054e+00
1.931458377833413342e+00 -2.698585923927359076e+00 -2.159125411250458981e+00 -2.263198807474093854e+00 -2.929090521734297070e+00 -3.203735106639040708e-01 3.017199156676090954e+00
2.449909707667782044e+00 -1.177964414084451183e+00 -1.341314263757472869e+00 -7.802711224194324169e-01 -2.093979088059773730e+00 -4.167400291067282492e-01 -2.552567098262288336e+00
2.404302244482069195e+00 -2.443610884224323154e-02 -3.896532152467633847e-01 3.899038021509290131e-01 -1.287881787529733257e+00 -3.042122078315308634e-02 -1.977952938028072705e+00
1.690531529964804047e+00 7.931267117709588366e-01 6.609865279923397008e-01 1.322445401469650950e+00 -5.088570278269322067e-01 5.329261227011490298e-01 -1.575943453297391939e+00
1.927947183260574127e+00 1.467351582714625735e+00 1.699803620240528668e+00 2.115107488896687649e+00 2.588931697707832491e-01 1.037171796564220205e+00 -1.225656209177004241e+00
2.211277616305886706e+00 2.054729286099779895e+00 2.633149975194869707e+00 2.776759452722113330e+00 1.030646908631901226e+00 1.193730333503391750e+00 -7.259301222313987445e-01
2.496111121415523826e+00 2.569801272606856202e+00 -2.846109829078609099e+00 -2.981789545927369556e+00 1.865658275978636649e+00 1.638922912221783212e+00 -8.834198813754781665e-02
2.883858499505760786e+00 3.001448452108240961e+00 -2.168827105272440825e+00 -2.467080023904210329e+00 2.753482037582884345e+00 2.570289615693627461e+00 4.714865002140618544e-01
-2.903847927308890853e+00 -3.062026530171644723e+00 -1.548781684585779139e+00 -1.918045495733379679e+00 -2.651965474507772758e+00 -2.608589291524277431e+00 8.784407671245513249e-01
-2.390929918816638189e+00 2.806133821431483710e+00 1.555495321271714859e+00 -1.364525879501831351e+00 -1.773682940139853281e+00 -1.295782262302868970e+00 1.233454771014172113e+00
-1.905756671046434425e+00 2.680169619969852146e+00 2.744976353620771636e+00 -1.891531863253089307e+00 -8.572742229858584251e-01 9.640813329308711710e-01 1.939694711473058941e+00
-1.559570352726825426e+00 2.989567731110958526e+00 -2.914184832370608103e+00 -2.781382365931316603e+00 2.758675263859748372e-01 2.694924252498153816e+00 2.882017188885166892e+00
-1.695569693664235489e+00 -2.895409538547724093e+00 -2.313710108411271893e+00 -2.306585111417548184e+00 1.964750029194497261e+00 -2.583088239792662222e+00 -2.509746851600100914e+00
-2.009454644129736955e+00 -2.537742594480486780e+00 -1.842872009587542603e+00 -1.820667437988317205e+00 -2.970011867939309713e+00 -1.705595307472216327e+00 -1.695099829265939384e+00
-1.724025962681912105e+00 -2.564264595757550502e+00 -2.105807102201518788e+00 -1.501399704100086385e+00 -2.096061851564264167e+00 -9.202113149230530809e-01 -1.058775702182242595e+00
-1.338715372836372763e+00 -3.002715470008415100e+00 -2.975578942936844662e+00 -1.400532172840890599e+00 -1.482344883159133930e+00 -2.540395207418342238e-01 -5.695750133966162032e-01
-1.278797615377560426e+00 -2.626461331865705073e+00 -2.609352096648276387e+00 -1.243435383243932657e+00 -1.879386024604069449e+00 3.044232318912898361e-01 -2.236697997402563309e-02
-1.541235182745639642e+00 -1.959155580504542860e+00 -2.083412038871110372e+00 -8.990073548705082018e-01 -2.254538189698720885e+00 7.157897311525958095e-01 4.540225253990713972e-01
-1.307799264801327466e+00 -1.185161748849858920e+00 -1.524543484919367753e+00 -4.236493123739897837e-01 -1.807591528803104586e+00 1.209118954465925988e+00 1.120507592202890423e+00
-8.509389413283425796e-01 -3.635748449689231165e-01 -1.074878985995724179e+00 6.194766298944483912e-02 -1.268638868615453719e+00 1.749998128773206263e+00 1.988745167036253259e+00
-3.845829210766777417e-01 4.651138905902589826e-01 -1.245265196272632657e+00 5.487294068749862808e-01 -7.195584314144205518e-01 7.378652203999909176e-01 -3.086334018056626327e+00
8.564249143972314793e-02 1.310256379661481008e+00 -1.662973352856124798e+00 9.317365394029752945e-01 -1.384568939598935233e-01 4.279111462420892575e-01 -1.587147594607028811e+00
5.727874921633449024e-01 2.317893742865190454e+00 -1.393028233793601744e+00 1.537639964102856194e+00 6.214588997434863371e-01 1.382429134104067536e+00 -2.786518499305437602e-01
1.263221618014021441e+00 -2.346574354059783207e+00 -1.076063480386955540e+00 2.627246194695653791e+00 1.705914972588553624e+00 2.413761489983445419e+00 9.324822485402691763e-01
-2.575873802122662592e+00 -1.027458832568978853e+00 -8.554878320316613438e-01 -2.493836967595924659e+00 -3.109975123359774773e+00 -2.880965498196155217e+00 2.391803045069978317e+00
-1.344015862389050575e+00 -1.969893088086950850e-01 -5.195882055511471531e-01 -1.486662387527363682e+00 -1.921003218412695945e+00 -1.875059908147314713e+00 -2.373816315221293216e+00
-6.831484081155738686e-01 4.883368724614801093e-01 -6.472437214344839776e-03 -6.004938664579908547e-01 -1.041314649156349192e+00 -9.400907588187342734e-01 -1.266288504714816909e+00
-9.388431316164827511e-02 1.104344353051802230e+00 6.323915903048962228e-01 2.092272002991728275e-01 -2.842433905495562185e-01 -4.778495200433342804e-02 -4.333494372534715811e-01
3.973565809318815867e-01 1.662109913174301568e+00 1.346747850305656025e+00 1.136035596834062300e+00 4.739031094113292930e-01 1.175316984243163887e+00 2.803669419255576667e-01
8.481694351895584516e-01 2.193085014155697010e+00 2.293896763481961365e+00 2.609536548745755802e+00 1.296104385763502176e+00 2.784720754647401542e+00 8.104953498500768738e-01
1.105393205619409791e+00 2.745856268684151225e+00 -2.427898866478812145e+00 -2.066114614769414715e+00 2.499817386914224393e+00 -2.308375756629275077e+00 1.295408984621505333e+00
-3.494307091979419466e-01 -2.929353541111331172e+00 -1.210663283496509424e+00 -1.116639151142982067e+00 -2.092656998534053070e+00 -1.291046531454386193e+00 1.571883875934167341e+00
-4.786432026436457376e-01 5.476818638636619108e-01 -4.067358003777449826e-01 -3.315742205191821168e-01 -9.805592837594251376e-01 -3.107279474135978825e-01 1.636198227946305650e+00
-8.526715586545963177e-02 1.241048642292572834e+00 2.687099695665365329e-01 3.404226628416295308e-01 -1.920845619113489278e-01 5.883878767650654318e-01 1.890676006809416831e+00
2.837704009262027594e-01 1.761943656542220404e+00 7.822868001528022752e-01 1.036602093194934238e+00 5.337593750135701809e-01 1.561716625463196229e+00 2.336133782082762345e+00
6.873926246871618906e-01 2.226072489540376509e+00 1.102408595519667189e+00 1.701933617885662553e+00 1.156392675916326995e+00 2.496734935695763991e+00 2.941379854587758302e+00
1.026349323044105644e+00 2.689384630824099176e+00 1.191004830522918390e+00 2.393615737278868671e+00 1.786981697327390650e+00 -3.061016104811041583e+00 -2.834594034261931572e+00
1.324911527142039525e+00 -3.041412675478318395e+00 1.329067589348807754e+00 -2.808747007031534793e+00 2.508302425239633759e+00 -2.201412500122396754e+00 -2.152568849924451300e+00
1.520352815804324464e+00 2.850711923845932194e+00 1.535847669099970947e+00 -6.670314841866967770e-01 9.386507615586234810e-01 -1.446090779432830820e+00 -1.446973720840249555e+00
