1.536105368491917034e+00 1.477886687687831602e+00 1.466285130198250464e+00 -1.452778897982028639e+00 1.541535219806731583e+00 1.318157164144906357e+00 -1.511643318253069079e+00
2.017566346048990322e+00 2.115536992844887720e+00 2.050148514848662007e+00 -1.124270404523332711e+00 2.099665958784074249e+00 2.529201885671240380e+00 -7.166961848934130241e-01
2.473283682181920184e+00 2.912801154186529740e+00 2.732116581011045042e+00 -8.341776208334380494e-01 2.647589226131638274e+00 -2.583607431251159881e+00 -6.041882845433135807e-02
2.788784529926437550e+00 -2.764317045110112225e+00 -2.937744205115138119e+00 -8.220397400904003726e-01 3.109817393763745663e+00 -1.797670532134565624e+00 3.614238085413422619e-01
-3.139955593613804830e+00 -3.909365004792177967e-01 -1.898657444197274557e+00 -5.204839050920382348e-01 -2.619155550894444850e+00 -1.077842773999365678e+00 6.259236589117207483e-01
-2.909353265098278296e+00 1.371857057872424512e+00 -5.379732218611416039e-01 -2.121389420805075421e-01 -2.019800961517980831e+00 -4.564940078580017602e-01 9.081152895701270419e-03
-2.680384759028944242e+00 2.063372731990638531e+00 2.236605887837389006e-01 1.478065405031008805e-01 -4.467815415474947760e-01 -1.210348827539604599e-01 -3.588165701132436380e-01
-2.703232582982069143e+00 1.334492519353430939e+00 8.332045902775371271e-01 3.712278156442532229e-01 1.223539413195238845e+00 9.709684092316259174e-02 -9.145331820517312027e-02
-2.744134711085880252e+00 -3.733658070429334841e-01 1.244446493371222040e+00 7.449927946774772547e-01 1.765580360366599155e+00 -1.280975117175205402e-01 3.608219460790527133e-01
-2.723458548650701694e+00 2.854363325530029014e-02 1.529685410314332250e+00 1.024031300437733272e+00 2.202421375021789363e+00 -6.947312541535119457e-02 7.829125839808598331e-01
-2.469383482868958257e+00 3.098228763334818781e-01 1.474321276764448019e+00 1.014164732525709489e+00 2.621660029078051846e+00 2.896225838910720940e-01 1.121553779707589182e+00
-2.262993451032048853e+00 7.772395852171941621e-01 1.545232317628401075e+00 8.515635069122038381e-01 2.887092004807666257e+00 8.693082457799544693e-01 1.361993370656840785e+00
-2.114631921191170605e+00 1.133181071984214805e+00 1.967750372445845830e+00 1.212949350955996097e+00 3.020503376637552861e+00 1.500079356459524504e+00 1.689966279566654350e+00
-1.992220445298170883e+00 1.313980701627227576e+00 2.512086065661641054e+00 1.669319433961803822e+00 -3.014378052017754772e+00 2.146122787460819303e+00 2.219383024357418854e+00
-1.551707518121362872e+00 1.342751450855688367e+00 3.117567700428885313e+00 -3.938499505276679136e-01 -2.457930878871534386e+00 2.709204123117213481e+00 3.056681393792032519e+00
-7.227479730012396075e-01 1.611568765865298403e+00 8.156528594305832991e-01 -8.995093265457712248e-03 -1.638116039142495817e+00 2.424627538964337248e+00 -8.077544856348414237e-01
4.413286758102459295e-01 2.070931486928131893e+00 1.360558017296644051e+00 5.821836356937853951e-01 -1.121743499348350770e-01 2.151232765410204806e+00 3.546239030311072460e-01
1.528779676513347674e+00 2.581899407030802340e+00 1.940421743643488295e+00 1.107839577434965195e+00 1.588210286938160687e+00 2.737159112248813919e+00 1.056412969615738717e+00
2.309506766819620971e+00 3.107314446894716031e+00 2.469735808180040681e+00 1.582883384733811072e+00 2.549386967561130479e+00 -2.796653958601254431e+00 1.665130342032740351e+00
2.917904395060188172e+00 -2.743577436702118622e+00 2.907746938392439695e+00 2.020162613840374988e+00 -2.946901291262171263e+00 -2.044240330343042533e+00 2.141692895838036126e+00
-2.818370416502664622e+00 -2.405454780354698840e+00 -2.965353768967796455e+00 2.458952679518885187e+00 -2.181342254509309520e+00 -1.312998207054098421e+00 1.734450461661074749e+00
-2.333802699167719208e+00 -2.170285527683202709e+00 -2.574205748955649575e+00 2.928825205164022893e+00 -1.387843784507121425e+00 -6.371119288232155453e-01 9.600134473578614269e-01
-1.852172190286906162e+00 -1.866449365362187196e+00 -2.151643375287882076e+00 -2.915341691321251538e+00 -2.908422455848466703e-01 -5.606320165981338449e-02 1.261882270675559470e+00
-1.377153884086201652e+00 -1.571337634775741954e+00 -1.763651764616100959e+00 -2.560389008872523853e+00 2.287710823579458097e+00 4.438275170199450503e-01 1.545491831801651061e+00
-9.051453237064713830e-01 -1.360173874872567801e+00 -1.533744906996787005e+00 -2.364571142289989769e+00 -3.040967509164516969e+00 8.467574656043590497e-01 1.649801116259090872e+00
-4.141130928212169993e-01 -1.085767491618172986e+00 -2.021018774105620253e+00 -2.107424535163790136e+00 -2.426194763349272865e+00 1.251970557090737790e+00 1.595445782891492081e+00
-5.451217430731753605e-02 -7.062395561650087750e-01 -2.368086200253707307e+00 -1.667635719176852938e+00 -1.963976494575429887e+00 1.733945668825761510e+00 1.570138791476284101e+00
-2.455399722840073462e+00 -2.829952952694299584e-01 -2.110708488972368624e+00 -1.092287108961819575e+00 -1.679019424916074144e+00 2.408181774803301423e+00 1.704165062559679589e+00
-2.036872643092409341e+00 8.399896497781897398e-02 -1.628764217239460299e+00 -4.073285506644338527e-01 -1.447394080858036558e+00 -2.118811089417905524e+00 1.885281272829956167e+00
-1.608509092014100750e+00 6.351217424578818882e-01 -1.032933171089495561e+00 3.961583510789669083e-01 -1.029686304953425280e+00 -2.762444814415520589e-01 1.853267536670786031e+00
-1.118848030359698598e+00 1.292164702970979517e+00 -3.791969584671411875e-01 1.353919969790575051e+00 -3.517460586630331010e-01 5.520138223047296178e-01 1.816272053135808973e+00
1.135905983234264172e+00 1.984562119693098259e+00 3.308619088297100053e-01 2.321650371986885730e+00 5.970251045848620208e-01 1.276652014370706523e+00 2.164596616412326480e+00
2.613752092987471354e+00 2.619116374176009732e+00 1.054064684564053334e+00 -3.091202427830497701e+00 1.662216247540560410e+00 1.949200419748955415e+00 2.657468982747767328e+00
3.062076299437194393e+00 3.104206805702906191e+00 2.283803522526024921e+00 -2.312266199158371283e+00 2.576092629153867719e+00 2.584269299767151029e+00 3.081046123411045556e+00
-2.783261260923853619e+00 -2.761400690254562473e+00 -2.461465652658576531e+00 -1.688576387404905121e+00 -2.983974910125327895e+00 -3.054485852929382794e+00 -3.025392752433690546e+00
-2.364818203627233828e+00 -2.345865641766321286e+00 -1.703803557906745425e+00 -1.272587012369176040e+00 -2.364675202870538229e+00 -2.305157777577412137e+00 -2.741609084033342914e+00
-1.897409966728189845e+00 -1.875555271607889152e+00 -9.417831748697119698e-01 -9.462262062483337566e-01 -1.751836958997215810e+00 -8.311765035516947009e-01 -2.113844665006597623e+00
-1.405101607018985677e+00 -1.446635822928272752e+00 -1.138167875217230562e-01 -1.535491542353355499e-01 -1.100492840112891502e+00 9.274144798432252257e-01 -1.217244544862134736e+00
-9.126196040240494023e-01 -1.120791589994525550e+00 7.413063927410631360e-01 2.583407531059261686e+00 -3.832245161444279291e-01 1.796040039032545277e+00 -7.937937073586501247e-02
-4.858396115922944958e-01 -9.435446485169025621e-01 1.643040207370800143e+00 -2.902451217435938258e+00 4.467346660993502527e-01 2.505085292909189132e+00 1.089066917116539912e+00
-6.294398690152674947e-01 -1.083457947868567084e+00 2.546322317979675454e+00 -2.305746532459949982e+00 1.482470109926758983e+00 -3.099555740513576740e+00 2.005997187170209362e+00
-1.287199977019547914e+00 -1.092963302560054695e+00 -2.889802314797472516e+00 -1.819378881298753026e+00 2.754513496368541592e+00 -2.432694683950785031e+00 2.675394394023154376e+00
-9.636214609486404292e-01 -7.321671512704558404e-01 -2.103490591351709238e+00 -1.817630703819002269e+00 -2.738453423524567221e+00 -1.749050293170313353e+00 -3.134754954162007223e+00
-3.957170742960876009e-01 -1.882676869543765397e-01 -1.446551411132315001e+00 -2.688383175028703942e+00 -2.974520475119795559e+00 -1.024457100569967860e+00 -2.818818632470079244e+00
2.098452487788588783e-01 2.825849113436896265e-01 -1.155499190979679458e+00 -2.533204611781985527e+00 -2.655364279021998453e+00 2.369593935885258240e+00 -2.555514692896670326e+00
-2.316880467205015837e+00 -1.194366814798152321e-01 -1.768658417340325473e+00 -2.086292325044306839e+00 -2.073730116596902651e+00 -2.952917593929408557e+00 -2.124171119689499232e+00
-1.658089693560262701e+00 -9.050949922787185908e-01 -1.615586174486020488e+00 -1.583236585337039370e+00 -1.466984427124541357e+00 -2.264762673122623582e+00 -1.520730165995908267e+00
-1.039031575188520184e+00 -6.390027837259388832e-01 -1.131737123568921088e+00 -1.059399222505025717e+00 -8.883357837001963908e-01 -1.628982867643621324e+00 -8.138486185592050948e-01
-4.590230741026484762e-01 -4.790177723964666456e-01 -6.146164878744128091e-01 -5.473873749978359626e-01 -3.511254573838809567e-01 -1.028023572341856040e+00 -5.494526541746917736e-02
8.864285030426409528e-02 -2.886885461631231720e-01 -9.363034253654940742e-02 -9.662497162045975696e-02 1.473733815194699648e-01 -4.338463727102065959e-01 7.241730206333586439e-01
5.798735779326350537e-01 3.063708098030986510e-02 4.093479281561368532e-01 2.847314702657890439e-01 6.079337929296938503e-01 1.847302025794273217e-01 1.585289177894278367e+00
1.008033967714931478e+00 4.723521192129466750e-01 9.076927989122393070e-01 6.048951331319561975e-01 1.053847509421435236e+00 8.719670037579424493e-01 2.942364573341412104e+00
1.333732667091961144e+00 9.561278536190060962e-01 1.381799100293289007e+00 9.223293423905193356e-01 1.518528542454016028e+00 1.688650515194576318e+00 -1.818640012404204809e+00
1.613229753611621575e+00 1.468822592341608724e+00 2.000908631611791222e+00 1.207500957100810624e+00 2.037157663313915901e+00 2.944810543281410897e+00 -1.164161454195688394e+00
1.911489265989946951e+00 1.968409524174019598e+00 -1.232984083138767950e+00 1.388978550550936442e+00 2.629702950198522515e+00 -1.722582711171482428e+00 -7.669220348090327599e-01
1.637101441347665665e+00 2.383918065657099739e+00 -6.163855562523743448e-01 1.481858107244059752e+00 -2.890525810405123242e+00 -7.264379959830872258e-01 -3.756671133852904076e-01
2.741075380226729030e-01 2.516149179969275895e+00 -1.063662927714323081e-01 1.720497833059150716e+00 2.841271950632909826e-01 4.996366713920497027e-02 7.373306623762122813e-02
6.650926454979836366e-01 1.411456407502690524e+00 3.884043318642534937e-01 2.156512300522558157e+00 1.068525472930049958e+00 7.971361499882055890e-01 4.743040329726402882e-01
1.135311257495047244e+00 1.180845882505993316e+00 8.194780529015484039e-01 2.681063033291122721e+00 1.656671906159203678e+00 1.543508641588574148e+00 6.149148892376057329e-01
1.587958841799484322e+00 1.317166474257303932e+00 1.138106301106035501e+00 -3.103982455279229669e+00 2.155853657914895027e+00 2.290354299330536580e+00 1.765955526122829633e-01
1.956108910760266273e+00 1.442025904241249101e+00 1.282533117621964314e+00 2.827539860352322520e+00 2.554308756291962634e+00 3.024368127934788042e+00 1.915376169518790139e-01
2.206972760622315288e+00 1.552603367316181648e+00 1.385166601795424501e+00 2.069145119261112331e+00 2.836755800512559045e+00 -2.562346358492164189e+00 6.382511782010535928e-01
2.438059961031750600e+00 1.686966194322181423e+00 1.620787875886514851e+00 2.542704273840678653e+00 3.079001182030121520e+00 -1.895345359706596788e+00 1.237542596832946318e+00
2.774372774216057103e+00 1.948021489659305772e+00 1.997262759708047453e+00 -3.131548250397400590e+00 -2.865234426101098464e+00 -1.250897368211856042e+00 1.888370753052757145e+00
-3.045859101928767743e+00 2.379151794661981789e+00 2.475987429379513660e+00 -2.512467575467181913e+00 -2.397101917151947426e+00 -6.258537302118543089e-01 2.550693997092358778e+00
-2.510800676972531953e+00 2.904380052844438342e+00 3.007774819079823914e+00 -1.886885304965833399e+00 -1.858637719889981277e+00 -3.239181368190232474e-02 -3.060043617704522489e+00
-1.930273267213606481e+00 -2.812038367451423326e+00 -2.744629203182320509e+00 -1.259276787687232835e+00 -1.290180929573721658e+00 4.368663456765111142e-01 -2.339336870538568647e+00
-1.325411728048048854e+00 -2.278319879027282280e+00 -2.396906301383844973e+00 -6.676838384523647862e-01 -7.053901417008688890e-01 6.824481275084335330e-01 -1.186085146323825112e+00
-6.980897862947973431e-01 -1.806033251204627543e+00 -2.877215670336918940e+00 -6.733330694673156369e-01 -1.033803556249015543e-01 5.978177179704580180e-01 9.755389859569407740e-01
-1.971776701332167078e-02 2.470758826182719137e+00 3.071362989550955103e+00 -1.893503347656392943e+00 5.454363571893091622e-01 9.514914456918464047e-01 1.497608946717769340e+00
8.045049341656262953e-01 2.767619544877414572e+00 -2.928840175185587480e+00 -1.944573488122800731e+00 1.367575338774390969e+00 1.690460991783620859e+00 1.862863919921380340e+00
2.104422196586333449e+00 -2.922487156937996211e+00 -2.557727265194400523e+00 -2.149069396283182165e+00 2.708121992587060323e+00 2.590194375879873334e+00 2.441395540963636535e+00
-2.791144075327651741e+00 -2.296009478356400457e+00 -2.154786837000120858e+00 -1.669383062522688199e+00 -2.259019649107887773e+00 -2.750724585932972754e+00 3.138479395226105861e+00
-1.891567517829822354e+00 -1.717158074095504361e+00 -1.789727377115710505e+00 -9.797334491056656214e-01 -1.369725217185535193e+00 -1.860458161129706189e+00 -2.413038585667538705e+00
-1.162867335741146091e+00 -1.160657866982118147e+00 -1.484959922031920954e+00 -2.727118932520344874e-01 -6.239487843362939712e-01 -1.070816562181819309e+00 -1.698397563202419525e+00
-4.928500915589943410e-01 -5.152648958573285976e-01 -1.145089241756268361e+00 3.593464019970469270e-01 5.793582813994194863e-02 -3.940119397502514498e-01 -1.012716940359727369e+00
1.411640356668487084e-01 2.902450439745896671e-01 -6.601712171253905082e-01 8.761634460205776076e-01 6.849270696992100227e-01 2.127664970602684280e-01 -3.341793125815481491e-01
7.643425049137593241e-01 1.259247715914087573e+00 -1.636926276453216575e-02 1.294562277084716051e+00 1.255388461717196424e+00 8.219714066133521069e-01 3.640965611143140990e-01
1.363250452808307145e+00 2.256697944327518357e+00 7.243756402553833684e-01 1.719281652396071225e+00 1.751989795239091263e+00 1.448430760385899463e+00 1.098287505573851242e+00
1.898040484724876187e+00 -3.100414191422176113e+00 1.513206820205441172e+00 2.200106964783276275e+00 2.155539184493112881e+00 2.075738759213964890e+00 1.861215576021913121e+00
2.260176754358654172e+00 -2.250618369744171954e+00 2.222042381844526737e+00 2.731234344716495954e+00 2.505664803878137725e+00 2.677970843107257082e+00 2.657521178997670930e+00
2.502721318822140883e+00 -1.508596260525633559e+00 2.686594186825717046e+00 -2.964345245829500985e+00 2.918426073370330442e+00 -3.047750319625445403e+00 -2.809862597567939435e+00
2.972486522364230055e+00 -9.714073941606058415e-01 3.119424458610622786e+00 -2.323946681917238077e+00 -2.814717788478400262e+00 -2.520392118102939172e+00 -2.018287907431919770e+00
-2.640526836503680475e+00 -1.026604401957764701e+00 -2.536016281054807031e+00 -1.587140448237402968e+00 -2.132769184290571829e+00 -1.978136447293983968e+00 -1.282671821871031348e+00
-1.865467790733694287e+00 -9.955010480443150511e-01 -1.779341499192276466e+00 -7.301652585437834464e-01 -1.344509716734268556e+00 -1.370711443156889198e+00 -6.334726389979951078e-01
-1.048987034489979875e+00 -3.425483868538249932e-01 -9.841252421849082666e-01 2.034028014841396670e-01 -4.907725142629071335e-01 -6.908237577576245014e-01 -8.563086348606632758e-02
-2.188219408335211336e-01 5.087104894589212778e-01 -1.845517349671125240e-01 1.126378654428700443e+00 3.787197562900753711e-01 4.114802710539820774e-02 4.140670017846775353e-01
6.121311116768781702e-01 1.467562687792094200e+00 6.040891385589352014e-01 1.971525730317619463e+00 1.222042077914173186e+00 8.035302014728199493e-01 9.531411954216139071e-01
1.418615502655238059e+00 2.439969308085285782e+00 1.353292516658612055e+00 2.741912707860014731e+00 2.009797379367350700e+00 1.569026908516027330e+00 1.555334405376350926e+00
2.174083886864302428e+00 -3.013015252996340987e+00 2.041166841530396514e+00 -2.832321199261860212e+00 2.723802951888933510e+00 2.303689661286947743e+00 2.141056991981893365e+00
2.838503225019660015e+00 -2.458637261534574403e+00 2.649011072312947856e+00 -2.236329411249116994e+00 -2.937411230425524433e+00 2.952321952266204974e+00 2.428158096706666491e+00
-2.902316826884169032e+00 -2.092652497833737968e+00 -3.118272025171458850e+00 -1.882899793751497963e+00 -2.437741370270637642e+00 -2.850763304331346948e+00 1.910279881762833698e+00
-2.414737565739473624e+00 -1.650852480165262870e+00 -2.705215220368859530e+00 -1.799828907881680484e+00 -2.067185151352436634e+00 -2.540990409955573792e+00 2.048062500503670780e+00
-1.899951897479169372e+00 -1.241124855031338292e+00 -2.435118256538224557e+00 -1.574555755476604091e+00 -1.752144013781267162e+00 -2.242403699801938988e+00 2.505265347073215576e+00
-1.343830256849519955e+00 -9.623446850510576356e-01 -2.186231596866424987e+00 -1.223848716677434778e+00 -1.409432158155795811e+00 -1.860800125841316488e+00 3.008172535562835925e+00
-8.039764010321673871e-01 -6.832797321000408930e-01 -1.805747978559189004e+00 -9.264332794614897892e-01 -1.035186395824799988e+00 -1.432773196926783621e+00 -2.737913096223651976e+00
-3.627528985672195949e-01 -3.485082236439211445e-01 -1.300474688049049865e+00 -6.723747867658045330e-01 -6.031986617253964900e-01 -9.693247885963977017e-01 -2.255088506294613548e+00
-6.999281777207357058e-02 -9.393634301104798745e-03 -7.240844818110427905e-01 -3.578958176613808440e-01 -3.627206436424093572e-02 -4.555931985288591557e-01 -2.314945652067690762e+00
1.487450449093171145e-01 3.186419529723301669e-01 -1.094709632496085605e-01 3.315547444619975498e-02 7.705238004518465411e-01 1.092365174949302686e-01 -2.720409561564034018e+00
4.933220665353494905e-01 7.372149663096759786e-01 5.336421603155784288e-01 4.289627082285063508e-01 2.199029317658019345e+00 7.320020117294352424e-01 -2.334757524655042271e+00
9.815215690386611680e-01 1.244407931092285313e+00 1.190231900100775952e+00 8.571046022800891118e-01 -2.593678241935157391e+00 1.427704533255799602e+00 -1.889457441653681791e+00
1.559732690075096517e+00 1.779160004190053490e+00 1.847149392617788655e+00 1.371491864555679285e+00 -1.718219852940251036e+00 2.249810397571376797e+00 -1.677108638567129217e+00
2.176757371423094334e+00 2.291556279824148668e+00 2.487962727175248911e+00 1.941115740241363463e+00 -1.026156404885514517e+00 -2.946934918926515490e+00 -1.503188177595648378e+00
2.788258059382302534e+00 2.810137992743359625e+00 3.106518196558468503e+00 2.447156489159108883e+00 -3.504700441255766963e-01 -1.476431724339869467e+00 -1.023469305387315842e+00
-2.988973544935341398e+00 -2.879852055799676958e+00 -2.566170981799994699e+00 2.805152547084422299e+00 3.999029316272517676e-01 -2.063101908066906909e-01 -3.817435850556843979e-01
-3.141018606314023742e+00 -2.234221288496683666e+00 -1.975427366916566063e+00 -3.085847443737487872e+00 1.274165358927167535e+00 7.161191591311717453e-01 2.627126033441320452e-01
2.800378279587163455e+00 -1.605894925420303876e+00 -1.427522133150875394e+00 -2.534098880348420568e+00 2.263720988277360568e+00 1.475845138955454328e+00 7.773729493602180574e-01
-3.030623432364455194e+00 -1.118780400744272541e+00 -1.101326173141233600e+00 -1.904493951459529377e+00 -2.994088431971521302e+00 2.147193691466785737e+00 1.108404606397102032e+00
-2.404571882579103814e+00 -8.311626781304506384e-01 -3.001302737894336659e+00 -1.331834718964738595e+00 -2.066102752711858948e+00 2.752791492210623137e+00 1.533839995433620151e+00
-1.761673026814542631e+00 -4.673076009606587089e-01 -2.524266448832000354e+00 -9.553168274477933375e-01 -1.426572407953614396e+00 -2.974014170354121855e+00 2.201583270566603634e+00
-1.198897944444135000e+00 7.067559918454402457e-02 -1.824234597153057358e+00 -7.102291106635818529e-01 -1.362691177646820018e+00 -2.417221161857500800e+00 3.025398953179030848e+00
-9.029645928658338594e-01 6.597186800263675766e-01 -9.236351525730652767e-01 -3.053770884865930069e-01 -1.153765346839172201e+00 -1.804808992619111763e+00 -2.345541932416354225e+00
-7.768270550591289680e-01 1.195977165231008499e+00 2.782866546307285471e-01 2.506470828338754897e-01 -5.384631851842363037e-01 -1.114995819143028255e+00 -1.390544150296937786e+00
-2.856660490578158407e-01 1.795982891618105981e+00 1.443322178235560305e+00 8.544987410033475506e-01 2.272976089899279295e-01 -3.479680027755254201e-01 -4.258296933498943448e-01
4.715804329354739144e-01 2.592306940636847745e+00 2.359913335673769819e+00 1.487024521178685443e+00 1.108298050430223336e+00 5.122065556577054535e-01 5.462863755149498513e-01
1.377988429841049856e+00 -2.783127167603968388e+00 -3.135065979373242939e+00 2.175371198232753489e+00 2.163441656020752557e+00 1.509021837605195371e+00 1.574427841475787737e+00
2.375802831794564529e+00 -1.886315561365506932e+00 -2.418460377334982869e+00 2.959109697662675398e+00 -2.960165426296909263e+00 2.598932401630940081e+00 2.772939151674492564e+00
-2.893396151702873009e+00 -1.065038330191208749e+00 -1.765175441375773202e+00 -2.384438150063860729e+00 -1.994551546994670410e+00 -2.725016705031501285e+00 -2.115080560820045363e+00
-1.965237460998415564e+00 -3.217598660286980494e-01 -1.161132640139135974e+00 -1.266312934013628766e+00 -1.338213608899983420e+00 -1.993480478552039248e+00 -9.327132534292410515e-01
-1.212980805685593744e+00 3.595827569919782252e-01 -5.888618048781931735e-01 -2.185658051558103665e-01 -9.290401544054439631e-01 -1.395899326370062532e+00 -1.127903462655180516e-01
-6.231992139803154140e-01 9.681679807359391265e-01 -4.344876332502121269e-02 5.473277176374177211e-01 -5.264587649683085679e-01 -8.105848381973844718e-01 4.838366529148160899e-01
-4.636520595181514021e-02 1.433584499464763740e+00 4.597773708261734815e-01 1.050927037924123342e+00 -1.449304739854653616e-04 -1.997318687373010326e-01 9.673215699538794121e-01
5.979413686994237143e-01 1.433129901101823256e+00 8.148065890815615608e-01 1.394478065096102615e+00 5.931292049059974092e-01 4.073860877026461158e-01 1.381563579306585243e+00
1.278466257498393377e+00 9.784222893400106313e-01 4.030412776444186052e-01 1.787715549735186205e+00 1.198056335871036548e+00 9.702039570371784327e-01 1.804746179435404718e+00
1.940184124883130634e+00 1.156959104785495462e+00 2.319088392318591554e-02 2.306702157859869207e+00 1.792574711391311970e+00 1.457818153620585200e+00 2.380074224724178844e+00
2.552629938528182763e+00 1.585179257788069007e+00 4.279154487811743790e-01 2.876999200696316983e+00 2.375344442922112442e+00 1.870435824669364866e+00 -3.068487477430309696e+00
3.110378509271489733e+00 2.081668618460641884e+00 9.826707942687670227e-01 -2.909698548614537028e+00 2.957473053958218578e+00 2.204282500014374868e+00 -1.725783046938220933e+00
-2.653507055031845585e+00 2.599902330976169740e+00 1.574173218571927046e+00 -2.802263990758019574e+00 -2.704927984148694620e+00 2.081424564476960448e+00 -1.821273805287149661e-01
-2.135388693549669092e+00 3.108356501661890370e+00 2.154680459018144312e+00 2.516651146334797140e+00 -1.893029011649242310e+00 1.207264656986676288e+00 8.274123452425363734e-01
-1.623409014322767518e+00 -2.732912202848217564e+00 2.662168131880968236e+00 2.208652331659679113e+00 -3.648082471806787797e-01 1.526056329772883080e+00 1.580060311547795804e+00
-1.247642029700716693e+00 -2.417479081141892916e+00 3.051759909941941018e+00 2.419489278755400541e+00 1.009545424229747024e+00 2.099011020461321930e+00 2.185589733683874325e+00
-1.590083721150043594e+00 -2.172355343197743593e+00 -2.798596931863640336e+00 2.885474212482299627e+00 1.810012183539360109e+00 2.730468893366954752e+00 2.667634733848913697e+00
-1.833048012753177636e+00 -1.827777104501181249e+00 -2.121335049127006211e+00 -2.827725604495428424e+00 2.466766518010301557e+00 -2.915045584719240246e+00 3.077009316149169837e+00
-1.431205052762389407e+00 -1.362271817106082139e+00 -1.290922250344095135e+00 -2.229862087129625525e+00 3.061533160247693175e+00 -2.306519883595671949e+00 -2.802228419996502407e+00
-9.070959130409300686e-01 -8.618399125184129650e-01 -4.481071494812457479e-01 -1.646421967436440648e+00 -2.669591576662968979e+00 -1.780085888464392863e+00 -2.388554618499301174e+00
-3.747553224247073267e-01 -5.327990965557752867e-01 3.459238644159811082e-01 -1.114769948243165443e+00 -2.142679933258463620e+00 -1.542959847316223820e+00 -1.995423201770597732e+00
1.217386743115759645e-01 -1.052829320149010206e+00 1.074122742292160204e+00 -7.250732956356088499e-01 -1.634507843146343564e+00 -2.307577815895441642e+00 -1.701898581612189654e+00
5.221312652168744739e-01 -1.143214333800506299e+00 1.720182086674371558e+00 -6.751573237335370958e-01 -1.160090256692751565e+00 -2.358695841076360100e+00 -1.634241738379573317e+00
6.701166803147577955e-01 -7.646812088165099164e-01 2.199123169220791763e+00 -6.937850478434479662e-01 -7.096885577545855028e-01 -1.946575421171956366e+00 -1.631050384310067880e+00
6.043549933105840655e-01 -3.543725225776142573e-01 1.954741417223232469e+00 -3.790530860579194861e-01 -2.151803145421741781e-01 -1.448713153145368970e+00 -1.391451786635240495e+00
8.379474526807324519e-01 8.519527691859020424e-02 1.505387740009848541e+00 2.286716140845650863e-02 3.792593422703120498e-01 -9.671208642817979984e-01 -9.973545326345684137e-01
1.312423791331265521e+00 5.958321779507457228e-01 1.877068997263260597e+00 3.231629920989638749e-01 1.081054431197235655e+00 -5.967735683025989779e-01 -5.450016690424275279e-01
1.861111472596121530e+00 1.161774313006850301e+00 2.384534101605221945e+00 6.411912485952696583e-01 1.859021983090803465e+00 -3.883315988462422985e-01 -7.165031769706536879e-02
2.389394788827187366e+00 1.841808626621877609e+00 2.891663695557435076e+00 1.216723617495858001e+00 2.574245690087368921e+00 -1.721307427499608744e-01 4.081966934799876046e-01
2.752653034652313035e+00 2.805801982970737019e+00 -2.913849196004605346e+00 2.005598824260681035e+00 2.909583645994601397e+00 1.836768472338533298e-01 8.964753526872859535e-01
2.686048474890186721e+00 -2.370399695195322565e+00 -2.460512532296943000e+00 2.888655389381405314e+00 3.063226107751603866e+00 6.084425991654467403e-01 1.401706399820507709e+00
2.682987683082245223e+00 -1.442043111891903262e+00 -2.010558236103074492e+00 -2.512400796430328320e+00 -2.738299062444760956e+00 1.049094740732912312e+00 1.908840243807098158e+00
3.065507207152273761e+00 -6.599461923229273941e-01 -1.534432183997761934e+00 -1.691834954333322205e+00 -2.136102353999125292e+00 1.528417428279655876e+00 2.296661483115186808e+00
-2.733480823590335174e+00 6.834844282100888124e-02 -9.547709277424516472e-01 -9.534736946984111450e-01 -1.553405221042987616e+00 2.080163011647842897e+00 1.442435148790591537e+00
-2.261224787268339309e+00 7.955203082580288854e-01 1.963454154616032232e-01 -2.872334216450530553e-01 -1.037607965222154371e+00 2.717587599312943247e+00 1.436208550700932118e+00
-1.784867114831616419e+00 1.545612369616923276e+00 2.092151941606515297e+00 3.123019828051259439e-01 -5.628491956226586712e-01 -2.787750845244453490e+00 2.297704017219670991e+00
-1.226143854087146101e+00 2.328636400242198867e+00 2.934502826806955511e+00 8.177637432983799748e-01 -4.920610262396495765e-02 -1.609280033802967580e+00 -2.923724811989900196e+00
-5.656859522907340398e-01 -3.120030944005432350e+00 -2.706926636186134605e+00 1.235683586531713285e+00 5.517458024764430036e-01 9.298110645369704608e-02 -2.024990761778380222e+00
1.495519417560737807e-01 -2.214980798216358071e+00 -2.104108902523042612e+00 1.722829571700047024e+00 1.230473755577265127e+00 1.238574931313809468e+00 -1.454588809467186383e+00
8.580056385038283828e-01 -1.295110605061130071e+00 -1.517015785709572739e+00 2.425474443859499285e+00 1.953093408955457910e+00 2.049029511370370482e+00 -1.195234699733674688e+00
1.491374125931830497e+00 -4.580059050757351868e-01 -9.337593415068361491e-01 -2.798762569470232275e+00 2.678466860352786583e+00 2.676367877069826928e+00 -8.648352769301830278e-01
1.977648631892952258e+00 2.844426711594468804e-01 -7.828651109575940348e-02 -1.436270517672698643e+00 -2.920501785430341002e+00 3.098468647042317503e+00 -3.283128353527752785e-01
2.309923027759984926e+00 9.942527455869719644e-01 2.918906909796416649e+00 -4.324990983431675762e-01 -2.329538664186263652e+00 -2.899411010998150573e+00 3.026297171669376507e-01
2.661316563607229124e+00 1.753522448936366773e+00 -2.734533983499731313e+00 2.774339617204378272e-01 -1.962638439313827865e+00 -2.531416965178126421e+00 9.701167000141860397e-01
-3.127069468049601397e+00 -2.070575255926167202e+00 -2.143019590793829643e+00 8.008860219727046426e-01 -2.020490991348754317e+00 -2.036356603407576848e+00 1.662036142632905777e+00
-2.527423894019675821e+00 -1.226531100907275601e-01 -1.601525502059527373e+00 1.175536311153249747e+00 -1.907110131947230558e+00 -1.500461809822269732e+00 2.371952724768176868e+00
-1.874637236117246974e+00 6.347602774273086723e-01 -1.382055879491477013e+00 1.585652089783205598e+00 -1.461893787369351383e+00 -1.016995311281761571e+00 3.077499825447073789e+00
-1.242220096180177036e+00 1.329863598856510176e+00 -1.960590459797644014e+00 2.139092164617642400e+00 -9.697250947158131407e-01 -6.938572596633590939e-01 -2.552594188310341572e+00
-1.083989534213030126e+00 1.955001749259232202e+00 -1.739684378009495269e+00 2.795852493715810905e+00 -5.660967975097048743e-01 -5.656584126865134010e-01 -2.005428346998374245e+00
-1.634287735573311862e+00 2.382747862095647040e+00 -1.139319748337141114e+00 -2.759695845200825115e+00 -2.435316974135146861e-01 -3.424711905603424200e-01 -1.479190076034577528e+00
-8.544877983862816384e-01 2.159819075641871144e+00 -4.360259229841783601e-01 -1.940701571648911772e+00 1.365414798259796947e-01 1.292448858701741587e-01 -8.301273925098248130e-01
2.504610846190781226e-01 2.079564345576345730e+00 3.029687526209076665e-01 -7.135530494792500233e-01 6.378572044875575608e-01 7.610024424128337683e-01 -8.742604604686915470e-02
1.379279234733574278e+00 2.493521888102852913e+00 1.035023496427998513e+00 1.756156983615291933e+00 1.225618816130860100e+00 1.487068416114524005e+00 6.806061637621655391e-01
2.380662053754476482e+00 2.944207323282676647e+00 1.714353175137162344e+00 2.783490252838245471e+00 1.866069612249131149e+00 2.315570993065710681e+00 1.431665874877112277e+00
-3.029595278246558276e+00 -2.974800167335671208e+00 2.247346373591944335e+00 -2.894854927513892395e+00 2.549613557603810587e+00 -2.859335484383217274e+00 2.141705770401116204e+00
-2.239767657370409726e+00 -2.669218792032318266e+00 2.321721211326332135e+00 -2.816948919629620018e+00 -2.989091545373965264e+00 -1.175325201182938928e+00 2.801939785781037529e+00
-1.486358081639809203e+00 -2.354166611485262628e+00 1.935499278280833346e+00 -2.834336467194736642e+00 -2.098605193122965229e+00 4.535379902136476432e-02 -2.849632352655051548e+00
-7.285506367350670365e-01 -2.097702237796046365e+00 2.109872449189057253e+00 -2.414023633040077943e+00 -7.321067567743232418e-01 8.710700643335020921e-01 -2.179909278193781219e+00
1.193212274428901015e-01 -2.030124956809171710e+00 2.524839443804218320e+00 -1.942671529254725860e+00 8.933219601668925813e-01 1.595819344397357620e+00 -1.320693102593665236e+00
1.640698863100894300e+00 -1.971475723060584606e+00 3.028061340058044060e+00 -1.634970727420873793e+00 1.905564800890716004e+00 2.304229258533998070e+00 5.156327376858439449e-01
-2.693177684945720962e+00 -1.620130025265740237e+00 -2.673382257078955604e+00 -1.392598588356634082e+00 2.700652557054378899e+00 3.023312210957816770e+00 2.109348786686109367e+00
-1.818766046406521619e+00 -1.089339429503381806e+00 -2.037745713072157905e+00 -9.462171065177517049e-01 -2.789982833718985145e+00 -2.523077387626938783e+00 2.954917294544549655e+00
-1.164049982044674136e+00 -5.361550391874223553e-01 -1.388704438514616779e+00 -3.357704764070764680e-01 -1.864654072825570941e+00 -1.752477548559047582e+00 -2.634694762229928156e+00
-6.216775244176169224e-01 -1.247409672237422967e-01 -8.038410697342626143e-01 3.260281296633335546e-01 -8.452571633047185617e-01 -9.043051353961083505e-01 -2.022800623564103617e+00
-1.800064208338014726e-01 -1.388989084593992007e-01 -4.700770648198269730e-01 9.394136916014973471e-01 4.710298143013195299e-02 2.220194219695788285e-02 -1.467597394286510148e+00
2.015988843775405326e-01 -3.223933943860833318e-01 -5.310448014978222941e-01 1.243648262912576019e+00 7.480935224087720270e-01 7.832817754916673314e-01 -9.106702716878615211e-01
5.883660972636060027e-01 -2.042243734059103477e-01 -3.006208442103135425e-01 9.374475580489312065e-01 1.311036713328442405e+00 1.257843649573374911e+00 -2.928030453378790976e-01
1.022815514028162953e+00 1.130187294560556360e-01 2.707693711630564937e-01 1.148889693345384932e+00 1.796044629202819820e+00 1.644309455916800777e+00 3.990792210262085749e-01
1.487284429192618163e+00 5.657415520496057448e-01 9.416932527823081989e-01 1.692730362926466725e+00 2.240724860666634122e+00 2.092192256054161259e+00 1.143443858680617042e+00
1.945668915105478014e+00 1.164037083318770982e+00 1.628930113534079460e+00 2.286311256492784327e+00 2.655261451334656186e+00 2.594495912861960907e+00 1.866023086532705877e+00
2.353471040018542126e+00 1.906638132552015197e+00 2.288358100760834901e+00 2.840818450923209060e+00 3.019596536058255953e+00 3.085781454188598616e+00 2.378275737729343309e+00
2.658241929543275539e+00 2.799744072421171737e+00 2.876867214692864660e+00 -2.942370404608263268e+00 -2.983740961102805844e+00 -2.814232999725542417e+00 2.548239495477426786e+00
2.869525129680125186e+00 -2.430317053636643632e+00 -2.971840682171078996e+00 -2.470471655607146655e+00 -2.752327737263745355e+00 -2.648927934408733975e+00 2.940296836746759901e+00
3.112602522066903799e+00 -1.265386455212442751e+00 -2.866220576408035292e+00 -1.995395058964046564e+00 -2.465979226588546069e+00 -2.626462404634561487e+00 -2.687263179812971803e+00
-2.791894918180151564e+00 2.977696674278215383e+00 -2.836418454218013085e+00 -1.514809533639253525e+00 -2.094177702267977281e+00 -2.448611146725580223e+00 -1.973310705433251933e+00
-2.304800957554246299e+00 -2.219491360977770444e+00 -2.494610234120121284e+00 -1.006457046959006618e+00 -1.683021587524258234e+00 -2.112869871531914967e+00 -1.292729998118893331e+00
-1.746299075364846187e+00 -1.214388211901792802e+00 -1.978333810841509388e+00 -4.500119058117822979e-01 -1.283835493992458998e+00 -1.715035029612148598e+00 -3.133364692040309762e+00
-1.146468618073547274e+00 -2.855216506059090054e-01 -1.412507094426390442e+00 1.351389214624829083e-01 -9.323456288323649366e-01 -1.307613769194489572e+00 -2.884602883552002339e+00
-5.227576463905437842e-01 5.790410985705335412e-01 -7.991945092058427846e-01 7.267399410077207689e-01 -6.487885532783332909e-01 -8.974826466731674612e-01 -2.273695128566605828e+00
1.199704824923461810e-01 1.421996635593543834e+00 4.104968168560320096e-01 1.312295134218049775e+00 -4.523098934910248503e-01 -4.696622743523588550e-01 -1.680424901001162485e+00
7.779161530915603695e-01 2.264839716010515147e+00 2.803656873178410169e+00 1.914239934510865160e+00 -3.678149339110042271e-01 -2.462179070822200638e-02 -1.161945689606068699e+00
1.480553724864901000e+00 3.102672668388727129e+00 -2.746282094723992540e+00 2.544980300138113716e+00 -3.656241437221928181e-01 4.187105779410393858e-01 -9.858134434058576367e-01
2.323257396388002771e+00 -2.369866622949055035e+00 -2.140818860314998240e+00 3.135189444317616037e+00 -4.151184195322900061e-01 8.129443279690701241e-01 -1.705632694509896741e+00
-2.705732666396219788e+00 -1.636713408064316200e+00 -1.597416377755874528e+00 -2.746040989852908343e+00 -5.241776478297486275e-01 1.021760730391995331e+00 -1.587264102084656958e+00
-1.398604616302068226e+00 -1.003921132981130837e+00 -1.105950068823722265e+00 -2.476813611240701540e+00 -5.631733910051703873e-01 2.028441500176645373e-01 -1.179925286857116395e+00
-6.154249063319765511e-01 -4.522105877009545694e-01 -6.516607854748683870e-01 -1.964504957287055653e+00 -3.943768755590255637e-01 -2.289534816928935346e-01 -7.787329269575886670e-01
-6.598710487846058681e-02 4.107039278825731082e-02 -2.498384548951756157e-01 -1.372646765662416612e+00 -7.712470409073547695e-02 4.818824511584274273e-02 -4.076930172364380822e-01
4.043160032940856796e-01 5.033549838131253784e-01 1.872552184932149005e-02 -8.216480154969202365e-01 2.912632142857509154e-01 4.590938954099197944e-01 -2.825039205175037399e-02
8.387152374568521696e-01 9.611721669589496919e-01 4.295096497892769705e-02 -3.145552436154664955e-01 6.232486128998245833e-01 9.098911417486738040e-01 3.954198934771517293e-01
1.297848146946174008e+00 1.592962831759227704e+00 1.392150657892435861e-01 2.064626953959534661e-01 8.703153933955707355e-01 1.376535921165505272e+00 8.702957252594991644e-01
1.814816050671810066e+00 2.413047742218692893e+00 4.499388485219648626e-01 8.311780993825951258e-01 1.080224444290501795e+00 1.852651822096365253e+00 1.404384224823832072e+00
2.405258592813353413e+00 -2.940770065666598487e+00 7.775806403272130796e-01 1.570664588079920154e+00 1.310606207864545958e+00 2.346401445489097348e+00 2.000384316838197840e+00
3.076593834527627802e+00 -1.932329582602381857e+00 5.911420736342499760e-01 -1.779216138111636702e+00 1.366397639232018735e+00 2.867991248524019543e+00 2.658100591391755252e+00
-2.463143320531239855e+00 -8.451997167326689153e-01 6.065532483208457837e-03 -2.572570423436894571e-01 9.879018026139730901e-01 -2.886938926641830161e+00 -2.840641346128018441e+00
-1.648543427325163568e+00 3.577189944320086079e-01 1.811229155354632803e-01 5.466489045383567946e-01 1.022047582008509758e+00 -2.832549389248513627e+00 4.229928139350062066e-01
-7.952270692259663099e-01 1.640443262615682407e+00 5.395877656943748324e-01 1.306078191670402289e+00 1.394925838768347859e+00 1.660868975761840449e+00 1.272375863747381430e+00
2.881002544207613217e-02 2.800204669143152802e+00 8.653154777850537993e-01 2.043321102414555224e+00 1.843191231209372116e+00 2.172147049556010678e+00 1.902963512988522288e+00
7.603856719279513676e-01 -2.539932209330506119e+00 1.118015102983824338e+00 2.759455211184365542e+00 2.281390269865663623e+00 2.671142569997715821e+00 2.468583630595581280e+00
1.344649468154865080e+00 -1.776156152745818728e+00 1.278029046994048290e+00 -2.840343491356617456e+00 2.670616408263266184e+00 3.105461659357874549e+00 2.966245552200423852e+00
1.818958895894012162e+00 -1.188603497112926233e+00 1.391444723719934551e+00 -2.193673654787086758e+00 2.997201229471845085e+00 -2.814843595223470718e+00 -2.921221092633547567e+00
2.289340334333769711e+00 -8.085272461651693554e-01 1.526122002008171830e+00 -1.598452972312681908e+00 -2.980552187370808515e+00 -2.485090886299560875e+00 -2.683436829475555285e+00
2.830739920892093586e+00 -5.986432599322003556e-01 1.720094961305739023e+00 -9.999888540159356243e-01 -2.624982812070989269e+00 -2.144039707161038422e+00 -2.563756447545245454e+00
-2.817254286842347355e+00 -3.276055372743555405e-01 1.834633353747285422e+00 -3.225959916768998403e-01 -2.196901547656272324e+00 -1.751769297402470338e+00 -2.544063708073898589e+00
-2.148221408579558123e+00 1.291431832685016046e-01 1.524431397115778797e+00 4.103823145361528701e-01 -1.737096925430277272e+00 -1.306009351348524250e+00 -2.674465775291968939e+00
-1.501726167472000384e+00 6.738091089589480776e-01 1.308070780589956739e+00 1.152560306348732633e+00 -1.316172816437075621e+00 -8.248055628275322571e-01 -2.605555631699534747e+00
-1.784208211386245413e+00 1.250093481772966308e+00 1.519900860415932087e+00 1.849475795725372684e+00 -1.078791268548246141e+00 -3.280226380441064182e-01 -2.281100960123647159e+00
-1.988627117238404685e+00 1.801482568055707389e+00 1.824551992209229478e+00 2.443993744101478516e+00 -1.525059767951162382e+00 1.482525936449191617e-01 -1.917999480779151611e+00
-5.204462687418084377e-01 2.282977499882064443e+00 2.041449265499609478e+00 2.825809739962546807e+00 -2.087577701686060827e+00 5.670380999986958104e-01 -1.590977407287259782e+00
6.014705385805048099e-01 2.687441571077489932e+00 2.150544013953309186e+00 2.886817354456340912e+00 -2.036785150817982615e+00 9.010145123087821561e-01 -1.220268440480208882e+00
1.408094762830741198e+00 3.044725079486734653e+00 2.327605786408445177e+00 3.013687069389940909e+00 -1.838386291260843741e+00 1.367975570727130163e+00 -7.403787978935381098e-01
2.067814431435187394e+00 -2.885799686726885582e+00 2.658415865806946776e+00 -2.930548163896462555e+00 -1.570910372234370245e+00 2.456003062987678565e+00 -1.760941218180762102e-01
2.634796611632113983e+00 -2.684485913721724515e+00 3.063492704113521370e+00 -2.520023889256587601e+00 -1.259141295651377002e+00 -2.590933599015666999e+00 4.518672639353105702e-01
-3.127005376133376480e+00 -2.676580580927289787e+00 -2.752735975584101435e+00 -2.191350195041410043e+00 -9.455058221912049365e-01 -1.790076662507777305e+00 1.310207639892299269e+00
-2.619136583107171568e+00 -2.591760430888455424e+00 -2.230954481318659255e+00 -2.039576121521455399e+00 -6.882012417180669583e-01 -1.157082226321075158e+00 3.016861920997226498e+00
-2.062012094166966847e+00 -2.329139027459050659e+00 -1.632629746989731734e+00 -1.920298066396189274e+00 -5.143773153561962408e-01 -5.674554267156293186e-01 -1.962307103298265076e+00
-1.455808406569772062e+00 -2.174570177263977389e+00 -9.463493043059613141e-01 -1.553721229515527380e+00 -3.177942565134194708e-01 4.433997617079414588e-02 -1.112353931026413445e+00
-8.120384773597374428e-01 -2.100432080736996721e+00 -1.475672726643332058e-02 -9.721354558976293969e-01 -1.018973199607521064e-02 7.024305557547997347e-01 -3.169435002573410265e-01
-1.420841640741258849e-01 -1.930219664927917522e+00 2.271043279727864128e+00 1.889610639110663459e-01 3.689269014611368802e-01 1.456584615464712851e+00 5.101277625292121032e-01
5.098237963647693771e-01 -1.631101200203209034e+00 -2.844586916895463169e+00 3.094933496477156876e+00 7.099097464610485408e-01 2.387409669052109606e+00 1.443709947133539950e+00
1.091976085599733581e+00 -1.257394210203894191e+00 -2.129867081024251263e+00 -2.473450783250831897e+00 8.374353523594660897e-01 -2.675425214306650368e+00 2.572040913574969334e+00
-9.387463702369988061e-01 -8.524241169375975646e-01 -1.490106806868178202e+00 -1.889000789731413610e+00 6.801990073926981184e-01 -1.360785850651307749e+00 -2.423113822462193312e+00
-4.709675799433563070e-01 -5.970117532616145972e-01 -9.837981482177905468e-01 -1.406087838412289459e+00 7.903652384698384159e-01 -3.025967877018382879e-01 -1.256012078385188024e+00
1.179910339823508902e-01 -1.594080132426707541e+00 -1.350951767711541240e+00 -1.047809514887375837e+00 1.215644842350417143e+00 5.302406768280385485e-01 -3.271879907222744466e-01
8.834080407196566176e-01 -1.411567621706981024e+00 -1.801833120155525325e+00 -8.060338293721517333e-01 1.825827402005326228e+00 -1.996670779015655151e-01 -2.079484485934181670e+00
3.110590176963022202e+00 -7.923994805645464545e-01 -1.319385161372939042e+00 -5.807549861628273913e-01 2.740009175406802555e+00 -9.126234644117150463e-01 -1.539668307063104535e+00
-1.731304994773451789e+00 -1.679418991959984175e-02 -6.722959969933682833e-01 -2.925677863561780279e-01 -1.661479505341938889e+00 -2.677751873992831877e-01 -7.677949883218889715e-01
-1.067973258540375614e+00 8.202767810152525874e-01 1.230832063839433672e-02 8.807826693075841706e-02 -4.992286989217594728e-01 3.435939195973223836e-01 1.165811391472394709e-02
-4.896236249884964309e-01 1.749077864642997859e+00 7.248937979671847831e-01 4.836640581666441507e-01 1.684035114074596273e-01 9.028813167768680037e-01 7.897013926143792162e-01
4.367948650255960852e-02 2.731486288252422678e+00 1.326257221135877629e+00 8.332827944413967458e-01 7.055468862316074397e-01 1.397511950034472150e+00 1.592328240677945983e+00
5.785571332644207088e-01 -2.578449635102177950e+00 1.757579183815762391e+00 1.033087822122077615e+00 1.176030069429679470e+00 1.876101243814205288e+00 2.447026910697615243e+00
1.089432115292495062e+00 1.099896103025765015e+00 2.074000161124013086e+00 1.136096574354208633e+00 1.594103124164674146e+00 2.404421116646931367e+00 -2.893206188945012247e+00
1.585307047880811560e+00 1.972156001840826178e+00 2.394131587442049458e+00 1.283991051181519127e+00 1.979995531642637197e+00 3.050386910712839850e+00 -1.808375393617709159e+00
2.037437738953704169e+00 2.767465092573334839e+00 2.774637633623703525e+00 1.543068397555605209e+00 2.325253806798327272e+00 -1.312214442973229644e+00 -6.672277158789193807e-01
2.359856322166968834e+00 -2.771195600144961801e+00 3.070795728262672331e+00 1.912220243304269651e+00 2.529993186752147682e+00 5.854957171892486434e-01 2.868950743287156380e-01
2.421504542725317677e+00 -2.024565347068861154e+00 -3.074451779267721285e+00 2.405310882122929872e+00 2.540033904309605628e+00 1.327631400405735684e+00 1.034568886879341676e+00
2.357005974971585704e+00 -1.457614323020949954e+00 -3.016508005026534711e+00 -3.121215536119682277e+00 2.683950441420317912e+00 2.008348161412599975e+00 1.674565990896220713e+00
2.632259794053578794e+00 -1.936387607410062994e+00 -2.708900770752688203e+00 -1.857907698592082157e+00 3.111427615850980821e+00 2.672630714430896948e+00 2.302918875653496844e+00
3.111524198185564583e+00 -2.023734859994243962e+00 -2.253603784070091987e+00 -6.587535786095457535e-01 -2.581497637248852506e+00 -2.967016842349213590e+00 2.957441181589257617e+00
-2.570395130490909175e+00 -1.189262642817954241e+00 -1.737138141067968045e+00 1.143381432285179439e-01 -1.884830994460056974e+00 -2.337976677301917494e+00 -2.659137878052157067e+00
-1.949235646904782460e+00 5.898751434379688741e-01 -1.262770860410631579e+00 7.027061380634944676e-01 -1.104781481631969875e+00 -1.728009886040484888e+00 -1.973349533735561989e+00
-1.322581031355115178e+00 2.086602905640798866e+00 -9.709996121026338578e-01 1.245741938805311477e+00 -2.557221583771264739e-01 -1.121280367273791434e+00 -1.252723596903298819e+00
-7.037101958346948516e-01 2.871219619890450936e+00 -9.339920689850434998e-01 1.739742562825588035e+00 6.190078549109980788e-01 -4.876106888820144203e-01 -3.281610590054102050e-01
-1.218791802688906079e-01 -2.829690094309190052e+00 -7.814553307435904150e-01 2.102583976095536933e+00 1.408258627918029138e+00 1.998823199194762479e-01 1.628759093680802517e+00
5.069068489744772421e-01 -2.508494007468767606e+00 -3.242863600452453032e-01 1.789963841826031077e+00 1.983466010688134773e+00 -2.479318004557748978e+00 2.762427304094853930e+00
1.109496235937448283e+00 -2.356521882443844973e+00 2.812803583879037728e-01 1.456942482740352318e+00 2.234026457836058910e+00 -1.015015339508996028e+00 -2.903914636240230163e+00
1.721936245055023518e+00 -2.341842092559496269e+00 1.025371382298013279e+00 1.866620745377069346e+00 2.391600623309046547e+00 1.800693834933595028e+00 -2.378694643914078810e+00
2.318032106171301621e+00 -2.188553117769788781e+00 1.863055731179166896e+00 2.448694820593052324e+00 2.752853806566733841e+00 2.662394794837524614e+00 -2.017783211157595513e+00
2.874613023015045066e+00 -1.875710250623230824e+00 2.728244652412829208e+00 3.119796190156678861e+00 -3.039175203060862973e+00 -2.870209957506424381e+00 -1.964690498516486583e+00
-2.853182963000033823e+00 -1.466111428783602344e+00 -2.732671910019124351e+00 -2.465024119430689886e+00 -2.459020906901289827e+00 -2.137089345976714405e+00 -1.953047889553970018e+00
-2.328720546226345167e+00 -1.083961091834996004e+00 -2.033630654412501571e+00 -1.721741914495312997e+00 -1.821702734932340473e+00 -1.431364563658957589e+00 -1.669032348441472413e+00
-1.800651694842413608e+00 -8.382492545939213002e-01 -1.439243708295979918e+00 -9.409249847192519001e-01 -1.139731610968502951e+00 -7.334005464821162779e-01 -1.338865560090148676e+00
-1.302208681492807107e+00 -6.929559113004060134e-01 -9.676911300778019420e-01 -1.007436217912195953e-01 -4.123285428395150332e-01 3.602639692379235037e-02 -1.134083007807155985e+00
-8.664168928672422165e-01 -8.087819361592667455e-01 -7.106605571707833580e-01 8.531811408307402589e-01 3.911147790633366927e-01 1.530520231057866942e+00 -1.009749392922671740e+00
-5.175002549337659463e-01 -1.044243587151022501e+00 -8.569330499741810714e-01 1.758640540697504306e+00 1.348499455239805078e+00 -2.393753104323258274e+00 -9.208522206760368922e-01
-5.322001072639730435e-01 -9.751330739987073004e-01 -1.652338523235345802e+00 2.582050478990746356e+00 2.417207968253649586e+00 -1.512723230451910261e+00 -9.241775776211963445e-01
-7.867487248691010793e-01 -7.190861779409823962e-01 -1.817631993272818880e+00 -2.969583187336848784e+00 -2.867205381802885977e+00 -6.988305001605492617e-01 -8.033545095340104414e-01
-8.646728200612820991e-01 -1.079621456241788069e+00 -1.670879352790059835e+00 -2.714280455282989557e+00 -2.022646590890097684e+00 1.648950632978731790e-01 7.472930919234005431e-02
-8.512969617937646838e-01 -1.536092115667711422e+00 -1.458865444498345099e+00 -2.714158348868571213e+00 -1.418858260366393953e+00 1.216656356065814126e+00 2.661974355936688408e+00
-1.135870364422938206e+00 -1.311189473398040262e+00 -1.225420260985406129e+00 -2.214227687256915544e+00 -1.208191790267821197e+00 2.415099095315917044e+00 -2.797195056953692305e+00
-9.984187986004040560e-01 -9.300892856410000187e-01 -9.222655177736063248e-01 -1.349498633693286820e+00 -1.102657300309751065e+00 -2.820150963842396052e+00 -2.140606849321443850e+00
-6.077541466580286267e-01 -5.688237701909528710e-01 -5.621063426255441531e-01 -3.558096496996208669e-01 -7.210516902478159018e-01 -1.959903009021534359e+00 -1.585973817416222564e+00
-7.839137206872506813e-02 -1.948717841679703244e-01 -1.164654118272431815e-01 5.831385028122729741e-01 -1.985630633163595893e-01 -1.237166762109394247e+00 -1.125092622626086003e+00
4.279845365500866694e-01 -5.385240390940224109e-02 2.689453946798970874e-01 1.502727347876112729e+00 3.244492797062977774e-01 -6.003651164904885151e-01 -7.763730642138773064e-01
9.540885908223272205e-01 -2.379747694160497529e-01 4.389164033954866539e-01 2.342297312664673559e+00 8.380253990391275387e-01 2.806190292332974741e-03 -6.203047796586129703e-01
1.315327959250441880e+00 -4.943146706308468308e-01 -3.844535551405702800e-01 3.040453034043501201e+00 1.189854365547870829e+00 5.298477114931362530e-01 -5.506486948460588282e-01
9.528947727221160902e-01 -2.492916303352589458e-01 -3.236526337790385233e-01 -2.657543363769092615e+00 5.295602334045119708e-01 1.073083551812632708e+00 -4.204050594408220709e-01
1.507026898138068005e-01 1.302962409250471229e-02 2.452473997592090251e-03 2.367135184431466755e+00 1.051314712555875136e-01 1.556061894487583475e+00 -1.516306009268338639e-01
4.898743324343880490e-01 3.760872915380507608e-01 4.383738016109047231e-01 2.702067994378444027e+00 5.345077912588076519e-01 1.898456148434936264e+00 4.561240877570254398e-02
8.081965480842563387e-01 6.249784294259624895e-01 7.562486439666050719e-01 -3.043934153580555524e+00 9.660958469204597998e-01 1.417337943841250558e+00 2.575969662646119263e-01
1.218199600432574137e+00 1.060244583537379937e+00 1.139675717999829585e+00 -2.276152557302353330e+00 1.316490605401917424e+00 1.356121810397203253e+00 2.768215379190644421e-01
1.543568258987165098e+00 1.511712619511736744e+00 1.483633176582642044e+00 -1.548961075146847222e+00 1.423518222543920686e+00 2.434779862634922409e+00 -1.838663455913968292e+00
