-1.259250200784340468e+00 1.092178500828060894e+00 -1.412012024355062234e+00 1.490904320940106498e+00 1.374442543161217722e+00 1.539619422534906246e+00 1.505702051686671705e+00
1.687935304097020639e+00 1.702983458907844305e+00 -3.816046699615752713e-01 1.947876577209584070e+00 1.304957672695903348e+00 1.903158093349668789e+00 1.825132222999098275e+00
2.171997303630263776e+00 2.171144506112207662e+00 7.388199168682879625e-01 2.377105325250133738e+00 1.650671371636491358e+00 2.288018662802821179e+00 2.114693887302538045e+00
2.613221832475367989e+00 2.642058916418763115e+00 1.717342419786212160e+00 2.686438105388746944e+00 2.063337992956794320e+00 2.577616000357021431e+00 2.162100693157060771e+00
3.101181366106231518e+00 -3.114513043706689910e+00 2.626374773998665368e+00 3.038092164156693809e+00 2.446955481311110070e+00 2.898494313787573606e+00 2.241739701347984504e+00
-2.779986439692162747e+00 -2.746759953545700572e+00 -2.765617423996373336e+00 3.139110424363801499e+00 2.759614867778989566e+00 3.057822664012053604e+00 2.177036585115035283e+00
-2.429900550865169873e+00 -2.594508241162468920e+00 -2.276225048049290489e+00 3.077494862915986840e+00 3.114966984623321888e+00 -3.055837265181778228e+00 2.310591461912153477e+00
-2.217000702640181675e+00 -2.665624762284032112e+00 -2.352680829387908901e+00 2.981784937841897687e+00 -2.827735185705072762e+00 -2.981807583491266289e+00 2.487569815958640351e+00
-2.177880369998677956e+00 -2.485141158038729703e+00 -2.486946679853273778e+00 -3.072629898668486792e+00 -2.486772746288139491e+00 -2.765701687291776345e+00 2.894022558782869847e+00
-2.286880270169435736e+00 -2.139939767832640172e+00 -1.875571806891671578e+00 -2.827996507464532350e+00 -2.222920041072481645e+00 -2.556983858466537640e+00 -3.017345247537366770e+00
-2.223579650533388907e+00 -1.667643507958470162e+00 -1.164030391794692587e+00 -2.555333375828148679e+00 -2.058534724307997887e+00 -2.332431836696635230e+00 -2.473567496209192473e+00
-2.193694890521368901e+00 -1.139410139822935042e+00 -4.855416687364258466e-01 -2.447967680514849143e+00 -2.321357374311078026e+00 -2.328406571544352044e+00 -1.938454193507133994e+00
-2.353565183594382493e+00 -6.438729012315965727e-01 1.064761221683006159e-01 -2.340735527250372705e+00 -2.518780813260573570e+00 -2.298758022210888541e+00 -1.151477962153620638e+00
-2.290608507208149014e+00 -2.714376630593327566e-01 4.618869708886664260e-01 -2.109358959453664806e+00 -2.234542774364324025e+00 -2.167985139647895299e+00 -1.282393332321673518e-01
-1.882826216089158455e+00 3.698097757978562050e-02 7.447715615413629253e-01 -1.642333001496539158e+00 -1.700226627360234888e+00 -1.938874615248692646e+00 6.079503751975217085e-01
-1.303716953775962306e+00 7.849937757850712350e-01 1.119731498153355043e+00 -9.497923337398762600e-01 -9.345073005034820746e-01 -1.905340160469474187e+00 1.336603074300299010e+00
-3.258518087794645690e-01 1.586492019564019751e+00 1.627701142835597636e+00 1.364285959306555052e+00 7.631089866324257676e-01 -2.093321717782289149e+00 1.981963114427132577e+00
2.134323740804745295e+00 2.297124219481666341e+00 2.186407865618220647e+00 2.589901235260716472e+00 1.931613444652288791e+00 -2.489447262577870301e+00 2.536228063842695057e+00
2.923455003466540525e+00 2.902650701151360924e+00 2.735936572773637998e+00 -3.072761030433410756e+00 2.520974351314423156e+00 -2.606589194069912185e+00 3.116562897532148213e+00
-2.808378661411621291e+00 -2.908367703313750940e+00 -3.027484593892500797e+00 -2.557332990082786139e+00 3.051937566679796987e+00 -2.463109395234540866e+00 -2.650147550074550828e+00
-2.303496257098581079e+00 -2.528893701334124167e+00 -2.641309640679640580e+00 -2.026509931680011256e+00 -2.684652036394591601e+00 -2.091625312653613733e+00 -7.721763059106413474e-01
-1.857970807576998729e+00 -2.222503831013157516e+00 -2.509921701713967668e+00 -1.542815807292591712e+00 -2.203388819220103656e+00 -1.776172901214446709e+00 4.784057806370868304e-01
-1.471952998703654591e+00 -1.969778856589762261e+00 -2.721154025475658766e+00 -1.145248857560066114e+00 -1.777307106249951252e+00 -1.636689857171999662e+00 1.129390900525401031e+00
-1.093621788510364956e+00 -1.881301252097387744e+00 -2.609982164233430435e+00 -3.114363807340144952e+00 -1.279387411156376997e+00 -1.869553941989776424e+00 1.779719397173636031e+00
-6.119276476896211570e-01 -1.943429235826150903e+00 -2.280398513238843794e+00 -2.905107716165914233e+00 -4.685874489411468446e-01 -2.227116368439090888e+00 2.439104439331165608e+00
1.461903262103587120e-01 -2.035289749536801196e+00 -2.033934746764479495e+00 -2.422467773384428202e+00 9.004608710749493206e-01 -2.417638975540449042e+00 3.073536615697041174e+00
1.693639444388684634e+00 -2.192764243272077973e+00 -2.219868506115497908e+00 -1.975537325902530394e+00 1.980240294792201983e+00 -2.326370335821895008e+00 -2.591845300972018595e+00
-3.121385467202485220e+00 -2.118595071707368049e+00 -2.109215284866384099e+00 -1.831568521136510475e+00 2.637036741525011330e+00 -2.231534083820349679e+00 -2.262081235240778199e+00
-2.267043556528788528e+00 -1.724959627824769637e+00 -1.595332031547702867e+00 -1.836386023491993313e+00 -3.100694427429481870e+00 -2.052896670229287679e+00 -2.619354939102166657e+00
-1.549318789959255316e+00 -1.200267858813495625e+00 -9.207528799137723041e-01 -1.513259158638015078e+00 -2.557755009737234353e+00 -1.750361552310209401e+00 -2.584252274722663500e+00
-8.558467582696140941e-01 -6.633223811902000389e-01 -1.342722529113727914e-01 -9.489885600132406118e-01 -1.941072930332605306e+00 -1.290983685492483435e+00 -2.105388154634227682e+00
-1.283916589523018126e-01 -3.103002781890729089e-01 8.255229594574227114e-01 -1.343114091532683907e-01 -1.147343339203326540e+00 -7.097596395704344197e-01 -1.642281319891780278e+00
7.904988885300673340e-01 -1.810771018278871880e+00 2.139570779882309814e+00 1.894106669531774756e+00 9.568585895258054919e-01 -2.743984963160484014e-02 -1.321904791538513146e+00
2.722649580055933161e+00 -1.634720418947037013e+00 -2.875082581296391826e+00 -2.896548713042184087e+00 2.408440866745966247e+00 1.614623399752559862e+00 -1.202780165324107475e+00
-2.234749100695372803e+00 -1.158633644128682194e+00 -1.959761027416043744e+00 -2.103286914485282821e+00 3.126958540336025827e+00 -2.459938480088399437e+00 -9.912215210536805543e-01
-1.474315330419716963e+00 -6.645681181810677574e-01 -1.205257499457446979e+00 -1.416868667110126712e+00 -2.564690010119158980e+00 -1.732130372297762566e+00 -4.270814056882876741e-01
-8.062655627270514103e-01 -1.936388851257767052e-01 -5.362683494767311876e-01 -7.766002619211358482e-01 -2.051095485210772118e+00 -1.153969510490515882e+00 3.844502338767977756e-01
-1.656961401042034709e-01 2.468601965086718031e-01 4.711393983409498110e-02 -2.010296364378620082e-01 -1.628253496056279559e+00 -7.000885888976102756e-01 1.851718733043692167e+00
4.351615973431950946e-01 6.393617777367504029e-01 5.148825311778716385e-01 1.409324182431402894e-01 -1.284266691738403798e+00 -3.949261947424337893e-01 -2.648341330146810169e+00
9.632759561708134077e-01 9.659049655936706724e-01 7.428245449281815072e-01 6.789067325970453426e-02 -9.662516291827917270e-01 -7.246788711561792662e-02 -1.638068189391055363e+00
1.353988913621360091e+00 1.215029235258433316e+00 7.963129053686694991e-01 1.630258684093709998e-01 -6.239810056893910772e-01 3.411030969805231572e-01 -8.434539926755967310e-01
1.606253645072975855e+00 1.466568765161758492e+00 1.059813684366688769e+00 7.001995690036166842e-01 -2.328057871734916795e-01 8.598155846103917588e-01 -1.221312031441808971e-01
1.866686775676784649e+00 1.814266366347589088e+00 1.535270748352973724e+00 1.390051977611166834e+00 2.028747730453267228e-01 1.357137946795883510e+00 4.949465174947075830e-01
2.227863136369431452e+00 2.257972377016749466e+00 2.080301997020232552e+00 2.178899494906694656e+00 7.063831884224548441e-01 1.680628218966903953e+00 9.136950878477430038e-01
2.653486673864421164e+00 2.749366445116834257e+00 2.629413227743727877e+00 3.097744858916151589e+00 1.341442895148875936e+00 1.592848415322807742e+00 4.213441603690222803e-01
3.094706755467998338e+00 -3.059323018153208729e+00 -3.096596478824372500e+00 -2.020122544313201818e+00 2.411265408603883387e+00 1.665125740823770739e+00 3.484512999808562772e-01
-2.749387634677399550e+00 -2.705670380694833899e+00 -2.514569262540363503e+00 9.945342187606301954e-01 -2.365527263873822061e+00 2.128426315239770883e+00 8.291374815052943159e-01
-2.327377560613014484e+00 -3.128112508129931246e+00 -1.865021703928262831e+00 2.102976066804869149e+00 -1.493129117139248008e+00 2.742208722013058431e+00 1.454125473798448365e+00
-1.918085507805042944e+00 2.690651689549104386e+00 -1.162184984274263755e+00 2.948554293880246924e+00 -9.180746275843442161e-01 -2.846918549065548198e+00 2.105238376392778221e+00
-1.532626208005387847e+00 3.107916517379132770e+00 -8.872997243176914406e-01 -2.586551205634170181e+00 -4.512481507641784018e-01 -2.167199116254493685e+00 2.707733098082526269e+00
-1.234578816804679846e+00 -2.575596514673315518e+00 -2.405082218335711897e+00 -1.851596078185727023e+00 -8.701879703033402191e-02 -1.549521792796884068e+00 -3.067107633448555859e+00
-1.103544355858596449e+00 -1.926074873630835516e+00 -1.549905434653789493e+00 -1.178306738539813603e+00 7.667500470444733873e-02 -1.056596890618479945e+00 -2.714515484310016991e+00
-9.524859359606190345e-01 -1.217184716827425461e+00 -6.897139262692300044e-01 -5.918470135755212747e-01 3.534359177507927219e-02 -6.471711667230759524e-01 -2.267964322096266638e+00
-5.517464634769863041e-01 -3.073398114276985060e-01 1.184807430106959714e-01 -5.786334409569128534e-02 2.272930214133035143e-01 -1.612291488129038164e-01 -1.748553934059557280e+00
4.550984096233131465e-02 9.166746245908152790e-01 8.987595586136599701e-01 4.653089366394485005e-01 6.473046766138457198e-01 4.114075132098848342e-01 -1.276832917359924879e+00
8.037995988371123834e-01 2.038564779613412092e+00 1.631854176237398368e+00 1.062591166816025501e+00 1.158833673532951414e+00 1.043536476454089756e+00 -1.124835540063084727e+00
1.749697367053721919e+00 2.919189410360462311e+00 2.288661939783270149e+00 1.596219357694074192e+00 1.660826389255984026e+00 1.641867598709482845e+00 -1.191566961029866478e+00
2.875178689162205981e+00 -2.627508911508248168e+00 2.802565967670239022e+00 1.205804816698747617e+00 2.047756578805513872e+00 2.058573729268299068e+00 -8.461826900508981897e-01
-2.369609545916230964e+00 -2.050846554682656198e+00 3.108705586006679233e+00 9.618744847049134350e-01 2.135002344512384465e+00 1.200774288588476901e+00 -3.119728198624825977e-01
-1.617593482415924155e+00 -2.054508938294587139e+00 -2.865307464273042282e+00 1.688346413999954887e+00 1.949986251843281115e+00 8.351169439861449995e-01 3.167957908024806590e-01
-1.141049427045889519e+00 -2.549475193842151377e+00 -2.365298610243711686e+00 2.594798932006335601e+00 2.099507972520548105e+00 1.199593325926940901e+00 9.578722972800988167e-01
-8.588633025921308395e-01 -2.228620895491485232e+00 -1.723471861036202535e+00 -2.741254803049613997e+00 2.575023846019798057e+00 1.694695879665966798e+00 1.627858365022907039e+00
-5.820748118242063951e-01 -1.744578185578230300e+00 -1.027753148173479181e+00 -1.810324700047634350e+00 -2.973675002118653765e+00 2.258802004701699229e+00 2.551586712737488050e+00
-2.189258623588246355e-01 -1.291165927592035523e+00 -3.190084121157691910e-01 -1.009974748950827061e+00 -1.942295001543540289e+00 2.875614248011546081e+00 -4.739552364868679368e-01
1.996795623692778077e-01 -8.787534066344093731e-01 4.445766311338167909e-01 -4.115622250929085180e-01 -7.290367986069118400e-01 -2.667931511826801660e+00 7.625526417469101481e-02
6.800124041013622112e-01 -4.586753752264918216e-01 1.415602139968942463e+00 4.626516695362507814e-02 2.460119964523660996e-01 -1.849061257672373282e+00 5.985505393363967919e-01
1.206503800138410076e+00 -6.926137509951144078e-02 2.743221223994699365e+00 3.709892343675375570e-01 9.386531737308450030e-01 -9.305764416762962732e-01 1.051253762446661355e+00
1.743654882392808858e+00 2.164625335752723978e-01 -2.316631771632629011e+00 5.488697740191645913e-01 1.391106859419882991e+00 -4.484882704652144725e-02 1.283970009141197188e+00
2.222464471810269515e+00 4.647573766702214337e-01 -1.402116934367574119e+00 6.484608720177025276e-01 1.563757718778815420e+00 6.741280699242399033e-01 3.659655060920235514e-01
2.501597594818282033e+00 8.215619533459938006e-01 -6.623626746731072767e-01 1.032703574903632848e+00 1.644410246514987906e+00 1.277732293470466240e+00 4.266298109001031014e-01
2.286839125064291434e+00 1.157602356060382309e+00 -1.076517611021491662e-02 1.488339307184295413e+00 1.866494299192059003e+00 1.713128093846000732e+00 8.971944188153283539e-01
2.198319562171694219e+00 1.233238142492746992e+00 5.784037466466124267e-01 1.636304537653669122e+00 2.173774360977258624e+00 2.044449245231930945e+00 1.428811442420554467e+00
2.632599172178784031e+00 1.007834840406211852e+00 9.550420131547731062e-01 1.078559485077004609e+00 2.491197057833335560e+00 2.384886482577021738e+00 1.887027980323219722e+00
-3.052757155752406693e+00 1.015170550550130724e+00 4.260302908740778438e-01 1.206534508316696952e+00 2.802745788975311125e+00 2.692744049009780483e+00 1.937501455504923475e+00
-2.441769574542835386e+00 1.390315982766697989e+00 6.552902243751561606e-01 1.656969491721023813e+00 3.134644738796093844e+00 2.975285753352813867e+00 1.452326671744029740e+00
-1.960913877771832237e+00 1.981699071098325549e+00 1.343716918824656048e+00 2.224294782923224023e+00 -2.798528360777702506e+00 -3.022634751058399516e+00 1.753901920498871947e+00
-1.715296552827998200e+00 2.668416544162791393e+00 2.119464673349582107e+00 2.880882819891294577e+00 -2.415846708025012557e+00 -2.585041949892687541e+00 2.369470434197014086e+00
-1.408625278994610541e+00 -2.908770868137259491e+00 2.887795573858028764e+00 -2.682593206286353560e+00 -1.976274435390809270e+00 -2.039409795479484533e+00 3.087692345218159051e+00
-8.317274378832482107e-01 -2.237899068191325558e+00 -2.736252318404829076e+00 -1.886956619031548321e+00 -1.470592224088872690e+00 -1.379189050294439944e+00 -2.387914800725333020e+00
-9.829980372348609552e-02 -1.673039145694865892e+00 -2.505504870320395039e+00 -9.749536847394040251e-01 -9.397454554663349224e-01 -4.527790036531531004e-01 -1.401344344389200636e+00
7.362068486888418972e-01 -1.352250411770201222e+00 -2.842829789123324513e+00 2.185514365561554984e-01 -5.152303876465647026e-01 2.728850085551341120e+00 1.090750602483003262e-01
1.798363818902823041e+00 -1.438295310356530576e+00 -2.455622430563341396e+00 1.683569323332867240e+00 -1.523526347955616478e+00 -2.722210173440254177e+00 1.498104919685166792e+00
-2.810590358572620406e+00 -1.399278048622035753e+00 -1.800641193796880257e+00 2.766121775155750306e+00 -1.908973622867738529e+00 -2.043451182078912076e+00 2.352295970451339535e+00
-1.418009246582588867e+00 -1.033178036521817944e+00 -1.087071980575379238e+00 -2.774337821587291142e+00 -1.564017186008148874e+00 -1.510642620983317475e+00 3.031466022448782383e+00
-5.239167623769651616e-01 -5.690493238613304472e-01 -3.896859531258543008e-01 -2.181484440756889853e+00 -1.212314719690412712e+00 -1.085314728626844083e+00 -2.627051947905031604e+00
2.077823632929524100e-01 -1.031496043317347289e-01 2.277748942777986507e-01 -1.656578143153300209e+00 -8.913778440827939686e-01 -5.392123252998347605e-01 -2.071390221475314153e+00
8.689980010891704687e-01 3.408366271880564624e-01 8.029288741224838155e-01 -1.151017335195586799e+00 -6.290372104913498630e-01 7.410788647099756377e-01 -1.727429121002478807e+00
1.539482022679569573e+00 6.460134595943786140e-01 1.501280944535026585e+00 -7.823465638623076090e-01 -5.124329663156160786e-01 -2.858465041846277366e+00 -2.227238832261233092e+00
2.313399155180593247e+00 -1.360368534336059865e+00 2.566888998323176185e+00 -1.181348634909549000e+00 -4.706380224457408223e-01 -1.919941898133811220e+00 -2.300431184706741572e+00
-1.255095524891522984e+00 -8.083085402843129819e-01 -1.370399909967322749e+00 -1.303455350560999149e+00 -1.830236998916976998e-01 -1.051359787003317336e+00 -1.866587290363325380e+00
2.372276327491688597e-01 -1.241126161541096784e-01 3.885580705172758109e-01 -8.273908345588271152e-01 3.096727116481520770e-01 -1.751566521032407453e-01 -1.366489902814593371e+00
1.033648882725356044e+00 6.139343529255787413e-01 1.566078522594020361e+00 -2.479509473467359781e-01 9.146910853369463190e-01 7.674296056499284591e-01 -9.076643907683066281e-01
1.760375580638479542e+00 1.396409617980440387e+00 2.639217934866830984e+00 -9.490187810466509111e-02 1.607974438063819678e+00 1.827116073738501489e+00 -5.573628831941525030e-01
2.409853154768879957e+00 2.513204906407638717e+00 -2.605121199510017860e+00 -1.176882797703824313e+00 2.583105290084122263e+00 -2.986324991105500537e+00 -3.478599711221809776e-01
2.823592697385953088e+00 -4.226283742177492919e-01 -1.489053622122166187e+00 -6.507709850338108115e-01 -1.151385034276788621e+00 -6.369077089491136379e-01 -1.852563752611635084e-01
2.482055362200928705e+00 4.847553858096227963e-01 1.878877668293614356e+00 1.047518034881177867e-01 -1.347180693771433124e-01 1.712188752591616181e+00 1.167863593791531734e-01
2.573896755521780655e+00 1.452264699917430679e+00 3.014491737740814692e+00 8.845195825347911267e-01 5.148095252661116783e-01 -3.032643662560592368e+00 4.581832500756979898e-01
-3.093759318337402586e+00 -3.108860934493078432e+00 -2.385169474890108887e+00 1.452452222360528955e+00 1.074226014915899974e+00 -1.970623281833713270e+00 6.908184357235473971e-01
-2.190620794990974396e+00 -1.169261468584151809e+00 -1.597049258123948379e+00 -4.325386243577424850e-01 1.564694785141589994e+00 -9.724957727428784615e-01 7.987432415421085175e-01
-3.192304405931127853e-01 -2.991214327912024018e-01 -9.133070896129781291e-01 3.340584146815276934e-01 1.974806755460591035e+00 2.045767683232507239e-01 1.103960285968880184e+00
1.128589821514021985e+00 2.624572533103312622e-01 -3.697676773327675526e-01 1.076674291671736450e+00 2.199141061549510390e+00 1.806721472891398728e+00 1.639002144667914163e+00
1.874312710061099230e+00 6.449038726051714576e-01 3.110653737537633773e-02 1.772567975928724504e+00 2.068230318076025309e+00 3.127237889134398596e+00 2.331723387659725866e+00
2.481010278892796794e+00 1.045971205969062900e+00 4.178386036898195099e-01 2.409782188355306332e+00 2.168470856397975322e+00 -2.189420957617609798e+00 -3.121368995421987425e+00
3.062055837794557256e+00 1.563828163547481553e+00 7.056722643963195818e-01 3.034062819894443486e+00 2.582237048370844334e+00 -1.340389169856733176e+00 -2.170887854429167430e+00
-2.629386994807504152e+00 2.093087163675914741e+00 1.768094214111595730e-01 -2.234227159961515330e+00 4.220461259016032862e-01 -5.333142334518834460e-01 -1.119724460164297497e+00
-2.054247117019315283e+00 2.472785348021734997e+00 2.240670505779031596e-01 2.011834922349801658e-01 8.625040732648217023e-01 2.426824333241865694e-01 -8.416512660777823729e-02
-1.608713656715634599e+00 2.730839704515202637e+00 8.627230688716156504e-01 1.273445130210300036e+00 1.487659779416137695e+00 9.628704075172415111e-01 8.329386518309596088e-01
-1.876560547593002504e+00 -3.091794325089054940e+00 1.621372889613695190e+00 2.068210204898795812e+00 2.121894769896701227e+00 1.634432862471888015e+00 1.682872375374716345e+00
-2.339086071353024820e+00 -2.386446066114014553e+00 2.475174229036204654e+00 2.767375549937253876e+00 2.744320273234573726e+00 2.269904767416351277e+00 2.559762256153319981e+00
-2.002093862203550234e+00 -1.545936143324376566e+00 -2.693350435188051506e+00 -2.907470640543304619e+00 -2.943362120225589074e+00 2.880896983899102537e+00 -2.642398046485428864e+00
-1.501265376683909913e+00 -6.550080712776241709e-01 -1.376294664928818356e+00 -2.351496555495342200e+00 -2.369634860170582780e+00 -2.853079221019871436e+00 -1.210962257659260244e+00
-9.426319715812484512e-01 1.512601667554840379e-01 -3.839214515455424137e-01 -1.938853598771735021e+00 -1.824620212453320622e+00 -3.104444352774489158e+00 7.189778151611850299e-02
-3.482744649333296416e-01 7.974980687099433307e-01 3.515465788875232755e-01 -2.023564736152839050e+00 -1.345483948648523942e+00 2.591272234581661671e+00 1.081062709856494886e+00
2.832687145968048603e-01 1.342183852353958873e+00 9.501913927371202773e-01 -2.132528247764199580e+00 -1.096603316229183944e+00 3.013818798327929649e+00 1.947819945225666594e+00
1.036869935518836217e+00 1.837504094006104483e+00 1.516280755306372408e+00 -1.751692843164721181e+00 -1.907521459140647746e+00 -2.823425224844963388e+00 2.631211190238462283e+00
2.480781158577404888e+00 2.386727289847677014e+00 2.144335960643451777e+00 -1.377721370221862029e+00 -2.509288551417212521e+00 -2.515807122206768831e+00 3.014979534169946351e+00
-2.305585926717543810e+00 3.076041383079754166e+00 2.874634817186166647e+00 -1.206877033036732882e+00 -2.192531449083220618e+00 -2.170209864572925973e+00 -2.858892909369101787e+00
-1.529430798479062714e+00 -2.356487070416497076e+00 -2.570738834504518344e+00 -9.417107023408100019e-01 -1.641001361791270430e+00 -1.691536148123395700e+00 -2.233434176705924035e+00
-8.830971779235177177e-01 -1.354554808970605206e+00 -1.630057508558596435e+00 -4.334384342227230458e-01 -9.995746113501271513e-01 -1.133532901520603042e+00 -1.505136830571302209e+00
-2.471322612013182318e-01 -3.400188620729055478e-01 -6.161718845895589602e-01 1.898644302112602600e-01 -3.211714830874120019e-01 -5.556067833140790890e-01 -8.090356121064704586e-01
4.018213416527705029e-01 5.171937548630316517e-01 3.302140009216522620e-01 7.909568003613232090e-01 3.816619652234377602e-01 1.386467690741210838e-02 -2.209957132114103995e-01
1.070916028189961233e+00 1.191287139233688785e+00 1.107101191397971585e+00 1.219768127349735831e+00 1.131849931542471710e+00 5.863812519312096017e-01 2.798107428649929118e-01
1.760827848491175462e+00 1.723839053960439127e+00 1.776485079017550373e+00 1.175703212929351427e+00 1.995369386990773153e+00 1.081349868479843712e+00 7.075567242848015415e-01
2.472233566851105291e+00 2.166780651291057236e+00 2.376777447203063609e+00 1.117043941087689563e+00 -2.771011495525709023e+00 -7.140813674649315601e-02 1.059068902972827964e+00
-3.093159696779316903e+00 2.557236601261670295e+00 2.904469210701577264e+00 1.478814487873884254e+00 -5.058011684115687467e-01 -2.691362586629615916e-01 1.255179672727673390e+00
-2.457909512758039039e+00 2.931265061564904961e+00 -2.899137705548906929e+00 2.034555868652129895e+00 5.373404621414678006e-01 3.065821688457096017e-01 1.515153979725760935e+00
-2.371678719048114559e+00 -2.955857614000903855e+00 -2.436673381098903857e+00 2.693997306299400929e+00 1.481800306228467479e+00 9.331954556867156914e-01 1.988867928682509723e+00
-2.716578032080021909e+00 -2.546582684975660538e+00 -2.003827358739556530e+00 -2.873967220119024724e+00 2.741495563117133383e+00 1.629094183737760382e+00 2.578140298538048381e+00
-2.162512836691994345e+00 -2.155133183818699560e+00 -1.699389221483284862e+00 -2.108284529664969043e+00 -1.679665208107167684e+00 2.570581353960856852e+00 -3.099802499534618061e+00
-1.402499979896945081e+00 -1.811455306884415695e+00 -1.551174818814517575e+00 -1.455891857938329537e+00 -5.267954915635666424e-01 -1.378044777737617466e+00 -2.787938682778553723e+00
-5.813135197163911139e-01 -1.510651265473470506e+00 -1.304010722111601739e+00 2.573118773958555483e+00 2.750375221682016535e-01 -2.091437297556703323e-01 2.745460988135421943e+00
2.773759498138216872e-01 -1.406359830513558951e+00 -9.240745059329431577e-01 -3.064476089732509845e+00 9.673692883250215591e-01 5.246186945320026052e-01 2.918183589357919328e+00
1.164015440261169321e+00 -2.339914413966214912e+00 -1.426995451237352830e+00 -2.433682150850159154e+00 1.616610239072192812e+00 1.175087025307581801e+00 -2.717469712448417951e+00
2.090003604497925771e+00 -2.294724123955234063e+00 -1.913795213160399022e+00 -1.664201536842570217e+00 2.289750173862606708e+00 1.810733980323828707e+00 -1.937111432100413699e+00
3.090843282852631990e+00 -1.830721399811310324e+00 -1.221730475357023726e+00 -6.540957599211231210e-01 3.127030579433796920e+00 -3.843678321203957138e-01 -1.028772141590104550e+00
-2.020540029606547439e+00 -1.525639478104633850e+00 -2.799139159695508416e-01 4.472199645586535377e-01 -1.028458533288774790e+00 1.029894861874199458e-01 -3.227820131807664777e-02
-4.434715689981847953e-01 -2.743972379682229068e+00 1.099576801847234053e+00 1.482853479687966880e+00 5.895137567084827168e-01 7.672677055218988240e-01 9.552794357226697120e-01
1.249766688920894708e+00 -2.514566342426995949e+00 2.729110591382397200e+00 2.453999557567123180e+00 1.443546582021238311e+00 1.445664815290051530e+00 1.903100525961598732e+00
2.501467587904774081e+00 -1.932478130489831969e+00 -2.434964874647507216e+00 -2.885931202263573692e+00 2.221311404593056871e+00 2.123773645911887886e+00 2.805127947874416883e+00
-2.777006962851372496e+00 -1.297494940173365530e+00 -1.551328235338812478e+00 -1.945268696365425987e+00 3.000451855005167534e+00 2.847439156599169685e+00 -2.617697837292308094e+00
-1.908042221467667110e+00 -6.517669741479363843e-01 -7.390054756073335396e-01 -9.612004059143341994e-01 -2.427209445383733399e+00 -1.513919187925018894e+00 -1.756805858030079603e+00
-1.170073759003810610e+00 -1.889073420291358801e-02 4.889346663107541069e-01 1.515006020486064919e-01 -1.194026441511784276e+00 3.570436263361354001e-01 -8.710547045326501037e-01
-6.291707924307782251e-01 -1.674669741616327645e+00 -2.598677575525602190e+00 1.535890284653472548e+00 6.157330164621348523e-01 9.936333280592547501e-01 6.858753387768898313e-02
-4.943794299264792635e-01 -1.809407263481124017e+00 -1.902329382555581372e+00 2.993354126946312643e+00 1.644274834201840951e+00 1.554650572822843468e+00 1.079046380000255212e+00
-7.879078762474145403e-01 -1.241873994019031757e+00 -1.275211057106415469e+00 -2.170621604117434877e+00 2.382137007612264323e+00 2.111962956641654454e+00 2.070774358855228314e+00
-7.531568066972832431e-01 -7.037556046399258136e-01 -6.874053438810889816e-01 -1.271494513812087446e+00 3.079809114215978916e+00 2.663697777460460880e+00 2.992170109964749525e+00
-4.253026058380023344e-01 -2.012532789412020684e-01 -1.112959406913095473e-01 -4.360555514779890784e-01 -2.466580028654912216e+00 3.124680430160430955e+00 -2.439350327156959430e+00
5.991881411302476396e-02 2.841879480824628934e-01 4.787583446681486499e-01 4.128712584967830779e-01 -1.596358822021629820e+00 2.883888167650007883e+00 -1.952137419348689340e+00
6.215985623971065355e-01 7.562278593793535508e-01 1.107430031305572493e+00 1.275297667716498662e+00 3.471742107701664137e-02 2.372863908175721903e+00 -3.072796281785686645e+00
1.192327011347763754e+00 1.118928819866702007e+00 1.809236419945850161e+00 2.134195603595434143e+00 1.820880265621507954e+00 2.692578839563511295e+00 -2.510551178414851758e+00
1.668107508779297810e+00 9.900140450324663999e-02 -2.256562155909971334e+00 2.940366618675505972e+00 2.625899979985209409e+00 3.031461283301018828e+00 -1.701805732270691651e+00
1.820080133586988058e+00 -7.997001213836636702e-02 -2.841396821485344115e-01 -2.741983053725310260e+00 -3.133021444639435771e+00 3.085050070259771182e+00 -8.502935504535122924e-01
1.675999721435529333e+00 4.315501068078755331e-01 4.901472293531071722e-01 -2.929592279716324299e+00 -2.786719865026036747e+00 3.114630534070093049e+00 2.774142657666775147e+00
1.894192126276059263e+00 1.021395506209054060e+00 1.246011262293671651e+00 3.113877848097371004e+00 -2.498168180901663149e+00 -2.887821801416962764e+00 -2.621146341865613572e+00
2.317726815420793951e+00 1.619022921341281229e+00 2.037248386750352136e+00 -2.691031814243880493e+00 -2.185898632495156590e+00 -2.509003340103660662e+00 -1.914762927443157015e+00
2.760398967956054328e+00 2.212130195936609312e+00 2.940234669099456966e+00 -2.076554451431099402e+00 -1.940471443946467200e+00 -2.199031405276468565e+00 -1.283587243909782405e+00
-3.083727498507203180e+00 -9.435561823112661450e-01 -2.108515073982495824e+00 -1.369617434160495417e+00 -1.785600493801652755e+00 -1.928562752492058330e+00 -7.189074605784138150e-01
-2.566779728175694331e+00 1.219408301772919173e-01 -6.226392647449286999e-01 -5.730157516420447683e-01 -1.487301000594952738e+00 -1.347027735177796393e+00 -1.858705364797159643e-01
9.994805760191743937e-02 6.784127783383504529e-01 4.425303490394023598e-01 2.949212461951297715e-01 -9.847577142919367033e-01 1.550424246270779571e+00 3.706994963935942855e-01
1.442498095124147950e+00 1.215039860462363785e+00 1.262910727118901733e+00 1.211383847162645466e+00 -3.851854783599117926e-01 2.243614213527380663e+00 1.034071619998566005e+00
2.061856529314271658e+00 1.710918736628931791e+00 1.987035292817720400e+00 2.109699835160880443e+00 1.870754877149451989e-01 2.782868070992874365e+00 1.832192093458661075e+00
2.597693372510300858e+00 2.122602431046670013e+00 2.615162733946543749e+00 2.897842783581602077e+00 -6.759409660840687284e-01 -3.099289381962383683e+00 2.898022110766625747e+00
3.018276384835538728e+00 2.411596281802905306e+00 3.049637640251237514e+00 -2.875392378058682752e+00 -1.328041910678241955e+00 -2.849902723055095066e+00 -1.997001830332256533e+00
-3.000955782575044140e+00 2.635417218864766209e+00 -3.116591998447122869e+00 -2.967992113012915656e+00 -8.763271781572485875e-01 -2.670667222527447482e+00 -9.095700527351257003e-01
-2.855445015592825708e+00 2.925141650597446130e+00 -3.061904542623680836e+00 -2.941072831821191613e+00 -5.641857571541482042e-01 -2.478024579653751225e+00 -7.397109829416223525e-02
-2.675749085787450188e+00 -3.016765488988825794e+00 -2.650075335554576306e+00 -2.707870067952769411e+00 -1.576167152040345742e+00 -2.284568487142145887e+00 7.000394332407902098e-01
-2.356339105674732703e+00 -2.887208840990333147e+00 -1.952749620421723842e+00 -2.491822528450243102e+00 -1.774698565661498639e+00 -2.035027135599096759e+00 1.448031063246614014e+00
-1.927719876661065479e+00 2.545960886202225382e+00 -1.066482640966456286e+00 -2.202679227696964670e+00 -1.359802853476065110e+00 -1.701468682427682788e+00 2.182813353560901337e+00
-1.463565332883016712e+00 2.610360283007871818e+00 -6.017364731372363412e-02 -1.789835652659488074e+00 -9.368345660935837316e-01 -1.321135179274578686e+00 2.898177137309846163e+00
-1.055079294285437230e+00 3.086383007122431188e+00 1.070361190926559569e+00 -1.402065314106668570e+00 -6.174021298102956301e-01 -9.513367720958840756e-01 -2.726415602738453181e+00
-8.303067637066003925e-01 -2.641991203517032094e+00 2.507310291176453987e+00 -1.132385101722815923e+00 -4.142357207999954882e-01 -6.494063783836037107e-01 -2.161910281114926669e+00
-8.055851859452569652e-01 -2.071172796096902857e+00 -2.143646696453255451e+00 -8.492324987292848570e-01 -2.322943867869328716e-01 -4.424080598645788176e-01 -1.722390235986289042e+00
-6.568772160742821775e-01 -1.488372455333584643e+00 -9.527320961951867284e-01 -4.362940101499189205e-01 -1.156553774834013885e-02 -2.798025501980486163e-01 -1.266379819840000476e+00
-3.028479624048791008e-01 -8.610436760985650251e-01 -3.288757269607761602e-02 6.621560516638072547e-02 2.813345057326443466e-01 -5.092473562668417553e-02 -6.461293718964749022e-01
1.475428607072609144e-01 -1.222523316504737084e-01 7.931615463226069362e-01 5.845138608346034381e-01 6.861516054295305755e-01 2.629945720175321244e-01 1.172889587767653730e-01
6.345992472030580478e-01 7.511198264323142304e-01 1.584874084330105015e+00 1.069295474606593244e+00 1.229150533265694012e+00 6.095080682302679298e-01 9.955981220167199330e-01
1.125303238348806634e+00 1.604484737207774403e+00 2.367206590583227133e+00 1.426824671174912851e+00 1.926778273536041253e+00 8.316954524942886673e-01 1.906085590866095858e+00
1.609201741027795007e+00 2.330399155594309324e+00 -3.116975178139677727e+00 1.725303228058667315e+00 2.892768877576702202e+00 5.750291470922196391e-01 2.755430421625047810e+00
2.246693354239827745e+00 2.996870150892039675e+00 -2.096581499454484465e+00 2.259739740842272582e+00 -2.012226092494416196e+00 2.915779141897629767e-01 -2.777783713602921534e+00
-8.834230315639914899e-01 -2.619461949749558372e+00 1.590308635127740122e-01 3.065616326341504827e+00 -8.933075829762415765e-01 5.026426860687241982e-01 -2.065765562348176321e+00
-3.124547860852525116e-01 -1.952216516931596146e+00 8.348887259340376232e-01 -2.209525088737970488e+00 -1.659898742442232067e-01 8.412876275101148771e-01 -1.296037429401202479e+00
2.228900036626835224e-01 -1.310282805599510159e+00 1.103921650484052108e+00 -1.129597077623370804e+00 4.074479635495158458e-01 1.189076575150674664e+00 -5.306820333066135653e-01
7.387428129909126007e-01 -6.979289994778304917e-01 1.391607508229662171e+00 -1.444087968982107895e-01 9.210056972843559953e-01 1.533944082469406833e+00 1.676387746630382258e-01
1.203904833224597182e+00 -7.603069907543004435e-02 1.667679262081273928e+00 7.081534202590408222e-01 1.399914214190729922e+00 1.881014530300003873e+00 7.878776705594374707e-01
1.590284533310916348e+00 6.282820262645681941e-01 1.894775788346126477e+00 1.462080000183794137e+00 1.831125412829398558e+00 2.194591122602461031e+00 1.232519317592111197e+00
1.939626648659968922e+00 1.510323405559091059e+00 2.181954967733885198e+00 2.163414615969314170e+00 2.210361305365336371e+00 2.463585145738835358e+00 1.376815249971819810e+00
2.356604406464470447e+00 2.571623530662676682e+00 2.593415164266833273e+00 2.861357889397523557e+00 2.571530320379907586e+00 2.790793680822138967e+00 1.358890806470865353e+00
2.876123430227069733e+00 -2.631235422074046593e+00 3.070186235125998309e+00 -2.664569369684425482e+00 2.947967301468072954e+00 -3.061643256704875249e+00 1.668380362927811777e+00
-2.818993155421695818e+00 -1.590629228456301281e+00 -2.814102046728923501e+00 -1.712942309055382806e+00 -2.938487732741102754e+00 -2.545390227841013875e+00 2.283034577714758928e+00
-2.212496013965307373e+00 -4.605514407883578021e-01 -2.910603120746306782e+00 -2.588751137252494061e-01 -2.547006052076892235e+00 -1.915188406064997295e+00 3.085414555762842514e+00
-1.624611685194555566e+00 1.127904173081325734e+00 2.883916939274063118e+00 1.390106795040368270e+00 -2.305601897005888912e+00 -8.827847872109074734e-01 -2.244608087174618127e+00
2.039664763834618810e+00 2.716391694810479152e+00 3.084696833949432726e+00 2.398417634280888056e+00 1.881411726762153291e+00 4.363610967912876504e-01 -1.209482103917186802e+00
2.471899520730473032e+00 -2.623727364368164228e+00 -2.832360281171770300e+00 2.587599766251619471e+00 2.202098006268878638e+00 1.334646721469509245e+00 -1.990091805354566590e-01
2.840422819475334926e+00 -2.008559357320263583e+00 -2.442981832474799386e+00 2.243134108673647820e+00 2.632524469354963870e+00 2.013202879581478921e+00 6.801229482266916149e-01
-3.033384293483762484e+00 -1.521580078498635968e+00 -2.054114284489540143e+00 2.912274770434601479e+00 3.130550013566064216e+00 2.513837414086578459e+00 1.332572454644428861e+00
-2.574811820915776206e+00 -9.877347041675199613e-01 -1.699648960680210985e+00 -2.299370333145687617e+00 -2.591038944967597679e+00 2.420355396489803912e+00 1.749515371598949542e+00
-2.185131022511202836e+00 -3.678684254596209513e-01 -1.466247408454766310e+00 1.038106310730018800e+00 -1.996687326308465238e+00 2.109193597308105961e+00 2.103836548171376553e+00
-2.265438542730828342e+00 3.818801716603402174e-01 -1.473940274916947457e+00 1.818804589540712113e+00 -1.390228455726827850e+00 2.408260856997972432e+00 2.506174756323082953e+00
-2.706737140766370953e+00 -2.637836255461926793e+00 -1.564860377713591655e+00 2.431490923309834074e+00 -7.237218937669076535e-01 2.777168206840826770e+00 2.861497895162862459e+00
-2.668681028937752497e+00 -1.876334407887760403e+00 -1.388831061789400190e+00 2.878321046223718316e+00 2.450883011389604765e-02 3.075343699741985848e+00 3.120755218087418292e+00
-2.728430202585010012e+00 -1.634524780175132808e+00 -1.075134364247277929e+00 3.089956513452353004e+00 7.708537350440319846e-01 -2.833281727020310115e+00 -2.811922934774444105e+00
-2.883826170740916073e+00 -2.572033108124770706e+00 -9.739992581605585453e-01 3.071263195063908658e+00 1.453526492894439581e+00 -2.409349164872216065e+00 -2.378690970654009362e+00
-2.663175863471948457e+00 -2.332431627241153382e+00 -1.441168378537478700e+00 -2.950147107368574328e+00 2.083178392026689085e+00 -2.101734671678233024e+00 -1.962356744298277889e+00
-2.226532449115778967e+00 -1.878570653303379023e+00 -1.491666046515023103e+00 -2.454872276314985946e+00 2.709475853636758025e+00 -1.998194038140566731e+00 -1.623806893372612414e+00
-1.718458469637327735e+00 -1.519906264522926875e+00 -1.262401721811152067e+00 -1.904687805127139200e+00 -2.930912618557363736e+00 -1.609553634756416551e+00 -1.287691955973714775e+00
-1.222908968501807747e+00 -1.324424247441027047e+00 -1.015236849098595462e+00 -1.419799896820707952e+00 -2.351120203266665598e+00 -8.596784203305636307e-01 -9.021622099934981653e-01
-8.504956067656084251e-01 -1.151512744084786100e+00 -7.602097018350501001e-01 -1.072879200712315129e+00 2.746164848235835176e+00 1.241820614958235452e-01 -5.162747835844433419e-01
-8.901182558955751389e-01 -8.916845472186428756e-01 -5.153944679599109513e-01 -8.517992653890756882e-01 2.627978809682542494e+00 1.280038150963514587e+00 -1.607055237351713850e-01
-1.192155800534173915e+00 -5.888521281862011403e-01 -3.484131884658879796e-01 -6.181235203513967269e-01 -3.040859210033122650e+00 2.508292845377549263e+00 1.198824594315525544e-01
-9.484469125067741535e-01 -2.518766460005255059e-01 -2.088084685321974776e-01 -2.291305394929921968e-01 -2.365405076663063877e+00 -2.344629935638939955e+00 4.365421094099419252e-01
-4.481393859047769768e-01 1.407118530162026204e-01 5.775074300351117074e-02 3.155270048440176334e-01 -1.573259537647531570e+00 -6.847690776135431090e-01 8.798926775700756098e-01
1.300272646605211690e-01 5.648430009878441238e-01 3.984855345874810384e-01 9.914168921508756949e-01 -1.140632996355209622e-01 4.548234040613750029e-01 1.513688111272661896e+00
6.885074786945113434e-01 9.043407986198269688e-01 6.606003126204272879e-01 1.774960960388069386e+00 1.900761649264947062e+00 1.151937462079592800e+00 2.315172106613292868e+00
1.110825369844872679e+00 9.159967712963109632e-01 7.904681051157578242e-01 2.736757729398208383e+00 2.694776397922812983e+00 1.594896759258304320e+00 -2.973978924909713051e+00
1.266071007318001929e+00 7.411659278226235825e-01 1.029028789800435328e+00 -2.002742783588004727e+00 3.139468349426861593e+00 2.009594248346293188e+00 -7.829312792637246332e-01
1.331782860724915363e+00 9.291838121387633320e-01 1.434780864197665817e+00 -3.644708071904912972e-01 -2.836008669016791384e+00 2.556827475575200292e+00 1.254914221590580192e+00
1.448083400078250316e+00 1.295835343172570431e+00 1.835089207034523939e+00 5.588557487499815624e-01 -2.400396981383069228e+00 -3.085394935716941234e+00 2.213157676824559772e+00
1.421796106786606284e+00 1.698931101238188246e+00 1.962999040252500826e+00 1.193379086087960506e+00 -1.842873073448920485e+00 -2.447940498816401522e+00 2.922422281092414753e+00
1.496203238702532579e+00 2.081648852841287756e+00 1.813608741299768568e+00 1.643110535045563037e+00 -1.265640715281934003e+00 -1.900955131846679080e+00 -2.790916380073232617e+00
1.813820497482757199e+00 2.376243560430134849e+00 1.922077204076666490e+00 2.012403188179131774e+00 -7.719143611742923516e-01 -1.551649182294640106e+00 -2.199312187043902522e+00
2.185495444014851074e+00 2.474061184255779811e+00 2.144750373772502439e+00 2.318751903503255996e+00 -5.128961691639819520e-01 -1.399934381822436125e+00 -1.496774143928937040e+00
2.482292718022691691e+00 2.434338315674164921e+00 2.365187634440743647e+00 2.504467080816924263e+00 -8.266649051413438309e-01 -1.463671627009633935e+00 -7.513339193489936285e-01
2.718294630860162542e+00 2.561719752573643483e+00 2.656178843676698431e+00 2.785115078101232822e+00 -1.592421896171496432e+00 -1.762502158479936298e+00 -6.411023792472496374e-02
3.001500119130732003e+00 2.840771896411766750e+00 3.019518927875036507e+00 -3.044564409096693236e+00 -1.586260632031442075e+00 -1.611434286979165798e+00 4.236773407269915914e-01
-2.939354998916191786e+00 -3.126323983966986741e+00 -2.913793809460707429e+00 -2.503624780985671094e+00 -1.316790247838259376e+00 -1.222641273879535806e+00 5.662647961001334718e-01
-2.603634369273738258e+00 -2.802961127599780333e+00 -2.592364294153944204e+00 -1.988842457638608785e+00 -1.099026060745625699e+00 -9.357621420039846649e-01 9.039350619607283699e-01
-2.267436775998846521e+00 -2.412500926884266317e+00 -2.201514982050514213e+00 -1.497672423304287737e+00 -1.044491380074730413e+00 -1.063302117166963434e+00 1.552356963047804239e+00
-1.860177552202233464e+00 -1.923180465652314819e+00 -1.683202608187825522e+00 -9.402508807867721030e-01 -9.032619238334032019e-01 -1.049325240991236141e+00 2.367572552904284144e+00
-1.368688031406956274e+00 -1.371577239210995280e+00 -1.082047007880927225e+00 -2.551821596112433532e-01 -5.452568289457260242e-01 -6.716112709701882455e-01 -2.954000348846587798e+00
-8.790888882523961723e-01 -8.461320370417679815e-01 -4.756680894668239290e-01 5.777632338584921534e-01 -7.326434286296421017e-02 -1.951262276449653166e-01 -1.979527794044497968e+00
-8.321558282484654567e-01 -6.874953406137781498e-01 -2.771338379770007077e+00 1.698142213490582586e+00 3.960238160192000589e-01 1.957015418378353355e-01 -1.084930728306490622e+00
-1.790739190066382713e+00 -1.791631750579857796e+00 -2.402191094669386739e+00 -1.562502723138992966e+00 7.286077858632131754e-01 3.652527920840396014e-01 -2.458779445977665734e-01
-1.436848242072281900e+00 -1.627446619318132059e+00 -1.983580520572177042e+00 -4.879298801533309971e-01 6.570749695915638622e-01 6.938305408566533550e-02 5.616584285516245112e-01
-8.441853847213368622e-01 -1.231264959180112584e+00 -1.580791285514400402e+00 2.937980197339939981e-01 5.892921095678385068e-01 -9.117710130345577438e-03 1.395054449685342313e+00
-1.794882726708302567e-01 -8.126115562574829365e-01 -1.122850625126386559e+00 7.659191546828660879e-01 1.019608584076957980e+00 4.039731864820785279e-01 2.254967617591713935e+00
5.456067000426887414e-01 -3.887635580619252518e-01 -6.277070131449968837e-01 8.465828361074801967e-01 1.718264694237023660e+00 1.179665537305464085e+00 -3.086053942057612520e+00
1.359722315530873082e+00 -4.084719398009149793e-02 -2.286787222347396453e-01 1.108250647647511578e+00 2.586505166967219438e+00 2.776191318404301889e+00 -2.006898852514640286e-01
2.452163249752285612e+00 -6.976216134629473209e-02 -4.045895821282030624e-01 1.696798110741444487e+00 -2.702451151707528698e+00 -1.836363619034484307e+00 1.115455620707625606e+00
-2.097238922889425261e+00 -4.753270126004054408e-01 -7.437538130965634098e-01 7.015055126816839570e-02 -1.723699218305509984e+00 -1.062010877477663318e+00 1.862226789708549601e+00
-8.621820369334569634e-01 -3.241427220179046720e-01 -4.653039099924116129e-01 1.969426552139966757e-01 -1.008557970775745272e+00 -6.060865929912448991e-01 2.598759349120307593e+00
-9.124922886123856824e-02 -3.435836779455141154e-02 -9.258533034562164976e-02 8.426857880479123875e-01 -7.787479356602851066e-01 -4.505011981420756206e-01 -2.833382703278593429e+00
4.589757850104863035e-01 -1.535429737815334206e-01 1.588076432477618649e-01 1.092385184990631641e+00 -6.796561396728567628e-01 -2.566960398159774948e-01 -1.916695132104207167e+00
8.238090742194855709e-01 -4.526551433336346575e-01 2.728812190749345112e-01 5.234480789485969066e-01 -2.994273148359902770e-01 1.748307799037644994e-01 -9.577661685527497637e-01
1.158685198782115400e+00 -1.000063199849950818e-01 4.769962879557142488e-01 1.126105438357751343e+00 1.586625141337191236e-01 7.286510240901367119e-01 1.413568542425639243e-02
1.579291826278999444e+00 3.993923616495316797e-01 8.240868870152728842e-01 2.033241257488342502e+00 5.515947471990230166e-01 1.264038899556734430e+00 9.694169210815443138e-01
2.048760823851630608e+00 7.999357108557874074e-01 1.167067072314415643e+00 -2.938837200893212653e+00 8.831623719262677863e-01 1.703812012254892538e+00 2.063419226948603136e+00
2.506062004897998907e+00 9.027467833558094901e-01 1.417172362336846847e+00 -7.303725581493490937e-01 1.206771434108223184e+00 2.051669720742624214e+00 -8.223906925006110313e-01
2.879482093597880876e+00 9.330327391696285888e-01 1.590464894925305295e+00 5.120024067364501441e-01 1.419800043224366481e+00 2.376637622758386303e+00 3.214471975286955358e-02
2.932939228703820067e+00 1.218018210693093684e+00 1.703796950363491325e+00 1.386389480750424674e+00 9.437975449907053394e-01 2.620730751858974639e+00 5.564088434717501253e-01
2.415771313853380509e+00 1.639839194087062468e+00 1.837152084707003086e+00 2.136699825751574355e+00 7.871502571332393838e-01 2.412039808598592572e+00 9.017446586625569305e-01
2.487739499297107582e+00 2.090820906000533164e+00 2.127940804402402186e+00 2.763112121167590196e+00 1.191476823661325124e+00 2.159757238891079734e+00 1.294444721377708829e+00
2.846784611374317819e+00 2.512901835289637287e+00 2.512565606666329554e+00 -3.115142846191472081e+00 1.693091016310080521e+00 2.380989795944524090e+00 1.911123003968886902e+00
-3.111217115064737193e+00 2.858298882210938530e+00 2.850424375495383522e+00 -3.073061466177095191e+00 2.175573878193401534e+00 2.762936010212864613e+00 2.672147492213340136e+00
-2.954119146477518054e+00 3.104808480671919391e+00 3.099256452275771956e+00 3.078962625319124236e+00 2.617784063545464335e+00 -3.086934445031313867e+00 -2.811567737752207030e+00
-2.778518518675912485e+00 -2.937245103588878248e+00 -2.907747461433541236e+00 -2.856408128803169078e+00 3.057098296626376221e+00 -2.566278543994545913e+00 -1.928891388627580694e+00
-2.409444605387636162e+00 -2.606988959425329710e+00 -2.515053682529182488e+00 -2.227806878682691671e+00 -2.768940553283431250e+00 -1.963272536481980968e+00 -1.021294382106531007e+00
-1.926345067364793717e+00 -2.194906381049625210e+00 -2.051058668895996639e+00 -1.449805353514809436e+00 -2.325873718272616131e+00 -1.289535525628938029e+00 -1.269789792187296096e-01
-1.429575847157935398e+00 -1.773294910702562621e+00 -1.585107603630980799e+00 -5.527683583078013552e-01 -2.045280305104937746e+00 -5.710531132205770577e-01 7.760425975285989431e-01
-1.001107346447217550e+00 -1.429747333247812779e+00 -1.216463632802191386e+00 6.007099408717573308e-01 -2.272783139000519093e+00 1.129194084236079948e-01 1.659878446972355093e+00
-7.125715176333803358e-01 -1.254683736014495565e+00 -1.110356333457108935e+00 2.695870936368756521e+00 -2.360816137598038988e+00 -1.585653288797830504e-02 2.523157171045018465e+00
-5.225890775799149068e-01 -1.211086710944060840e+00 -1.296755508223696562e+00 -2.152737533922443713e+00 -1.907147133174869280e+00 -5.918805763818100196e-01 -2.931775556343685807e+00
-2.768317003885569227e-01 -1.158870139541398059e+00 -1.429360001204669217e+00 -1.333353845723390663e+00 1.743326773133101693e+00 3.752931674642839832e-01 -2.270301287797535927e+00
-2.156044098759399633e-02 -1.110381791107344363e+00 -1.374276172975440913e+00 -9.590750917487409488e-01 2.367157929717385922e+00 1.645646124570455671e+00 -2.920120152978051387e+00
-1.791065564355509010e-01 -9.658212968563355538e-01 -1.071439137097070837e+00 -1.565094434824207958e+00 2.918191842354197263e+00 2.865570418098188465e+00 -2.821555410457022184e+00
-7.535905171930723512e-01 -6.239102717233051543e-01 -5.911784437964966443e-01 -1.354034850901895570e+00 -2.864627656965466063e+00 -2.497182678859185323e+00 -1.896318112821662183e+00
-5.559388627340153821e-01 -1.624978835030433111e-01 -5.307368121198964561e-02 -7.619986278220858278e-01 -2.381101609156453414e+00 -1.821619190381867703e+00 -7.839450346994181196e-01
-1.259501940652704988e-01 3.116469080572091821e-01 4.559044101217327172e-01 -1.262944089906853362e-01 -1.863590479818458379e+00 -1.268951993302739334e+00 3.828445905849133246e-01
3.499551132028469458e-01 7.395465497984498038e-01 8.669724094552503368e-01 5.017892303074736882e-01 -1.287295535841972871e+00 -7.149583628946687419e-01 1.470332179173319709e+00
8.270834563609013035e-01 1.123743644459555435e+00 1.189909741403375687e+00 1.104007180545102607e+00 -6.389713585157863474e-01 -9.943810547311797421e-02 2.405725421628348126e+00
1.305383979563760288e+00 1.534792424510083020e+00 1.543946862763296624e+00 1.702457820213215456e+00 8.592761396500329940e-02 5.613506555515571650e-01 -3.031484810643569450e+00
1.795751152629966096e+00 2.021915685480194291e+00 2.020489894494054361e+00 2.294473656752411106e+00 8.904726719441611316e-01 1.177912131228585402e+00 -1.682232321134756958e+00
2.306670859366921622e+00 2.589607124308859643e+00 2.620279472381799479e+00 2.865759116183868471e+00 1.849472994190311859e+00 1.668039574795060931e+00 1.027148338223255353e+00
2.841581393073806527e+00 -3.025257665479476721e+00 -2.920058939750177274e+00 -2.847263459012193021e+00 3.115798122614888754e+00 2.003682652755971016e+00 1.883137053311191744e+00
-2.880239281483903291e+00 -1.860465815883032725e+00 -1.473717923310600364e+00 -2.280211214784575446e+00 -2.093114092548129523e+00 2.389055142169093759e+00 2.566042069070668674e+00
-2.001058277086035453e+00 6.202329557694274964e-01 5.345173120202694195e-01 -1.723598268525765587e+00 -1.465617943660234346e+00 3.050790363314600739e+00 -3.107307696555873466e+00
1.043502188655881513e+00 1.316301781303698792e+00 1.244707569349831067e+00 -1.217049263300651329e+00 -8.814610999156369253e-01 -2.151438829803399955e+00 -2.547747964893841921e+00
1.496918641361784097e+00 1.743382385437942661e+00 1.685988059450731047e+00 -7.212725159877749759e-01 -2.195197812129336956e-01 -5.327760512869396115e-01 -1.983737606482110172e+00
1.853829374084864368e+00 2.067241764468636500e+00 2.057566531333992810e+00 -1.351087666791542796e-01 4.853886307792032451e-01 6.532857636723685690e-01 -1.446560789976419237e+00
2.205377557480462158e+00 2.419400276271340910e+00 2.484675414008137739e+00 5.143060903342306922e-01 1.164363091516506854e+00 1.464271918768997871e+00 -1.102326323443140854e+00
2.584285316977098734e+00 2.848307302535512342e+00 2.986741018917338675e+00 1.194356996415856020e+00 1.713487000625421697e+00 2.102467925711089425e+00 -2.516994476063503239e+00
2.969213773263097877e+00 -2.952554786841226964e+00 -2.757058696484282478e+00 1.845689797100750429e+00 1.726976112278488129e+00 2.584091129489928029e+00 -2.290828958021789319e+00
-2.997352933513954376e+00 -2.467161744185039751e+00 -2.207332820004744178e+00 2.444848480289548043e+00 1.402565518477333573e+00 2.860880371318977211e+00 -1.715055379537359537e+00
-2.809629299070023567e+00 -2.026598184922585144e+00 -1.674616808519484135e+00 2.978570838904694540e+00 1.748980326519802508e+00 3.015876121332635051e+00 -1.126536617332874579e+00
-2.712626456429456212e+00 -1.667444911810159081e+00 -1.185329637221374188e+00 -2.878003230404062140e+00 2.230209054427972237e+00 -3.095347810588797266e+00 -7.376618524434058743e-01
-2.696617954851133092e+00 -1.360115659554043122e+00 -7.702502519204597053e-01 -2.503845137276275779e+00 2.676990316362596989e+00 -2.840294168410796072e+00 -1.276628728561133297e+00
-2.771650727586406404e+00 -1.026032336349964158e+00 -4.802370741790771835e-01 -2.126002054207483116e+00 3.114925171902410916e+00 -2.549048085471902425e+00 -1.437782949608088723e+00
-2.538092541291714355e+00 -6.099057741729851934e-01 -3.138414729936490066e-01 -1.676758662360852359e+00 -2.651527447356461398e+00 -2.164686059088810843e+00 -1.112065697959537358e+00
-2.007757414201135404e+00 -8.663640865096242094e-02 -1.805513885721759387e-02 -1.133646496345797283e+00 -2.039173158085615167e+00 -1.653298938656081241e+00 -6.987170025495115233e-01
-1.336011155850874488e+00 5.186565645255761803e-01 5.464626974825455008e-01 -5.004258646763772855e-01 -1.343031045747588026e+00 -1.019615310435635802e+00 -2.413489261140759345e-01
-6.042623840978227356e-01 1.152555299704193681e+00 1.239630322617484293e+00 1.992827210788889469e-01 -5.824238426985649530e-01 -2.966630706762034553e-01 2.537393023447206408e-01
1.395668773270290208e-01 1.756695565647565571e+00 1.949630448074520794e+00 9.209526848832132462e-01 2.141988999360813217e-01 4.790384427722217953e-01 7.304248976756336775e-01
8.623582218669280097e-01 2.331589152724084624e+00 2.622344483027632567e+00 1.680944010471280725e+00 1.007700413256168215e+00 1.309669228344875647e+00 1.196911395414921753e+00
1.538751981527612722e+00 2.924981842873382032e+00 -3.042689045829794825e+00 2.488183114229864490e+00 1.745928310589743182e+00 2.168759925430405744e+00 1.657335022542340219e+00
2.165059439917987216e+00 -2.745178796459921688e+00 -2.482096774032857223e+00 -2.975320711355724512e+00 2.421811142928205207e+00 2.979572405702626270e+00 2.070773260613347322e+00
2.753132764855806602e+00 -2.160094744979375481e+00 -1.989810427596397924e+00 -2.182422851854838086e+00 3.074909399790564990e+00 -2.595659767856389077e+00 2.313833105861546446e+00
-2.969159798476286749e+00 -1.682185580220596943e+00 -1.558464053882636202e+00 -1.460216000050665652e+00 -2.573308710379669684e+00 -2.032079337228485993e+00 2.440082235670690824e+00
-2.411039387091546082e+00 -1.356767565953995280e+00 -1.171447082453477950e+00 -8.190493110685749256e-01 -1.973569869747646699e+00 -1.607876746253494415e+00 2.805854613207994674e+00
-1.825031384364874443e+00 -1.086383306660311243e+00 -8.373410041014157645e-01 -2.807697652251741616e-01 -1.440678925465029625e+00 -1.361364561522897754e+00 -2.936329263021913771e+00
-1.189409976077191899e+00 -7.505526620240258184e-01 -5.820389704461667035e-01 4.747497850646049955e-02 -9.976412369992343487e-01 -1.125001622661494949e+00 -2.273617516616367240e+00
-5.171040070064789607e-01 -3.678911216804663376e-01 -3.532923386330253379e-01 1.633370860165537786e-01 -6.151656149043788213e-01 -6.860177798738277266e-01 -1.528517279703044407e+00
1.667329561526448845e-01 2.106085423399680495e-02 -2.873859197897514137e-02 3.826267526472547642e-01 -2.015590079431898995e-01 -1.089291962817093840e-01 -6.977727108822109336e-01
8.522557999405028228e-01 4.411454718607896730e-01 3.949691519414419427e-01 8.380167741463666609e-01 2.908001494305005874e-01 5.291905893701868147e-01 1.943298742586183903e-01
1.523742823358779308e+00 8.902640271273380979e-01 8.483953933429256855e-01 1.417586688857000343e+00 7.991024698867688070e-01 1.116477489013020907e+00 1.065860892404300708e+00
2.153400193673904006e+00 1.270804798061281549e+00 1.222990561034927204e+00 2.078834418608241030e+00 1.199822531114897783e+00 1.440226934060000907e+00 1.864095379293345678e+00
2.679596160828430662e+00 1.341074196422948894e+00 1.380479381402815342e+00 2.799712246033404739e+00 1.348048888055556116e+00 9.783492111224086907e-01 2.512544248707909933e+00
2.967522710945463160e+00 1.429722010106705854e+00 1.427590885187169478e+00 -2.803404047893605089e+00 1.468438652942051226e+00 9.936062684565606373e-01 2.930075310807454425e+00
2.967173665285544271e+00 2.025583595246154722e+00 1.682420568030895236e+00 1.416301150148826737e+00 1.836367457500509559e+00 1.426696989252915326e+00 -3.059207265658269392e+00
3.103966612278010739e+00 3.022970261704627681e+00 2.032674972699361149e+00 2.130717376039334532e+00 2.400078713448633216e+00 1.997494702996138294e+00 -2.798967483310492277e+00
-2.800251260720614699e+00 -1.820112467465160533e+00 2.220995305675962150e+00 2.865284037436710118e+00 -3.111157546901931692e+00 2.635523052077865191e+00 -2.673458418312551821e+00
-2.342407077065826737e+00 -4.622730951083053319e-01 2.084085539855257796e+00 -2.829229935854529643e+00 -2.045632823122480293e+00 -3.053116415680812601e+00 -3.038386228847075099e+00
-1.908139243522134265e+00 5.538838350422149448e-01 1.951546467584649891e+00 -2.382137521552806447e+00 -7.665923545628480218e-01 -2.602192867622935335e+00 -2.858153492039132271e+00
-1.620740500062993528e+00 1.475327684984832688e+00 2.089904565084307109e+00 -1.942882481666762695e+00 3.519687816887088760e-01 -2.400787040070595069e+00 -2.305435638983195812e+00
-1.661619494845151701e+00 2.590022203214800367e+00 2.534730492476078734e+00 -1.432127930175124630e+00 1.341062712611311269e+00 -2.157538551326094733e+00 -1.628821609187677266e+00
-1.737951372577896558e+00 -2.165575695381456889e+00 -3.040091507225714640e+00 -9.242116982236411316e-01 2.389178176346702820e+00 -1.803615649843019142e+00 -9.278342130207384297e-01
-1.455952064365109377e+00 -9.854266558594090286e-01 -2.092964795787834564e+00 -3.934690998048443467e-01 -2.739912127149923382e+00 -1.346136362537944109e+00 -2.815129389370711888e-01
-9.722502593207826838e-01 -1.440782115607421032e-01 -9.186608081811200588e-01 2.293632686411828381e-01 -1.638011633658324140e+00 -7.673226048767541885e-01 1.614516782294942998e-01
-3.951718339186291451e-01 5.800175376667643379e-01 2.359077488983164494e-01 9.035096436844448631e-01 -6.821614462734731932e-01 -8.865617911007171725e-02 2.347478756224208873e-01
2.357335329549410108e-01 1.264062935371505381e+00 1.194505573164973855e+00 1.620352576478991669e+00 1.576649443289222519e-01 6.622958219872391306e-01 7.743011722838074595e-01
8.990433168646799755e-01 1.934340206855447608e+00 2.018346764279369321e+00 2.366756688951666021e+00 9.161426671526268217e-01 1.442292708553525760e+00 2.060246263419837742e+00
1.591799991212740739e+00 2.606833891251904678e+00 2.774003567684480309e+00 3.134055441254263830e+00 1.617357333611602277e+00 2.246886175371439531e+00 -2.722146152168367195e+00
2.377372469081269202e+00 -2.973168204888928745e+00 -2.776737541323011538e+00 -2.360891644141725809e+00 2.260981761653825473e+00 3.104467303227097297e+00 -1.694545272569949912e+00
-3.856421871737414908e-01 -2.128369409444419880e+00 -2.002908648502527367e+00 -1.574757732121971898e+00 2.803029088237359190e+00 -2.197050077319207428e+00 -9.043224792185586836e-01
3.613701497469598567e-01 -2.251258312333908052e-01 -8.694723308243071935e-01 -7.954521287062831236e-01 3.062478704068141599e+00 -9.077775850054398132e-01 -2.363174813316004930e-01
1.015960506818627707e+00 1.350671274906477981e+00 1.649206312908848115e+00 -9.902588145121970359e-03 2.575779138724863415e+00 5.180172466583943258e-01 3.455533402203858073e-01
1.642756344951129099e+00 2.131267719765173929e+00 2.577163046775397870e+00 7.952809545883622322e-01 2.473141556755466208e+00 1.603689882646013753e+00 8.192127864328233589e-01
2.273856442554672785e+00 2.787848915622044732e+00 -3.034526484492381826e+00 -2.000680469579462883e+00 2.900090949409619423e+00 2.495337810954045832e+00 1.209061292499087337e+00
2.938538999527555706e+00 -2.892630686844511967e+00 -2.428933968632652984e+00 -9.922689536114263076e-01 -2.675936481304606929e+00 -2.903187796626685024e+00 1.567526935577768343e+00
-2.625359769685126299e+00 -2.360028149188934776e+00 -1.845673352501219000e+00 -2.388318056441256221e-01 -1.751171657937858006e+00 -1.963426933002769825e+00 1.973654572047952804e+00
-1.787150598411855196e+00 -1.969001705475621922e+00 -1.261183233033796425e+00 4.509319445611083554e-01 -6.810923353867412988e-01 -9.148326879397774558e-01 2.441646147051818705e+00
-4.813912822527167124e-01 -2.138024331813270784e+00 -5.841596079536771624e-01 1.103464765601637421e+00 3.342220928945345282e-01 1.275671814523347269e-01 2.894867042321564554e+00
1.492762411694808833e+00 -2.889696192249288309e+00 1.404242871380211977e+00 1.708732836540592270e+00 1.201904285849646925e+00 1.029281815686391433e+00 -3.140223522299949721e+00
2.566958305134748208e+00 -2.750677098368986773e+00 3.065683750523056084e+00 2.311072897607999721e+00 1.983345100338439471e+00 2.040509129763592444e+00 2.727622091357448930e+00
-2.915398618871464897e+00 -2.364493154897442384e+00 -2.543384830820955678e+00 3.006266405896830474e+00 2.745753351856782043e+00 -2.679218064910209751e+00 2.912874157389770957e+00
-2.197779933859402846e+00 -1.926018658018511465e+00 -1.982774000609363707e+00 -2.421703960057834060e+00 -2.746906258176275095e+00 -1.197331161498723429e+00 -2.774243997163891251e+00
-1.530982160576293660e+00 -1.496959609658158552e+00 -1.491985512684292914e+00 -1.308291018348931356e+00 -1.881609610622332562e+00 -2.126955753897835644e-01 -2.042244625175653638e+00
-9.172203622234815779e-01 -1.143342950434807381e+00 -1.049776327764417205e+00 -5.203246422481557637e-02 -9.044600268650997421e-01 6.032743774993205577e-01 -1.242039943737186736e+00
-3.529418396544777292e-01 -9.997223869508382599e-01 -6.801032704363486614e-01 1.053505101651884157e+00 1.814486894117744442e-01 1.336288833250268260e+00 -2.788193723294863924e-01
1.704812186860193701e-01 -1.241354542230846958e+00 -6.459116089495898771e-01 2.079472624495012134e+00 1.269986595094558357e+00 2.124282067164679599e+00 1.269307035254813032e+00
1.980622558730716354e-01 -1.315137116906029746e+00 -1.178123608294317837e+00 -3.113047891302787029e+00 2.280360964611910735e+00 3.077635994275973008e+00 3.021832619438395984e+00
-1.437843833891122802e+00 -9.950514753713965987e-01 -1.034689370747061021e+00 -1.938100684829452636e+00 -3.047632421207006725e+00 -2.099699256659047109e+00 -2.020988131912092367e+00
-9.398065260709902446e-01 -5.371524294309714120e-01 -5.714744383939648342e-01 -8.403303825058859866e-01 -2.117095292635657433e+00 -1.013254125518041393e+00 -8.507118262461833558e-01
-3.942554264762931360e-01 -5.250115485032959967e-02 -6.675805783130332738e-02 4.340051556803554283e-02 -1.225632512684603048e+00 -1.152701443589662089e-01 3.033389978422363908e-01
1.187938095713167719e-01 4.148376038999181392e-01 4.154532117712501638e-01 7.299088931853554563e-01 -4.100685233188566259e-01 5.883825485762061991e-01 1.290764831737831742e+00
5.863293189924683180e-01 8.861260308363625438e-01 8.898185297209729727e-01 1.296371043738778983e+00 2.979481850655896213e-01 1.158785114557913554e+00 2.101652357798972748e+00
1.019589353723424185e+00 1.399057764914951374e+00 1.428695292704203590e+00 1.803365101680970639e+00 8.956479063188188539e-01 1.636437004573390031e+00 2.776417265234643494e+00
1.448409935909028112e+00 1.977591149090319078e+00 2.040746706124044074e+00 2.308582102405432490e+00 1.430234405684147170e+00 2.079519228248008833e+00 -2.903636818738316361e+00
1.881760553936328240e+00 2.593870881157249730e+00 2.676615014615877808e+00 2.807819149922702984e+00 1.922875468015094125e+00 2.465156390767897054e+00 -2.259925404459384168e+00
2.315857743283852077e+00 -3.086783021169910768e+00 -2.992524229775887168e+00 -3.094513377005807531e+00 2.349774110331946719e+00 2.649195395182068147e+00 -1.574058350464478506e+00
2.764359272481927032e+00 -2.507398055565544404e+00 -2.416757194785029039e+00 -2.974046964750612254e+00 2.683621512479177351e+00 2.709498590853597122e+00 -8.787161719008272920e-01
-3.029453577902464723e+00 -1.940539286935559327e+00 -1.857115265196103371e+00 -2.912900666411966988e+00 2.955815660822580071e+00 2.939487328684059708e+00 -4.766599632855487712e-01
-2.449868503883928295e+00 -1.385872412735693837e+00 -1.319274691928964849e+00 -2.566630991578099152e+00 -3.011471453227033912e+00 -2.951623052747429643e+00 -1.961361549553943373e+00
-1.570009087023887639e+00 -8.724355194318027529e-01 -8.418720229643390507e-01 -2.088331791533239556e+00 -2.611661322117281081e+00 -2.576921806320266572e+00 -1.280118259588354679e+00
-6.988538049956004305e-02 -4.226786565546493679e-01 -4.678115943339159477e-01 -1.583903467098215501e+00 -2.132517931470256034e+00 -2.242231589180268880e+00 -4.289644837527318288e-01
5.157073459941113880e-01 -1.744745031561580756e-02 -1.670688487324049343e-01 -1.077684230261960252e+00 -1.591833437280632646e+00 -1.852583488183543459e+00 8.301819265357481825e-01
8.999385966479431787e-01 3.787658440145678651e-01 1.863930514668779570e-01 -4.896063557321188586e-01 -9.996389154650094921e-01 -2.829858637405412436e-01 2.476135367137414889e+00
1.380318224906630586e+00 7.888451064191376316e-01 6.279249423107189365e-01 1.029726341375682086e+00 -3.695497397838224396e-01 2.047076131678020605e+00 -3.069033865700213859e+00
1.897049716084097337e+00 1.195912275512324374e+00 1.126241947608469518e+00 2.882330106135392089e+00 2.774700535298960102e-01 2.633060676079832962e+00 -2.510346222832245289e+00
2.388863716854276120e+00 1.567035554052799817e+00 1.634284109452982081e+00 -2.866765423554174852e+00 1.004266786593548844e+00 2.997062212647724877e+00 -1.952122105056676826e+00
2.815920655410704132e+00 1.868581180353416249e+00 2.113172191095651797e+00 -2.645551568327036751e+00 2.419182453092029839e+00 2.985581151532111122e+00 -1.400266329836035828e+00
-3.125838241086117630e+00 2.146099642280226316e+00 2.570286545460771510e+00 -2.723900015407930475e+00 -2.946619119018503152e+00 2.937203389893071837e+00 -1.249335198937558511e+00
-2.843944698043800123e+00 2.528286949486964641e+00 3.096683352080690899e+00 -2.598935400673977103e+00 -2.591857032681939010e+00 -3.021465714919299828e+00 -2.496566093790249408e+00
-2.546385437596232482e+00 3.063437511961244919e+00 -2.526256433634924026e+00 -2.175324533274738403e+00 -2.187975738607311538e+00 -2.523169098029225843e+00 -2.051641596407418611e+00
-2.157850983626271368e+00 -2.538477641486617475e+00 -1.774824460621114763e+00 -1.585117795343623737e+00 -1.672870554407820398e+00 -1.929612284310645354e+00 -1.372315168229352400e+00
-1.666243021495177112e+00 -1.720273372801407241e+00 -9.893247222964253185e-01 -9.124196828105906043e-01 -1.081801428465733794e+00 -1.281900218730158025e+00 -6.215066514145384247e-01
-1.092156640105210075e+00 -7.878805513436472063e-01 -2.094986746343951434e-01 -2.047796049797045992e-01 -4.563820059860754230e-01 -6.086764709523484473e-01 1.578677404697718112e-01
-4.625446171901497205e-01 1.763768261931580317e-01 5.414214390772841279e-01 5.065023408016183781e-01 1.741037846376711773e-01 6.262430730478094065e-02 9.486678117393380072e-01
1.969850440263848645e-01 1.078633181267578456e+00 1.256848263781803254e+00 1.187408498204340024e+00 7.872272053546714998e-01 6.864120577634036380e-01 1.726289895510748629e+00
8.763557165408774052e-01 1.887572977406593688e+00 1.934113920691344912e+00 1.812511266456078740e+00 1.378197892178506523e+00 1.192488611661238762e+00 2.485607419315821964e+00
1.718493495847103869e+00 2.609611478518479633e+00 2.564788602658232275e+00 2.334390135491837270e+00 1.951571982464480604e+00 1.321113086801767977e+00 -3.000308310212602247e+00
-1.137142135010398958e+00 -3.029172168055785264e+00 3.089015268915400902e+00 2.207141356107134023e+00 2.520933906608132880e+00 9.355429184369552509e-01 6.502567622172722439e-02
-4.744036678403922846e-01 -2.475988054837887642e+00 2.981988162524887631e+00 6.992526001374512745e-01 3.104280726991166972e+00 9.674194994062089714e-01 1.131821305492019869e+00
1.393587975743653118e-01 -2.180858622859181750e+00 2.211335292432928146e+00 1.014939657026237452e+00 -2.458684205466408645e+00 1.205027632704415375e+00 1.761180835605839157e+00
7.291099848929631921e-01 -2.800692167782005360e+00 2.540035291446918642e+00 1.428155747488941696e+00 6.954334497539306215e-01 1.264783746962117927e+00 2.346849820407853393e+00
1.311666971761341616e+00 -2.929783414544754550e+00 3.011850114342176532e+00 1.884891767152264697e+00 1.297445627127718160e+00 1.149538139075060306e+00 2.891300948079091881e+00
1.920468951683530934e+00 -2.516500748992085423e+00 -2.817186986342090194e+00 2.364331583159535288e+00 1.877355101113196811e+00 1.250918395397394578e+00 -2.895473912770737623e+00
2.649417435104832741e+00 -2.011791897417722019e+00 -2.387864557760024375e+00 2.817013171993419274e+00 2.526974760361591521e+00 1.473016125745538085e+00 -2.877470127449601289e+00
-2.477873803572576694e+00 -1.507982737665216177e+00 -1.998999571703747424e+00 -3.085739306769623713e+00 -2.960235562136707355e+00 -9.363825660191449352e-01 -3.051513717068459641e+00
-1.048637448857280496e+00 -1.070729730440537208e+00 -1.693027645903469658e+00 1.498250687586788921e+00 -1.857742053913182589e+00 -4.670858137392274179e-01 -2.597633922165034193e+00
-1.934747780509309123e-01 -8.062928194279727068e-01 -1.529107812518986309e+00 1.448099065841570887e+00 -5.298629397727666612e-01 7.383212310684304780e-02 -1.833090607092440427e+00
3.849987160385893170e-01 -8.620219989832091922e-01 -1.551848165600415497e+00 1.899441645656556155e+00 4.854562593940630055e-01 6.531637941877916909e-01 -1.066688564881927759e+00
7.384637755494711797e-01 -1.013275415112369737e+00 -2.047708515908460924e+00 2.366029407390904726e+00 1.142381944559045737e+00 1.144219848190563882e+00 -4.643999939302499991e-01
8.285529824587182235e-01 -9.496899441569816025e-01 -2.345188885667651046e+00 2.717791845940143336e+00 1.443100824720155106e+00 1.484039922441383608e+00 2.138215370421157335e-01
9.577588623835663340e-01 -9.543794279004983450e-01 -2.098048118058271960e+00 3.019574438528033422e+00 1.691221105670403624e+00 1.744018193659950144e+00 9.060746980497300651e-01
1.320793241973185372e+00 -1.014201596486642210e+00 -1.647263324364511838e+00 -2.847118693015549873e+00 2.217476881843393421e+00 2.120979661990868514e+00 1.555925190163998328e+00
1.763993803898768142e+00 -8.253658522669120590e-01 -1.113170801365610085e+00 -1.919989206980092344e+00 2.912806915132391428e+00 2.600572847430015599e+00 1.472689496270551901e+00
2.123649395851961774e+00 -4.544615664789695697e-01 -5.621927642706255890e-01 4.835726748667281139e-01 -2.598258837427787071e+00 2.820964442243789616e+00 9.797156035678561414e-01
2.040167481690585483e+00 -8.328255030756262500e-02 -4.910825161191123556e-02 1.552581952447576130e+00 -1.695421310282693605e+00 1.803420551128533722e+00 1.414860394993237902e+00
1.447906594785089762e+00 1.929252550815180878e-01 3.641250571686429072e-01 2.340055841658347457e+00 2.100909099993008289e-01 1.989537162886215738e+00 1.978963963350709232e+00
1.504610176951584277e+00 3.523127170599175684e-01 6.367709840170087121e-01 3.094620715753113149e+00 2.242343349935277619e+00 2.500702578645195295e+00 2.533263505728251985e+00
1.578944858981905952e+00 5.376291842947039656e-01 6.667333908124246644e-01 -2.489822780187878948e+00 -3.077637316173151838e+00 2.895877683680492698e+00 3.011121582696068444e+00
1.002303946788235312e+00 8.276785113398135163e-01 7.254884664866031452e-01 -1.924166207520779714e+00 -2.175083742877934156e+00 2.850337113350812857e+00 -2.872434882553844382e+00
9.469477041187419619e-01 1.219567381970723341e+00 1.041863336595114431e+00 -2.819916538763824310e+00 -1.273307727627885688e+00 2.577292429909920912e+00 -2.590864830628816673e+00
1.300294169245272302e+00 1.664083053365117193e+00 1.468815629352884233e+00 -2.642255494185965059e+00 -3.957558540990378515e-01 2.961290447058233966e+00 -2.283145506897194199e+00
1.699257546966228105e+00 2.121671193816555334e+00 1.850658118324848056e+00 -1.901132600182484644e+00 3.919731860198337192e-01 -2.799937375844522958e+00 -1.905935136889508774e+00
2.042201231886906498e+00 2.551515233599176202e+00 2.056215590742216381e+00 -1.016298083661598906e+00 8.265840545349218971e-01 -2.217569245289728652e+00 -1.485349580388216406e+00
2.289914358245102033e+00 2.797635547634850894e+00 2.000832521753004301e+00 -2.993181613523337656e-02 4.661379423824111301e-01 -1.751749296167479431e+00 -1.147092866565690095e+00
2.407501325408663906e+00 1.898185926628075837e+00 1.979106873917228393e+00 9.004266282391919507e-01 4.359561583386679096e-01 -1.985798202265831813e+00 -1.136836139268448287e+00
2.309350498926099782e+00 1.573848708503928773e+00 2.200672080522569019e+00 1.626612959135414371e+00 8.616174863046764942e-01 2.141409017056535635e+00 -1.308685485510354463e+00
2.174669103613295906e+00 1.903696546829792169e+00 2.498948720885788344e+00 1.860824280914336271e+00 1.287081945011385509e+00 2.111385383604004407e+00 -1.497419520523193714e+00
2.276962842462711745e+00 2.300475821071053861e+00 2.781579206459182441e+00 1.987674328033113058e+00 1.666769375026182054e+00 2.335946223960819967e+00 2.681211284361645575e+00
2.579365723297644131e+00 2.681093536119006693e+00 3.027800596217375961e+00 2.425950798003553732e+00 1.935359586767642526e+00 2.748055102538505157e+00 3.062103223660613605e+00
2.968454623885714128e+00 3.019977048516687912e+00 -2.923945541378436541e+00 2.925798666356113742e+00 2.068468874110066746e+00 3.069376308811064380e+00 -2.882303354523222616e+00
-2.861874817880764699e+00 -2.896621242514650696e+00 -2.474667857699283768e+00 -2.799712739893800872e+00 2.379873700425207517e+00 -2.865300072777422713e+00 -2.483182060587745266e+00
-2.351191212808676489e+00 -2.469749416836447775e+00 -1.937686005563819647e+00 -2.269431150947444298e+00 2.944227845272250566e+00 -2.516674951318439657e+00 -2.068528023291944073e+00
-1.753981870647840502e+00 -1.987294171555925137e+00 -1.384571228680033350e+00 -1.745559875367987512e+00 -2.539894410411402514e+00 -2.085964035700876185e+00 -1.641130458524457270e+00
-1.057310775199010067e+00 -1.501410560446794218e+00 -8.855577450173334197e-01 -1.271985297505445089e+00 -1.502087901947079418e+00 -1.654751526843855292e+00 -1.296071102456020308e+00
-2.545530767332378486e-01 -1.044334336933714136e+00 -5.922951323765237586e-01 -8.543001988194599550e-01 -2.970314224591035779e-01 -1.260574263755246394e+00 -1.129570664267414815e+00
6.387350981574310138e-01 -6.312314291999999716e-01 -9.485802673169917432e-01 -4.717054620320567104e-01 7.134914396137415071e-01 -1.030741304131749692e+00 -1.178235325380899923e+00
1.499498103433160034e+00 -3.073357633919142629e-01 -1.159127180770092691e+00 -3.137638423968430734e-01 1.438141538059453772e+00 -1.047250905531741161e+00 -1.347827000641465212e+00
2.348992804636549359e+00 -1.502374595427381776e-01 -1.030401683705281624e+00 -1.910918111503707162e-01 2.042539120693469101e+00 -1.006474467725937183e+00 -1.385577614417138559e+00
-2.616217043355330674e+00 -4.315620668415957595e-01 -8.409207292306909443e-01 -1.048713983587298060e+00 2.700936212817222959e+00 -1.618463023792291677e+00 -1.316111746757463230e+00
-1.299499419239322995e+00 -3.949973728455272171e-01 -5.098318020448023846e-01 -1.011926286503288308e+00 -2.795594109737515875e+00 -1.674493675609109555e+00 -1.140890974163448313e+00
-4.648607861157023069e-01 3.728835537610301898e-02 5.094498063275386054e-03 -4.927115703960542881e-01 -1.817540463244925686e+00 -1.225378558120369998e+00 -1.022129690537049829e+00
2.271834652008971334e-01 6.145853041896192082e-01 5.988620816273856340e-01 2.279139804293873750e-01 -7.068601221164023674e-01 -7.097257132283819603e-01 -1.078206408561771523e+00
8.346966757925242675e-01 1.212166119085655636e+00 1.262626977514977877e+00 8.642674083530004214e-01 3.327270532386523150e-01 -3.652061993718670463e-01 -1.149475299276703444e+00
1.398272478632179627e+00 1.822228587716502757e+00 1.981484934970533907e+00 2.134745160347391923e+00 1.206091425866409272e+00 -1.265086056519548752e-01 -9.648610716708765356e-01
1.932640562659175165e+00 2.457568281826679080e+00 2.766346628772008209e+00 -2.396313653026907353e+00 1.939172153389445707e+00 -7.341231364675163684e-01 -7.835897586605899967e-01
2.460737982018463388e+00 3.137759595970092796e+00 -2.622109923101901607e+00 -1.793839355786747802e+00 2.629236850529468761e+00 -1.348579108203838972e+00 -6.797704819924008657e-01
3.010302451872380658e+00 -2.304226351471713841e+00 -1.679450713951618157e+00 -1.251121039771614374e+00 -2.912819907307341083e+00 -1.181504863720148624e+00 -6.608479009537556736e-01
-2.705494673013488782e+00 -1.087084930080187251e+00 -7.497302164220540632e-01 -7.302538626493285667e-01 -2.127621793839197029e+00 -7.672735982193455984e-01 -4.682732128845336073e-01
-1.853446091395721806e+00 3.026470883258486899e-01 1.173976212115882267e-01 -3.253943032198895469e-01 -1.236162916838544623e+00 -3.670164650749114799e-01 -2.446402009408632783e-01
1.195242724535476420e+00 1.187482079084247077e+00 8.210557341222417538e-01 5.748173276706438489e-02 -2.291295624379183493e-01 7.145474901107921883e-02 2.562814950509448297e-02
1.833663396058674566e+00 1.736953545066314719e+00 1.416051120716784961e+00 2.173622970379562036e-01 7.415162627830456099e-01 3.176285830157691836e-01 6.108694945778913449e-02
2.365319168237756564e+00 2.175794235710422075e+00 1.890527784792604971e+00 3.858685181962668298e-01 1.788834395041706937e+00 4.716141275617679041e-01 5.328099172218862638e-03
2.884995053658188979e+00 2.672539834308628848e+00 2.343778527921056565e+00 4.458284639953151718e-01 -1.550407697848893207e+00 3.296302494998086252e-01 -9.657245719935764194e-02
-2.928554617307242758e+00 3.140439063015080468e+00 2.936695792125969096e+00 6.598255315690191303e-01 -3.719617864532879237e-01 4.223334925818700847e-01 1.516684267939789055e-01
-2.466776868198380157e+00 -2.560523988272487728e+00 -2.866280106481863488e+00 8.346440427658331496e-01 2.036998917354999050e-01 6.127047086047490154e-01 4.489544878803511385e-01
-2.236919898859279332e+00 2.576255021624642261e+00 -2.252798850129009267e+00 1.193548335698764395e+00 9.763298608414289204e-01 1.084613114150604796e+00 9.794692774332475205e-01
-2.150613121038033704e+00 2.824384378584547939e+00 -1.825168728870575574e+00 1.536164990517418616e+00 1.729641611950590185e+00 1.558517127293714832e+00 1.533848096344922807e+00
