1.563816422604685785e+00 1.565637981706101911e+00 -1.242303373149776125e+00 1.578660121619532175e+00 1.592168070472932406e+00 1.543591429148543304e+00 1.559797606670513925e+00
1.993614360888125159e+00 1.886296898591457438e+00 -7.923393005673636802e-01 2.212105151616011511e+00 2.145831211191724375e+00 2.368109728189686791e+00 2.178845543237196036e+00
2.346173099393307204e+00 2.068794990601181549e+00 6.252285274102417079e-01 2.826806424089940428e+00 2.728990591912194841e+00 3.004295990434544539e+00 2.868678796141577614e+00
2.580870397535575567e+00 2.201914845552904509e+00 1.335525303641907024e+00 -3.048665606723471644e+00 -3.123547146572761335e+00 -2.890164772673035731e+00 -2.893418782788458987e+00
2.834946779873296574e+00 2.475561344071398828e+00 2.006065235156376136e+00 -2.749256191642432512e+00 -2.673583452345285938e+00 -2.667844182065752801e+00 -2.254043136583339546e+00
3.070130718554334504e+00 2.925451017154950595e+00 2.709090162883901698e+00 -3.012560366242257093e+00 -2.425012089703635798e+00 -2.840833419541906046e+00 1.965792933495635442e+00
-2.949494346870203731e+00 -2.833993731117313342e+00 -2.966641750140978306e+00 -3.022998369912175853e+00 -2.186546755408560916e+00 -2.808313682085610719e+00 2.274123398200389889e+00
-2.751364652514449283e+00 -2.314647489393873325e+00 -2.290015682380379669e+00 -2.805661763040146361e+00 -2.121259350533411858e+00 -2.597514028551066279e+00 2.701205611775589155e+00
-2.599226421106217266e+00 -2.195334853844086442e+00 -1.756368476435170134e+00 -2.481348673547608907e+00 -2.481876308308520240e+00 -2.291818658260386776e+00 -3.073970674056753616e+00
-2.502114827989486034e+00 2.933669265615937771e+00 -1.552385495788801695e+00 -2.290478556976118796e+00 -2.735527855607338577e+00 -2.031889895100939203e+00 -2.541962128858071157e+00
-2.324461905859981581e+00 -3.085067004991303374e+00 3.049121116128917564e+00 -2.066473580238735952e+00 -2.323068877918942565e+00 -1.838965844015728157e+00 -1.853887854580437367e+00
-2.045989122145967176e+00 -2.631769524090375789e+00 -2.828926439996887865e+00 -1.794274511333586952e+00 -1.762210074885607325e+00 -1.797325793761163526e+00 -1.072603990353123482e+00
-1.671441387296038528e+00 -2.201050452876806673e+00 -2.332205242829770153e+00 -1.508667211394610463e+00 -1.110198852010805259e+00 -1.774208075804120099e+00 -2.319925057069422425e-01
-1.270423296603459651e+00 -1.830385082759221405e+00 -1.745265834227065715e+00 -1.484270019708308297e+00 -3.424709718568789141e-01 -1.739915381918395454e+00 6.744254800829470042e-01
-1.835236473462091400e+00 -1.589739894097513595e+00 -1.277907232833646489e+00 -2.265290825551507403e+00 7.204128032469294673e-01 -2.226054287838331369e+00 1.551335833644647222e+00
3.069093531131047659e+00 -1.443105650983388832e+00 -1.648096303380001793e+00 -2.349603300546021067e+00 2.697812566776998544e+00 -2.701674507399967062e+00 2.371086906138190287e+00
-2.763598976772059679e+00 -1.157929471743583294e+00 -1.874093971969734485e+00 -1.885639190368768370e+00 -2.388184666978804938e+00 -2.430183418241064430e+00 -3.107686482338697598e+00
-2.302132309434314905e+00 -6.727014590867047561e-01 -1.298746097226914920e+00 -1.268295877582801490e+00 -1.599724917686211167e+00 -2.009495555274642076e+00 -2.309545854375138596e+00
-1.844751717384925271e+00 -4.856894069256593310e-02 -5.690909491553272082e-01 -5.666865834277318159e-01 -8.990242758897998288e-01 -1.518892521936980655e+00 -1.215577131352713058e+00
-1.408416994810283818e+00 6.583807704468365163e-01 1.706970293404684036e-01 2.069637575821133280e-01 -2.312772608949505149e-01 -9.732601311735883387e-01 2.932408175191333899e-01
-9.880923964670034199e-01 1.423794663071147992e+00 9.154649494215808536e-01 9.925776565131305684e-01 3.918519855267724727e-01 -2.712944754521879887e-01 1.350301368302156968e+00
-5.682375274559181566e-01 2.219545562491011648e+00 1.578107451849524612e+00 1.773306845099525964e+00 1.022591708758296081e+00 1.679538516143876947e+00 2.104125247433071610e+00
-1.464096211707668072e-01 3.018535322603430160e+00 2.129154170511455835e+00 2.501710619062575081e+00 1.637894511225555849e+00 2.940413404603251291e+00 2.771264762134181936e+00
3.811953754755913470e-01 -2.456223406684834742e+00 2.571767799701323742e+00 3.140415311097526363e+00 2.246492122813990910e+00 -2.779407584110379137e+00 -2.887408902078074213e+00
1.308783252828580546e+00 -1.659418079123308853e+00 2.887796698551418739e+00 -2.567160700149119457e+00 2.867026674396365493e+00 -2.337576064969991485e+00 -2.273564837584659326e+00
2.851902144282923324e+00 -8.815563509442294610e-01 -2.902456840753848244e+00 -2.052389949892440946e+00 -2.789228069157265288e+00 -1.987423387066932445e+00 -1.717709088425017239e+00
-2.476732546261312784e+00 -1.324308975958728984e-01 -2.123826960414601839e+00 -1.532316847695251560e+00 -2.121911713515404418e+00 -1.653666302473413063e+00 -1.247192578899165571e+00
-1.773953820066461295e+00 5.759824773349104809e-01 -4.704457537463864192e-01 -9.720332093578232247e-01 -1.416462060953011415e+00 -1.305187401825050220e+00 -8.737883461997252299e-01
-1.097640452158354929e+00 1.246026321860633335e+00 9.909834004329528545e-01 -3.664529988407386196e-01 -6.345621589772086901e-01 -9.597031453096342979e-01 -5.591475643130936479e-01
-3.811575044231951259e-01 1.836092117769225318e+00 1.856419201337186076e+00 2.937708920688564818e-01 2.905121940643069500e-01 -6.663762642343376008e-01 -2.137399438907279792e-01
4.783758204861107144e-01 2.292722166735965406e+00 2.551957987753304735e+00 9.250340281934188447e-01 1.290259852558540254e+00 -5.616103606744601295e-01 1.280951531783910691e-01
1.821162157082423905e+00 2.620637496396873711e+00 -3.140044276522671929e+00 1.446629008436079999e+00 2.207114988094829755e+00 -3.641527568502126999e-01 4.341621655718123640e-01
3.093766908920450920e+00 2.947377916710075763e+00 -2.772596067447913537e+00 1.741397318358166135e+00 2.986355829623865255e+00 2.846650269694138480e+00 6.562401458365364482e-01
-2.427062405044439153e+00 -2.918208982298566845e+00 -2.715758449835846911e+00 2.027501800203927118e+00 -2.634146201979282509e+00 -3.026944869135997696e+00 9.673806554930038937e-01
-1.839301688560064596e+00 -2.432503130602959640e+00 -2.632256115874430868e+00 2.514149010418067487e+00 -2.049760785720275535e+00 -2.512948825229994299e+00 1.457372538108299365e+00
-1.351812665483827169e+00 -1.893197868274647533e+00 -2.190237445419931817e+00 3.118298261741681898e+00 -1.681095984215254857e+00 -1.974560854885588634e+00 2.116172886332284619e+00
-9.525018468729672394e-01 -1.306038977201360751e+00 -1.587068741228731206e+00 -2.470577400303768378e+00 -2.005784681441284079e+00 -1.393015132756235008e+00 2.937448506461165731e+00
-6.240102878079220039e-01 -6.669207705689713661e-01 -8.897456189706022256e-01 -1.723548427966570706e+00 -2.278560579307922218e+00 -7.285085404765683226e-01 -2.068377810079482071e+00
-3.888352235748329666e-01 4.482664800053513116e-02 -6.203378643625975103e-02 -8.895410236806631232e-01 -2.034721711205520478e+00 1.169701735435758616e-01 5.491431958787509338e-01
-2.911090909844392449e+00 8.462265458990683165e-01 9.524318636514369496e-01 1.679807845437470970e-01 -1.889338804574103525e+00 1.317947263382115874e+00 1.634926043174015131e+00
-2.631582812218474565e+00 1.146155976294273016e+00 1.930765789008506150e+00 1.633312619739509364e+00 -1.954670730971614478e+00 2.509918891143138264e+00 2.492188602656188134e+00
-2.149643345208230194e+00 1.044468999967423262e+00 2.518947780145639026e+00 2.841834162749154569e+00 -1.841665079978133557e+00 -2.967069412821734531e+00 -3.011791682936471037e+00
-1.605608503012351473e+00 1.905390264153358881e+00 2.986792468002502865e+00 -2.729580358550784513e+00 -1.497002036337428343e+00 -2.396704238211277094e+00 -2.297026430686596843e+00
-1.071921912782393793e+00 2.738906594773962588e+00 -2.751441485891136018e+00 -2.315591881345406833e+00 -1.090120052652755689e+00 -1.965625326081099411e+00 -1.678263908689947348e+00
-5.942773749877509060e-01 -2.754820990532694136e+00 -2.180511087102018131e+00 -1.971314367737953432e+00 -7.187198199493943784e-01 -1.582910031093293091e+00 -1.145148484551401724e+00
-1.399076571409383352e-01 -2.016291563511134477e+00 -1.639201564289276547e+00 -1.592754859704674342e+00 -4.551512886089435495e-01 -1.218190350921367404e+00 -6.404099873782004293e-01
3.816360674676506637e-01 -1.363653994187895124e+00 -1.224258307188434314e+00 -1.199684284851934457e+00 -5.988672651573312411e-01 -8.969399247517204632e-01 -1.347830761700009872e-01
3.076229661821059391e+00 -8.518131664554788873e-01 -9.935438086178949302e-01 -8.040511091976177971e-01 -9.030685143331341758e-01 -6.098108200396021861e-01 3.624697449920695758e-01
-2.022038877366452603e+00 -5.423478634848464264e-01 -8.033368188088415573e-01 -3.672288104550675003e-01 -7.097924837893399008e-01 -2.855654997674491602e-01 8.073920786279703554e-01
-1.420017876997355710e+00 -4.269301830894192129e-01 -5.093623628123415958e-01 1.550787390884135475e-01 -2.994657760732185592e-01 1.337450957922025063e-01 1.272486957034506094e+00
-8.657123838050154729e-01 -3.304584621329852423e-01 -1.069260714813130841e-01 7.223015199985233226e-01 1.583834790965427675e-01 6.128106208570738289e-01 1.828108410130568018e+00
-3.316244835318395423e-01 -1.011131489214531637e-01 3.471224018114210663e-01 1.316094678144292152e+00 6.565573816955386777e-01 1.127478911723941657e+00 2.467837827777295434e+00
1.940041875865266552e-01 3.194284454634793158e-01 8.434659341119086218e-01 1.916639386716119997e+00 1.187370607828457825e+00 1.673141596694373012e+00 3.126309929742482563e+00
7.641865951791372291e-01 1.011650566023590381e+00 1.363546912258386978e+00 2.557565481905211158e+00 1.753946606896379157e+00 2.944263017683947048e+00 2.016858134379039047e+00
1.411269299197557059e+00 2.531236959556234734e+00 1.921949058315649994e+00 -3.011006121277213232e+00 2.334659379918406330e+00 -1.100688396392847990e+00 1.768598465697063471e+00
2.195619450125892769e+00 -2.275592408860224403e+00 2.512698755210567736e+00 -2.346403230917087246e+00 2.896867199721373964e+00 -6.880365832548611671e-01 2.388283806694374345e+00
-3.103582127954709780e+00 -1.552862547436826501e+00 3.072408948748872159e+00 -1.773846967855648327e+00 -2.852671708451060439e+00 -4.708199045995771770e-01 2.976080891368786396e+00
-2.133241864292471313e+00 -1.079091614590599990e+00 -2.664708840976248716e+00 -1.315979918067583743e+00 -2.355874839473361959e+00 -2.791265139186173139e-01 -2.996235122583124966e+00
-1.436167303640655035e+00 -7.731755948202799766e-01 -2.082505658886387057e+00 -9.359056557376931318e-01 -1.860516163302088799e+00 6.553829576212167121e-03 2.984592860302874406e+00
-9.151446463309028667e-01 -5.105465979511710772e-01 -1.436713728352570829e+00 -5.900825933890508912e-01 -1.350768354370881497e+00 3.907816898283593132e-01 3.139685518081623439e+00
-4.103983711663894973e-01 -1.665956505258596732e-01 -7.896473962343463215e-01 -2.660271032423379700e-01 -8.119450215163268592e-01 7.853063184180973932e-01 -2.476625794281643422e+00
1.551904572448831454e-01 2.338724588334648302e-01 -1.881470595322532469e-01 1.049470530441863614e-01 -2.254169568378170396e-01 1.172392728632691616e+00 -1.640683556450152514e+00
7.697515901967516561e-01 6.170504114583530431e-01 3.720996610077230704e-01 5.312005188068870121e-01 4.025899174417599813e-01 1.557229115259740615e+00 -6.736565350582791600e-01
1.422773273330638411e+00 9.204530574378154695e-01 8.884176408170856298e-01 1.004163527845079784e+00 1.073595726070181167e+00 1.937108023160767800e+00 4.051168183585035498e-01
2.089660608006545850e+00 1.142350860784016486e+00 1.349243912209155516e+00 1.496071451476279179e+00 1.760563478176000007e+00 2.306023103448099576e+00 1.444987101918998373e+00
2.759597362467011816e+00 1.357372040061719076e+00 1.589849636176010161e+00 2.015367487198901575e+00 2.464540780224437011e+00 2.700678032047212795e+00 2.346191860029422926e+00
-2.739059317287487527e+00 1.642161624233653860e+00 1.535327708549047987e+00 2.571965676040110615e+00 -1.473907023270266126e-01 -3.107227766213226605e+00 3.127662967106926928e+00
4.480459461791518883e-01 2.004839561900606526e+00 1.767243139555680909e+00 -3.124889318858315779e+00 5.678470535092682292e-01 -2.558949315080206954e+00 -2.469608732083754532e+00
1.146685939158473611e+00 2.410572745393743332e+00 2.285459818798206477e+00 -2.506972300576490120e+00 1.190212743774999415e+00 -1.952083144021158345e+00 -1.847882328923805106e+00
1.663549667081381189e+00 2.795254362449711483e+00 2.934145999672108651e+00 -1.880459419697281032e+00 1.758766718427118292e+00 -1.314896014120525702e+00 -1.273230624514030351e+00
2.114533350095061603e+00 3.024272376933480277e+00 -2.591348424121331373e+00 -1.268143250669161892e+00 2.218019082137416831e+00 -6.829904058349990370e-01 -7.357476321945796149e-01
2.514573213548143116e+00 2.900012427791788916e+00 -1.577795807492425428e+00 -7.094598811622259138e-01 2.525458200498174932e+00 -1.640397088236956180e-01 -2.533975117253675635e-01
2.881535537769782884e+00 2.767028121373745542e+00 -3.099688581820336242e-01 -2.725902964736552359e-01 2.867264657236491932e+00 -6.340163285326988474e-01 1.098409857585090632e-01
-3.055037533791320037e+00 3.000962623148650366e+00 8.816574556526328710e-01 -7.772850294244289249e-02 -2.877265760832612429e+00 -7.481975690342629326e-01 3.634907534849928235e-01
-2.662110660206631341e+00 -2.863542569989024233e+00 2.249891898378027388e+00 -2.023079600550800328e-01 -1.974357768131056678e+00 -7.357298199088149748e-02 6.273451874142821350e-01
-2.167253537919525019e+00 -2.378762273056922893e+00 -1.443524233784178490e+00 1.278245150118410660e-02 -9.097965949407130770e-01 7.052248724355481002e-01 9.862934543057724213e-01
-1.512470782560323856e+00 -1.915303704348633840e+00 -3.280197844601052126e-01 5.647340275906691520e-01 9.565629264030428569e-02 1.380377166815380363e+00 1.333779210372611379e+00
-5.870048287228180062e-01 -1.701691830676410389e+00 5.107466470480306331e-01 1.270296012247927209e+00 1.034872657465991219e+00 1.822659382086398550e+00 1.613767629989367069e+00
8.863496685229642624e-01 -2.215429131417128605e+00 1.314232756935435509e+00 2.034941877428056767e+00 1.919940233159422416e+00 2.058318114648630459e+00 1.980775395588771914e+00
2.267603260288364009e+00 -2.152270774514058349e+00 2.108462828928800992e+00 2.816751709909400603e+00 2.760962849698067600e+00 2.368794850560191900e+00 2.572120277881034589e+00
-3.111256046252074636e+00 -1.696961116966970717e+00 2.907574855258778346e+00 -2.688904040700769382e+00 -2.719192052722712472e+00 2.815599721830079449e+00 -2.925058230101657220e+00
-2.397225978997421514e+00 -1.175895875383222489e+00 -2.536218188037447252e+00 -1.939964277366552636e+00 -1.952888180628103321e+00 -2.969282746785606442e+00 -2.041704282034733531e+00
-1.771908579646665371e+00 -6.515128770941873704e-01 -1.621557643712112862e+00 -1.235271503364399059e+00 -1.213359930371854745e+00 -2.445456801872076369e+00 -1.150303623794393992e+00
-1.208071066033462149e+00 -1.242700568359345198e-01 -6.634744979187492397e-01 -5.951666799434799371e-01 -5.071836003555393324e-01 -1.906420656264246949e+00 -3.948194343689038210e-01
-6.940681716582177696e-01 4.169432746521957167e-01 2.046741023955538363e-01 -4.556687461806428752e-02 1.348866895836164925e-01 -1.307073134623057298e+00 -4.212260464853667674e-02
-2.180159341842685672e-01 9.643002452053406337e-01 9.357398597094589432e-01 4.109055278805427980e-01 6.709831003677667605e-01 -6.007834625527903594e-01 -3.915471091188644538e-04
2.265168219518847725e-01 1.488786212314497703e+00 1.571413526810270023e+00 8.248359877512803084e-01 1.058918321630471393e+00 1.944512779532979463e-01 4.058891403125910458e-01
6.566322812867916303e-01 1.956455811164533376e+00 2.125452472332018505e+00 1.295006207386674157e+00 1.342771260420736246e+00 1.002032848655457498e+00 1.046495288457822248e+00
1.088866838727521325e+00 2.364465274799731453e+00 2.594953259537757795e+00 1.839890585995665573e+00 1.643738001335207422e+00 1.731448651475166578e+00 1.753605123693148471e+00
1.558707961000894260e+00 2.763711505547127967e+00 2.993156852157554670e+00 2.430039355751007601e+00 2.045621165278444398e+00 2.354651948875142509e+00 2.473294200197043491e+00
2.090974533618703113e+00 -3.067634836062739900e+00 -2.937767113310207456e+00 3.040907730128503239e+00 2.550723090936165338e+00 2.883524873535371569e+00 -3.109163804467501624e+00
2.689666164752279709e+00 -2.535663784925868303e+00 -2.611707010680101249e+00 -2.632300082192053470e+00 3.120640642034560486e+00 -2.972216671315139003e+00 -2.471178978165301743e+00
-2.940835537674084232e+00 -1.904477533742459761e+00 -2.396538171181704424e+00 -2.050027095853654835e+00 -2.566378869442446309e+00 -2.706692108260714935e+00 -1.952141146225487400e+00
-2.279102716876046930e+00 1.636918146780355077e+00 -2.533682189352492120e+00 -1.620135109870223689e+00 -2.009830267263639225e+00 -2.654437695013434517e+00 -1.647970423777978866e+00
-1.748865455043684625e+00 2.397189796590404764e+00 -2.745569247604349616e+00 -1.862507385167066154e+00 -2.029158697493902874e+00 -2.530194321620196085e+00 -1.590571259961183426e+00
3.119604167170086040e+00 3.091694533386263544e+00 -2.515341534214137642e+00 -2.097943730389304484e+00 2.957531282940868866e+00 -2.209383257785706878e+00 -1.592350634292254652e+00
-2.866134704538643607e+00 -2.482366200586642702e+00 -2.083388528458805844e+00 -1.676528124227671945e+00 -2.843293572244532719e+00 -1.823638861626652341e+00 -1.533320535889366232e+00
-2.232816487211975343e+00 -1.741329004454059914e+00 -1.582647594052157602e+00 -1.112107515575903705e+00 -2.248164137723933198e+00 -1.536154212927276941e+00 -1.388342028543317674e+00
-1.577266955159327466e+00 -9.436585741484141421e-01 -1.068919406901808200e+00 -5.190074013239349693e-01 -1.624034093821512093e+00 -1.513486087812566661e+00 -1.125099886622017875e+00
-9.260840638890687204e-01 -5.641283257004058721e-02 -5.698951912074273762e-01 6.416638261134638421e-02 -9.827629814640944650e-01 -1.491683409914159153e+00 -7.954746425012964028e-01
-2.789209238322786222e-01 9.112632317708609930e-01 -8.823416834008344922e-02 5.739511968895369964e-01 -3.305118793692958246e-01 -1.155852066300850911e+00 -4.537414064061541241e-01
3.602144423000506190e-01 1.846543438102254742e+00 3.725989736026693033e-01 9.494745398366447597e-01 3.232976379909024978e-01 -6.391079849855534345e-01 -4.969638337982684728e-02
9.573598392331019724e-01 2.645157891243705706e+00 -1.122325834524800392e+00 1.225971553113456958e+00 9.600903711335888602e-01 -4.211577390675196042e-02 4.461123036055094082e-01
1.441061862409491745e+00 -2.989854004153252642e+00 -1.845599928324555661e+00 1.558278030140536785e+00 1.560523928769697477e+00 6.097491801894198149e-01 1.001852855589483005e+00
1.656359798058486321e+00 -2.488672341962574919e+00 -1.671176560656695287e+00 1.974530186421445954e+00 2.096139759788255397e+00 1.319544779967750880e+00 1.569807024568308895e+00
1.678379626112028511e+00 -2.157536212764789685e+00 -1.803129427334143164e+00 2.431795262773040811e+00 2.551193498776947788e+00 2.096288893693005306e+00 2.146714803631622814e+00
1.986484794109664387e+00 -1.980151341432515588e+00 -1.804069846198115279e+00 2.913474851235290153e+00 2.979813544409648074e+00 2.906162084559536396e+00 2.750099012073249582e+00
2.533499935968750449e+00 -1.766744973455814050e+00 -1.548579532908585410e+00 -2.869086909500881077e+00 -2.827556242882179216e+00 -2.605807291135788351e+00 -2.906065685878437943e+00
-3.101935621627086359e+00 -1.397983414586065010e+00 -1.193814972407670094e+00 -2.353803097167140645e+00 -2.290827279793179905e+00 -1.908098673653205957e+00 -2.277617631663224174e+00
-2.416065075588693212e+00 -9.216618092766672987e-01 -8.136498416344281059e-01 -1.842379629369986116e+00 -1.723570006741792948e+00 -1.286247911170761871e+00 -1.688453345292098007e+00
-1.715255769254604212e+00 -3.994485143701109187e-01 -4.477937546087937815e-01 -1.369033036905557887e+00 -1.156714305172451329e+00 -7.446268940850196971e-01 -1.202518969033583573e+00
-1.013112808981468937e+00 1.191373818625390268e-01 -1.499267537209214851e-01 -1.026926152546796089e+00 -6.432703028243398347e-01 -3.192245882322938266e-01 -9.367674999619297616e-01
-3.285869346830372351e-01 5.664820300625048599e-01 -8.167955169045970978e-03 -1.003242996054973357e+00 -3.329191549163180164e-01 -1.088612255259718969e-01 -9.141919701752887484e-01
2.280276346400589849e-01 8.156646719628680708e-01 -6.166098258162993478e-02 -1.078123016847631011e+00 -4.999953394220353342e-01 -1.321778054414735892e-01 -7.767238105856282271e-01
-5.473241328937991090e-01 8.432540343775410951e-01 -2.911730617669099769e-02 -8.323391146831163878e-01 -5.714318505478234167e-01 -3.421874229692480757e-02 -4.402579761065838482e-01
-1.747787565066055149e-01 9.908465481986961088e-01 2.009568773057905100e-01 -4.217260372946825542e-01 -2.597365062163050076e-01 2.814059023426060402e-01 -2.973985430425020102e-02
1.017647166116162794e+00 1.298840075926990467e+00 4.986709556673279420e-01 5.165759647320605774e-03 1.536738920146574761e-01 6.522538183482872176e-01 3.663273453595925488e-01
2.152609605468172482e+00 1.625236182400568774e+00 7.423480377833621136e-01 2.993726644295166550e-01 5.409781081953046744e-01 9.354506806161815291e-01 6.344189572067713279e-01
3.000559703762034847e+00 1.896370094676949725e+00 8.594893432275406697e-01 -8.478720600259342932e-02 7.597078293689224493e-01 9.574453612777836797e-01 4.201838301356103367e-01
-2.668422529855382308e+00 2.098105995195957085e+00 9.627920436449787234e-01 -4.825367139632284474e-01 6.394170635760321186e-01 8.290521263465667756e-01 9.048419645659375177e-02
-2.357888695094793263e+00 2.376102924752151679e+00 1.260104602531536777e+00 -1.763837507324411968e-01 5.398976970800500874e-01 9.920287911697571737e-01 3.315070097199918631e-01
-2.228895023766514161e+00 2.876719705132464000e+00 1.723657873189910150e+00 2.952336455994319930e-01 7.110507403061872012e-01 1.348041968487319719e+00 7.521857549388352160e-01
-1.819428250826265137e+00 -2.729797012586764549e+00 2.241032007452907315e+00 8.051713829804807432e-01 9.371483540630073383e-01 1.719848729312756452e+00 1.184042664111928156e+00
-1.194947835052544649e+00 -1.956223754273020976e+00 2.692331332157837487e+00 1.313514934169018877e+00 1.129549704106823205e+00 2.051715640958843068e+00 1.544258161047805000e+00
-4.824975528207078312e-01 -1.137573103546201558e+00 2.844734910885658774e+00 1.790218066193347113e+00 1.326711206152432432e+00 2.400789072513925149e+00 1.758864405550855103e+00
2.825585665265799018e-01 -3.099057835292853280e-01 2.418030551425503827e+00 2.181412106136551898e+00 1.510956464073200278e+00 2.801820579796822752e+00 1.819455730010319572e+00
1.128389962231280741e+00 4.933448241124101519e-01 2.328451107479472260e+00 2.327609757992317174e+00 1.497545999836895847e+00 -3.065685154799309142e+00 1.873073783148289317e+00
2.237728848109464597e+00 1.247098689113261161e+00 2.568272882501809296e+00 2.007621906728153771e+00 1.284136241689018743e+00 -2.687027605471067560e+00 2.009646557319646476e+00
-2.078507059990284400e+00 1.944915198908342413e+00 2.847782982343282310e+00 1.891752944512315127e+00 1.375980925351072415e+00 -2.475812202484734215e+00 2.206388048847963468e+00
-4.836452079866769838e-01 2.594657515310303975e+00 3.088835805571830573e+00 2.142828219497661557e+00 1.732969199053048248e+00 3.055922870693268845e+00 2.455510639649603810e+00
6.766834785257885843e-01 -3.080277092129035221e+00 -2.963023531054666204e+00 2.535447069105235762e+00 2.192483171439732370e+00 2.783337573379106811e+00 2.761694980552688694e+00
1.754951718529914384e+00 -2.523183321695440906e+00 -2.698230814203816497e+00 2.993099896353031752e+00 2.672359730125584587e+00 -3.134882096988476974e+00 3.126257246344656959e+00
2.710142453215188763e+00 -2.039329186153696405e+00 -2.410041227913341189e+00 -2.796234166502219676e+00 3.112764800782237717e+00 -2.663320322198172718e+00 -2.729644334899756331e+00
-2.792506215589548813e+00 -1.633551782276011499e+00 -2.116411206056328265e+00 -2.289392676677541427e+00 -2.835628926606410527e+00 -2.171529321506183940e+00 -2.253018254862542147e+00
-2.178749462492497901e+00 -1.266478532847775229e+00 -1.815028357946871784e+00 -1.794416672735055229e+00 -2.642910105551291799e+00 -1.705710860551641339e+00 -1.772826208781446811e+00
-1.710417242710617902e+00 -8.841008582704343866e-01 -1.483228483953443755e+00 -1.333864054362232210e+00 -2.479639221746815281e+00 -1.367157666712682795e+00 -1.392451040667758377e+00
-1.334966930483490133e+00 -4.602443962048946569e-01 -1.083305866506885318e+00 -9.017189150511710771e-01 -2.186014644233367221e+00 -1.304626518615443764e+00 -1.285384117341094257e+00
-9.482121201610768102e-01 9.007786547346125286e-03 -5.897138180043088873e-01 -4.436190762944703936e-01 -1.750409063355654382e+00 -1.205297003333016592e+00 -1.239244541787236642e+00
-4.775680731915791788e-01 5.150931984409604647e-01 -1.561309951047953545e-02 9.104088966379432490e-02 -1.215664961347606932e+00 -7.610963844853199101e-01 -8.489778841179436153e-01
7.106591741474278801e-02 1.040167693801058002e+00 6.077414373859381103e-01 6.957162731437135372e-01 -6.166335854791296089e-01 -1.154966409835898322e-01 -2.143719558324431729e-01
6.627779621581757485e-01 1.568423817138867804e+00 1.261975151791068450e+00 1.328400663920078717e+00 2.589687512221498789e-02 6.508562850386737653e-01 7.004851923898243182e-01
1.266605552443129667e+00 2.095205578030141069e+00 1.942239219091682179e+00 1.948925344986642605e+00 7.160190389345445494e-01 1.568315108423422810e+00 2.196443547895403192e+00
1.857372033352864271e+00 2.615507162638741168e+00 2.643366354806913510e+00 2.543828561025378132e+00 1.544615279787203255e+00 2.755945332075656840e+00 -2.986832575482157193e+00
2.405719606413256884e+00 3.084999211640826910e+00 -2.922741282636637905e+00 3.138628642895619603e+00 2.990659121458133729e+00 -2.218022072738032424e+00 -2.283901755418434654e+00
2.845112124358537109e+00 -3.015901134727196009e+00 -2.161190383701426576e+00 -2.504976922996752453e+00 -1.958073178420208560e+00 -1.141333497529654961e+00 -1.650261987809370279e+00
2.942431844403947672e+00 2.487887359983540936e+00 -1.099505114141756890e+00 -1.752882906819522635e+00 -1.499939663671906676e+00 -2.399853099652301813e-01 -1.048030869463227210e+00
2.544152457512217413e+00 2.433551409181567315e+00 9.418693889784834905e-01 -6.827060261776790595e-01 -1.216440877288557321e+00 5.786991458429289192e-01 -5.165521929036582804e-01
2.588582248986666112e+00 2.687451691611495441e+00 1.939820972533364385e+00 5.404742249486959027e-01 -7.665421206890156158e-01 1.357186371386551293e+00 -5.642169526785410782e-02
2.843264048393932875e+00 2.856221180108796887e+00 2.509746888280651955e+00 1.351723697584104489e+00 -1.937522753520555530e-01 2.123587455635091104e+00 4.317470092973851314e-01
2.999393405626258780e+00 2.966206124391696619e+00 2.918790033651876392e+00 1.972805940935897118e+00 4.161660724496184516e-01 2.901352721773651666e+00 9.953052206932944124e-01
3.043333436626749045e+00 -3.097269059602862029e+00 -3.032841388007651240e+00 2.494501450548384014e+00 1.024447706338689423e+00 -2.566593830125443176e+00 1.593605309329240827e+00
-3.102607092934509758e+00 -2.753383013361006881e+00 -2.712096447623712159e+00 2.913560225112086677e+00 1.622890163493416749e+00 -1.655816233899005008e+00 2.184471788327605246e+00
-2.835972470108093724e+00 -2.325829209193528424e+00 -2.372415126697839050e+00 -3.012560297401390752e+00 2.213194175351308246e+00 -4.770289754239780411e-01 2.742730729462134143e+00
-2.485063358727549687e+00 -1.843256558632738740e+00 -2.001745803633359966e+00 -2.628886010291470399e+00 2.786156530010674537e+00 8.971801187913320819e-01 -3.027184331386832294e+00
-2.079563713836437788e+00 -1.335897730128976724e+00 -1.594592510858665158e+00 -2.187910564524045309e+00 -2.981969177978374130e+00 4.516054606116409187e-01 -2.558033163623782524e+00
-1.650862543671759664e+00 -8.621842840554224674e-01 -1.728522927349708027e+00 -1.710285386147557096e+00 -2.656851998240937540e+00 7.234862019648218290e-01 -2.129541049686026977e+00
-1.235370659218625544e+00 -8.763676855364148643e-01 2.799482103012302048e+00 -1.224529000476028973e+00 -2.933441606393337064e+00 1.423080549756649438e+00 -1.768475096219984666e+00
-6.964186833571622826e-01 -2.144764282057544769e+00 -2.961633520580419177e+00 -7.565729087233826755e-01 2.970612450028307983e+00 2.150832660952241238e+00 -1.505976775995690797e+00
2.465863362090040312e+00 -1.801688611626736991e+00 -2.433628602559536169e+00 -3.284261536488113919e-01 2.793461815618386357e+00 2.862652753785406734e+00 -1.411480161617104212e+00
2.752470019453219230e+00 -1.418168131918987829e+00 -2.012516156955856061e+00 -2.821269365296726672e+00 2.322970954663042153e+00 -2.766971570281355319e+00 2.932456514867935571e+00
3.112183293646450633e+00 -1.356562004690175183e+00 -1.929991430873031710e+00 -2.424331247871068129e+00 2.439367814517918731e+00 -2.265705612246772471e+00 -3.043482173426807602e+00
-2.708378215347290840e+00 -1.436014017334292570e+00 -2.219700375313705010e+00 -1.834253562454678521e+00 2.896266885437804195e+00 -2.099317918169142594e+00 -2.450288466387103625e+00
-2.176289138836113413e+00 -1.100987252044925091e+00 -2.126929017263999633e+00 -1.157561820197943403e+00 -2.838823021847898698e+00 -2.224774360161782205e+00 -1.735033475587389074e+00
-1.605437154410793044e+00 -5.046072349244937749e-01 -1.819952246731682211e+00 -4.025458580157428301e-01 -2.296887214951087053e+00 -2.391976955977345831e+00 -4.246057892015702162e-01
-1.013312258806927213e+00 4.726030739176566020e-01 -1.552285930243732626e+00 4.646985985749692571e-01 -1.880819743718201487e+00 -2.884493549702094040e+00 1.882795090605115407e+00
-4.043518517474133378e-01 2.237988599465226436e+00 -1.582388556553373515e+00 1.543516238190381307e+00 -2.093891073080902387e+00 -2.913329161705371373e+00 2.705596879301272573e+00
2.407686888756322696e-01 -2.941914344185122321e+00 -1.856805739224344887e+00 2.800426270108598015e+00 -2.753476350241291559e+00 -2.581273916254303025e+00 -2.936720267123759776e+00
2.229927387100367309e+00 -2.174503753591972899e+00 -1.741080016749831261e+00 -2.429590368310396986e+00 -2.525617406689859124e+00 -2.141416535895702911e+00 -2.365787343731556636e+00
-1.914419971867155290e+00 -1.480372795199824232e+00 -1.393457252093595056e+00 -1.619353222690162131e+00 -2.109662185773522491e+00 -1.678526126975253607e+00 -1.876939998889028516e+00
-1.298335226435173961e+00 -8.246223240096148821e-01 -1.017927267704302086e+00 -9.431529009891078674e-01 -1.655750070005156394e+00 -1.250604563987416373e+00 -1.543923006818254784e+00
-7.392424652421395459e-01 -2.195941308619772103e-01 -7.578459788806611863e-01 -3.649311267506849532e-01 -1.209544089981868353e+00 -9.367506073615515794e-01 -1.571188444384844729e+00
-2.139787003762980144e-01 3.125374235254602118e-01 -6.488079849252721409e-01 1.065188351778774134e-01 -7.905768562470669725e-01 -7.653761472153212120e-01 -1.777298912154702482e+00
2.987950358625073299e-01 7.842999558374723623e-01 -4.244710094209460105e-01 4.695180273408881555e-01 -3.882488194145878313e-01 -5.397624331789300234e-01 -1.593768331530090787e+00
8.342051646766355244e-01 1.275642036583384265e+00 2.555403625819515495e-02 7.786830152392012483e-01 2.484555450035222379e-02 -1.419740841327077896e-01 -1.226314538041523461e+00
1.435240391225440115e+00 1.861122777312677057e+00 6.571608805777234830e-01 1.138044439544003472e+00 4.553099342491039869e-01 3.508814552895714312e-01 -8.589408782255539831e-01
2.148975701221887302e+00 2.560252506320405352e+00 2.817507588903712445e+00 1.611922495692194257e+00 7.624668916379628847e-01 8.240273571224797644e-01 -5.885580096643292514e-01
3.053615068162692125e+00 -2.912246370840179566e+00 -1.855520162650422078e+00 2.437082666681640752e+00 -1.335039463446670904e+00 1.937697470644776654e-01 -4.358628708305130606e-01
-2.083383032930512524e+00 -2.007455309507054864e+00 -1.229125998764061700e+00 -1.008675207287883513e+00 -9.592363644634339659e-01 -7.226761640779468809e-01 -2.893577293523515448e-01
-9.420650484729102825e-01 -1.060928892266294721e+00 -6.962003345049354586e-01 -2.363899445715844372e-01 -4.677862151216421460e-01 -2.161486760003319685e-01 -4.159821855978852734e-02
-9.145380478904297991e-03 -1.454068793536265058e-01 -2.444468671418623673e-01 3.941685265521044923e-01 2.084772669824746030e-02 3.588194507130466060e-01 2.685211239186942045e-01
7.645200203963943286e-01 6.682903011633696266e-01 7.502608715182364219e-02 9.858501527799727882e-01 4.644851855052816725e-01 9.303536785311004031e-01 5.200629089145936135e-01
1.398581022609921565e+00 5.628608273668913586e-01 2.546731624929386983e-01 1.485608898954749124e+00 7.973379060945117169e-01 1.452487507772000530e+00 5.477595783115393191e-01
1.811762835147254336e+00 -3.370614926643016873e-01 4.666418826657494079e-01 1.689649873776720046e+00 9.676209187421397351e-01 1.863855136373711918e+00 4.814197660472079865e-01
1.946014848306312661e+00 4.034873566402558676e-01 8.366522501212387830e-01 1.368123526633861164e+00 1.109280916431602648e+00 1.855015335750901828e+00 6.711841396241560176e-01
2.220643920617876077e+00 1.231777816265784642e+00 1.300848652414259510e+00 1.407373422164564625e+00 1.376771285162568859e+00 3.367157400895063463e-02 1.036636848502950459e+00
2.805056914446386607e+00 2.106786108676153013e+00 1.743758493177424596e+00 1.690527302202804005e+00 1.656824907935642743e+00 2.589983544618741362e-01 1.430594614716795832e+00
-2.669688515359105452e+00 -1.377190455980031425e+00 1.978176326997312717e+00 1.709183769818349852e+00 1.654021438330340210e+00 7.006891858021746522e-01 1.739165125933568090e+00
-1.443312883765390131e+00 4.655973406766478750e-01 1.835191540935734666e+00 1.387228327165938468e+00 1.406990671643688851e+00 1.199837424815958009e+00 1.901340807458605564e+00
2.347603325742422253e-01 1.299601578170916705e+00 1.845506435541402146e+00 1.587353682190240756e+00 1.532992962370134604e+00 1.702485331578022176e+00 2.039038658477410504e+00
1.201859604234296608e+00 2.058817846595623280e+00 2.116438125598829600e+00 1.987419015382745568e+00 1.817762110146327048e+00 2.159735377974854043e+00 2.259812464792924303e+00
1.623605247107988925e+00 2.681539491028331224e+00 2.412555183108805679e+00 2.176707200963829081e+00 2.037289832199582928e+00 2.483205980156525161e+00 2.455285764375052526e+00
1.600622523176521650e+00 2.559184144261871907e+00 2.599601167694303161e+00 1.656943942400228797e+00 2.129718299592375796e+00 2.496388077846523501e+00 2.449418840044289780e+00
1.706312603907599978e+00 1.546645506446210350e+00 2.644406435559966795e+00 1.602075063304759794e+00 2.190962868222123827e+00 2.300590980700505384e+00 2.293079869915497948e+00
1.993001606986871233e+00 1.732503978663033628e+00 2.650292559118909264e+00 1.920309079565656551e+00 2.271430270972443211e+00 2.362403222314152451e+00 2.310337130608589806e+00
2.273690169911701808e+00 2.094139128931041594e+00 2.738408181677243203e+00 2.322266194360872671e+00 2.367313163276566712e+00 2.598199155944640903e+00 2.506289461001288466e+00
2.573747714425718591e+00 2.603871525979154722e+00 2.938613401720061802e+00 2.787284080672615350e+00 2.564299711100794354e+00 2.915636720220898148e+00 2.797014645389809040e+00
2.964574772403725245e+00 -3.081226077351892467e+00 -3.050392903085058727e+00 -2.974236139062528039e+00 2.884711710309669552e+00 -2.996640834019309363e+00 3.113670012957309829e+00
-2.864224675365551143e+00 -2.465274430600894018e+00 -2.711032373493791781e+00 -2.418862627150807132e+00 -3.008482606422212768e+00 -2.606675413853607459e+00 -2.894759555094187586e+00
-2.415659119150636691e+00 -1.888347297804534142e+00 -2.366958018128115793e+00 -1.875944906857571537e+00 -2.600198152257968243e+00 -2.243629103140341918e+00 -2.707591694572002439e+00
-2.001595490912108311e+00 -1.400245774014256206e+00 -2.039084701583650627e+00 -1.399753790725969838e+00 -2.187571057478800096e+00 -1.914517015656147292e+00 -2.527909159965250119e+00
-1.583169559395014803e+00 -9.997207898924339586e-01 -1.696065075986779025e+00 -1.034994869951013863e+00 -1.759452307061445842e+00 -1.586675867041285048e+00 -2.245046918615018594e+00
-1.087118928159529929e+00 -5.601615828276862441e-01 -1.272869276567042629e+00 -5.761890929355779623e-01 -1.295497156413000450e+00 -1.248394690000949936e+00 -1.879029008777711729e+00
-4.795993454276072931e-01 6.833887095725678373e-02 -5.738571239956495873e-01 1.674394370182006986e+00 -7.809837826269072636e-01 -9.746655688768917081e-01 -1.978769247277363474e+00
2.418417505395471234e-01 1.030628892802326835e+00 2.164058717181701841e+00 2.596741348104218083e+00 -1.563045822928126327e-01 -1.138457463328639063e+00 2.664914797075954578e+00
1.094120135208048517e+00 2.501437854704677832e+00 2.903857475159544954e+00 -3.114555219947200193e+00 2.780365105274260173e+00 -1.977875629823937498e+00 3.073030655618556040e+00
2.066390872178691662e+00 -2.607339680749265920e+00 -2.902475768355817110e+00 -2.664921950288523078e+00 -2.643915459569433857e+00 -1.994161313623763920e+00 -2.797920231627914145e+00
2.989999013040682829e+00 -1.968734567508617195e+00 -2.523364183525289128e+00 -2.463679291848715369e+00 -2.156122054813403466e+00 -1.840433924920215958e+00 -2.612631918086950389e+00
-2.633507316242605256e+00 -1.577652908447616742e+00 -2.182836886223515904e+00 -2.345745970507812306e+00 -1.758520201684300011e+00 -1.698447188130299379e+00 -2.707658533651085886e+00
-2.213959995965559813e+00 -1.117598422088186494e+00 -1.770558861199960532e+00 -1.980979534613358073e+00 -1.414276142708206896e+00 -1.460696750556556012e+00 -2.601127015909290741e+00
-1.847153218700712030e+00 -5.185152582949994482e-01 -1.243037403242702066e+00 -1.444218250468048081e+00 -1.084866129648630162e+00 -1.086251228525777268e+00 -2.302469689966809785e+00
-1.498141429133693858e+00 1.477613435943925524e-01 -6.012307826724720972e-01 -8.563716675982229187e-01 -7.824843922903820248e-01 -6.304626292740228566e-01 -2.397922916660426118e+00
-1.210581731189090737e+00 8.376715475494412866e-01 2.034698744386236602e-01 -2.747943343835129171e-01 -5.663854488489171723e-01 -1.368654544080497304e-01 2.356915986331577173e+00
-9.979770843091905208e-01 1.548505403459102592e+00 1.374670669580623450e+00 2.978199028288323613e-01 -4.179188635552881781e-01 4.018986296318481921e-01 2.501601811996955860e+00
-8.865990724723603611e-01 2.343908453045192797e+00 2.810076572428820363e+00 8.974156677956689476e-01 -3.480918817565038514e-01 1.045760540650259918e+00 2.791378122946106988e+00
-8.384380951599778031e-01 -2.715415246837651786e+00 -2.482984983729715545e+00 1.809756072370291902e+00 -4.834921391273626634e-01 2.845473572534677587e+00 3.112389496465072014e+00
-6.496747503303872406e-01 -7.799619878607576551e-01 -1.741545103828969765e+00 -1.661423522409064990e+00 -4.460656897274021815e-01 -1.546747974240874512e+00 -2.839545379387474089e+00
-2.482972865041416788e-01 2.941202273874706785e-01 -1.062122907601513733e+00 -7.536289598915321131e-01 2.804035419240118523e-02 -8.357678175420627520e-01 -2.567872735046544008e+00
2.727997879759380129e-01 1.103919621667992734e+00 -3.435584978494444774e-01 2.993679117806478723e-04 7.455795704349315045e-01 -2.124295772338164467e-01 -2.424321230405852123e+00
8.611953250437347496e-01 1.866653990387891149e+00 2.467526438289736390e+00 7.525458337016290855e-01 1.629758750550709179e+00 3.653359626158159124e-01 -2.316192162771267160e+00
1.497129061107878911e+00 2.627208807145472225e+00 -2.443210228992892308e+00 1.508539549475559571e+00 2.607616715103404204e+00 7.456883801823850355e-01 -2.059864281078483739e+00
-1.168162732517977753e+00 -2.875748626583369383e+00 -1.710937775209118827e+00 2.302533171768067710e+00 -2.717358964651238828e+00 -3.683364717459867155e-01 -1.674410557665672927e+00
-5.505607316960235975e-01 -1.558038846779765896e+00 -1.010087052039627897e+00 -3.040815680613508487e+00 -1.846529506434829493e+00 -3.627007519145530323e-01 -1.237983331428737843e+00
-1.481251046064638310e-02 1.579871191892650462e+00 -3.387083955705971205e-01 -1.865359458066563780e+00 -1.070761014042806547e+00 1.062924832144899884e-01 -8.031912203867564992e-01
4.149093166308302494e-01 2.264479454851408224e+00 2.728916176790295300e-01 -7.428172548867195690e-01 -3.662214544677265815e-01 5.883510327149610308e-01 -3.957192664812503313e-01
7.195355141885639849e-01 2.596084137195825203e+00 7.250647816654662847e-01 1.748582227487008312e-01 3.133322619056354008e-01 1.050849758850739057e+00 -1.418238505278236403e-02
9.833756448893297142e-01 1.954883454339246374e+00 1.006416627120493512e+00 1.021080838488876985e+00 1.041147820321857376e+00 1.508992701636054035e+00 3.381325026637881370e-01
1.366763850914920919e+00 2.247534806690529408e+00 1.585619039203875813e+00 1.899101667427839368e+00 1.978176766536573261e+00 1.987929638980863611e+00 6.097467356385232184e-01
1.888708965386425742e+00 2.907293182823456501e+00 2.623642493007050991e+00 2.852480004705435945e+00 3.135466937872668058e+00 2.500946535768070689e+00 5.590524491378504601e-01
2.513979478332610373e+00 -2.636468015802593268e+00 -2.614820615037855234e+00 -2.394314795469539181e+00 -2.168517147234110709e+00 3.062741024789443767e+00 1.245108061252271636e-01
-3.045652198200724303e+00 -1.870939157404923670e+00 -1.743561655432216861e+00 -1.327630985848630818e+00 -1.401595335270329201e+00 -2.503887007613410987e+00 1.761253066225623443e-01
-2.196805891230408481e+00 -1.096834813916783835e+00 -9.823713591216191032e-01 -3.398290321562701388e-01 -7.376985710457530931e-01 -1.071098697169590608e+00 5.495116003766996604e-01
-1.165716083888240995e+00 -3.275515528819226696e-01 -3.037919711790260657e-01 5.433869323794648931e-01 -1.362915731067678993e-01 4.813999067165872225e-01 1.039346670932785655e+00
-5.514758951310304996e-02 4.205744999935814299e-01 2.734442099006053062e-01 1.362538320597446839e+00 4.148037613962222703e-01 1.227700104008273563e+00 1.584856426293414389e+00
8.706859253176125746e-01 1.131232809702698461e+00 7.154883258372125576e-01 2.126957756780895714e+00 8.966404702048150765e-01 1.763446323582028796e+00 2.154399471007629963e+00
1.577280790762470186e+00 1.779289736783557174e+00 9.408340856398665908e-01 2.827437067531812342e+00 1.278828378175150382e+00 2.184084298200541951e+00 2.755421619056580340e+00
2.060037912381237568e+00 2.302373869234789261e+00 9.870008058463333178e-01 -2.858955420437136574e+00 1.376293722092736926e+00 2.503076261578663253e+00 -2.330678383638140616e+00
1.846339522504437003e+00 2.376338788751257702e+00 1.088864110879506519e+00 -3.017271640600817761e+00 1.013977366257430734e+00 2.730161394925677776e+00 1.283757793866570629e-01
1.168825353634713737e+00 1.672242148219291735e+00 1.368268730001355848e+00 2.449070976875164618e+00 1.062696013013885610e+00 2.923622592787776142e+00 7.771181222288170432e-01
1.475191966071633720e+00 1.862524940554096453e+00 1.756667460531458502e+00 2.854769618529785280e+00 1.465363351010158688e+00 3.105160364000082662e+00 1.366133530866141976e+00
1.968356120670749387e+00 2.338899562513511832e+00 2.218376424771775213e+00 -2.866969010821398545e+00 1.965488533940707772e+00 -2.973524492081957682e+00 1.988706702494836609e+00
2.499615891540129198e+00 2.877706205068363499e+00 2.814187135863157607e+00 -2.307349363261114394e+00 2.488069637177203752e+00 -2.782349353655512392e+00 2.815819848950061655e+00
3.042440388014922448e+00 -2.866052429903488186e+00 -2.592036559048285227e+00 -1.765906802408161003e+00 3.041172988749392569e+00 -2.639042451353778684e+00 -1.190592905438024873e+00
-2.698214222494968784e+00 -2.325991227321416055e+00 -1.249991867525074518e+00 -1.415415025827655215e+00 -2.638097955321497157e+00 -2.563772373708590457e+00 -9.525680046617841790e-02
-2.121421192844900716e+00 -1.758585315650776471e+00 -3.357988922162836176e-01 -1.416855447062598916e+00 -1.890553129072648719e+00 -2.345445814244011551e+00 4.909925316825506925e-01
-1.484768674650458031e+00 -1.134921801218088167e+00 1.364969378898351904e-01 -1.169124012292595438e+00 -1.119301256894908336e+00 -1.909845813870944653e+00 9.499136348504811922e-01
-7.781713827506742120e-01 -4.575485814925460137e-01 5.810880556484729897e-01 -5.986742416491581675e-01 -4.482278290885415295e-01 -1.330984431379412358e+00 1.217145159871572124e+00
-3.151385574322783378e-02 2.443761939793692994e-01 1.096373256655721384e+00 8.257319455760275817e-02 1.905390557113776917e-01 -6.981321155059804218e-01 1.241894288071131003e+00
6.936681431905232786e-01 9.315540442779489672e-01 1.710723342335568775e+00 7.582775608822600599e-01 7.959010163604660626e-01 -8.191831926430941102e-02 1.272897628352176014e+00
1.361567443387142973e+00 1.551527506495196329e+00 2.432073724052902897e+00 1.411609522902626868e+00 1.371267766460817938e+00 4.764164289654938544e-01 1.545541612909328677e+00
1.936398188898318606e+00 2.075900430551417042e+00 -1.550794175832502120e+00 2.036754735394621818e+00 1.883969661352013825e+00 9.020189937878642095e-01 1.923813206931285436e+00
2.385310145077890187e+00 2.579211679164644888e+00 -4.233567599599830089e-01 2.635047942561369094e+00 2.271782466535770428e+00 1.089456328043208355e+00 2.234061724481627653e+00
2.636418305187325561e+00 -3.094125824608281228e+00 -8.039232347547118143e-03 -3.108166069774250584e+00 2.418735389083350285e+00 9.923852888445420239e-01 2.303074826017354138e+00
2.632830682870004324e+00 -2.351795507955575015e+00 3.468065245859756063e-01 -2.850213842036375400e+00 2.438342568559671797e+00 1.183422898351340846e+00 2.222018776159945030e+00
2.798564299420633894e+00 -1.562090190698478320e+00 7.197968266280102556e-01 -2.762842211037773499e+00 2.738895359305432375e+00 1.744854320347029031e+00 2.462507998278066434e+00
-3.049490365878874343e+00 -7.780382069141118517e-01 9.818635875285196546e-01 -2.328497087646749453e+00 -3.042691246403477212e+00 2.543536297135756463e+00 2.908954586388462715e+00
-2.474912817740431592e+00 -5.281055075709539977e-03 1.217513567315065881e+00 -1.617039390349841677e+00 -2.442011426686649056e+00 -2.736830146509409811e+00 -2.795502447269211821e+00
-1.869307428864607212e+00 7.577826441855098905e-01 1.569652368697086908e+00 -8.293479350695791563e-01 -1.808422744887653311e+00 -1.666714815327113408e+00 -2.188849952998317860e+00
-1.279144213637132488e+00 1.524515299021653281e+00 2.062261662707732146e+00 -4.823876319812458319e-02 -1.159976884044435996e+00 -7.343686545062765303e-01 -1.605814716336405157e+00
-7.577510913843128471e-01 2.312243820575546227e+00 2.660835209750413544e+00 7.249644373582473378e-01 -5.261893292804783462e-01 -2.381485283357799576e-02 2.442158779615284381e+00
-3.919913276278553238e-01 -3.097972509193564594e+00 -2.895160636767157847e+00 1.433487067067833021e+00 -1.232473105730788748e-01 3.573302007539618796e-01 -2.989268142779310633e+00
-2.095531194878606784e-01 -1.721139137362146743e+00 -5.569382888827493355e-02 1.950133109231720896e+00 -1.456465781081167199e+00 2.546560184439685126e-01 -2.064842009414234347e+00
-8.959658034718294417e-02 1.955120433533421020e-01 9.822812666750646571e-01 3.285256159989881075e-01 -1.169358778747242367e+00 1.813728901860267584e-01 -1.044211905823674735e+00
1.895591029415797657e-01 1.095106338697305004e+00 1.582730377749278494e+00 7.453950810046302555e-01 -5.428174098822542426e-01 4.555219443831039494e-01 -8.970196680686781665e-02
5.707654501389139989e-01 1.723299526001012216e+00 2.017842556196388415e+00 1.358731186511203948e+00 1.114866070563473449e-01 8.140974528480779959e-01 6.608658076244284807e-01
1.017351028922204970e+00 2.297682053093441645e+00 2.201140647044571352e+00 2.002316226331407378e+00 7.780848411463445746e-01 1.203329926264969707e+00 1.283513182338622771e+00
1.456291172985526350e+00 2.884682058674887806e+00 2.270901753646185739e+00 2.655135101010166920e+00 1.377925396857178741e+00 1.609565059113393648e+00 1.776805900532691496e+00
1.818396580695561093e+00 -2.769416605647125440e+00 2.621469302377269717e+00 -3.032336883972490682e+00 1.810532504014291444e+00 2.017222330624717230e+00 2.211247774094152074e+00
1.910342923690020012e+00 -2.102125186116267752e+00 3.128226000704450005e+00 -2.379383157988221420e+00 1.809729968003800371e+00 2.344623570957775183e+00 2.690275620047753780e+00
1.508923648268880591e+00 -1.374750249426013538e+00 -2.530557039742415970e+00 -1.198113448124453306e+00 1.646064030487867536e+00 2.229511537250971731e+00 -3.126524588351986988e+00
1.386356113033944126e+00 -5.657164668605906277e-01 2.883967636912656118e+00 2.548236199622539999e-01 1.834693083944962000e+00 1.629507507971512226e+00 -2.725683600011992169e+00
1.603649157680795190e+00 3.332733558280507880e-01 1.780076713574391345e+00 9.726801499404320595e-01 2.016231921067225930e+00 1.696483377376318158e+00 -2.600415054300917017e+00
1.926995904124495063e+00 1.283800367911684503e+00 2.246814196769912009e+00 1.330381796197396049e+00 1.503842099129187870e+00 1.975897795786753841e+00 -2.218821169188924358e+00
2.166985108700739904e+00 1.866732436341567158e+00 2.653669001159880914e+00 1.376136595930532502e+00 8.489917394530556161e-01 2.210697526690949211e+00 -1.490075990224904778e+00
1.834373650023759295e+00 2.106296656192486516e+00 2.917721961588943369e+00 1.518231610375615048e+00 1.123476624121594991e+00 2.333902300767266791e+00 -4.533676045293964507e-01
1.435771007763343432e+00 2.581301708845753939e+00 -3.122360248788427217e+00 1.959207282033878395e+00 1.600949488759701334e+00 2.376090833830771132e+00 9.093373794175062530e-01
1.739812118107816774e+00 -3.095489292528591285e+00 -2.940162930048706880e+00 2.529532690324701072e+00 2.127054934350793847e+00 2.503568263942868466e+00 2.035720312826320821e+00
2.226001171246253740e+00 -2.425466160924434345e+00 -2.547867969016334833e+00 3.112815960483873212e+00 2.663071590264603827e+00 2.705584589932554795e+00 2.853457770422845208e+00
2.810167365034212050e+00 -1.762220491117844734e+00 -2.040699428276452121e+00 -2.525101815797041738e+00 -3.051680933642139770e+00 2.989540439646366732e+00 -2.663586211522258385e+00
-2.829133071481390704e+00 -1.124608477061852740e+00 -1.379287047004378541e+00 -1.869513459562909707e+00 -2.478871340653212130e+00 -3.016837228125249126e+00 -1.988348115942176086e+00
-2.022676270855352509e+00 -5.327693991814369534e-01 -5.829278449142558660e-01 -1.178106207291810703e+00 -1.871120473039070253e+00 -2.746786508029924523e+00 -1.324953453836751560e+00
-1.076609719903597773e+00 -1.923782849281923616e-03 2.363127924802593260e-01 -4.730042926240738410e-01 -1.252710192072594264e+00 -2.760155223231639976e+00 -7.324225685249851070e-01
-1.739222641757778853e-01 5.195430838435780574e-01 1.171724790592456378e+00 1.416532507098387794e-01 -6.360876107366559840e-01 -3.126297444456527685e+00 -3.956389521614108729e-01
5.984039255188280393e-01 1.038930570337146531e+00 2.030313041341627933e+00 7.259880538795082661e-01 2.424326609008165337e-02 2.933354256496121693e+00 -6.647204597096059708e-02
1.136804370649888929e+00 1.569485447829108482e+00 2.805687584392946299e+00 1.118161252842784004e+00 5.907975262695057683e-01 -3.090481953977663121e+00 2.250266976442941436e-01
1.485850463068839167e+00 1.984750662586532766e+00 -2.495081490429494675e+00 1.421633964057501309e+00 1.184234004736037793e+00 -2.877273559784092605e+00 8.566216543613802692e-01
1.569695824420441976e+00 1.514207822694431771e+00 -1.434518081493992181e+00 1.584653825483300249e+00 1.668156093209454793e+00 -2.847136664659557947e+00 1.429493844751924980e+00
