1.551537838082033272e+00 -1.355071361740922464e+00 -1.376879653956434746e+00 7.497780010784960147e-01 1.708078513526135600e+00 1.640646292853843891e+00 1.958817715124782532e+00
1.971465035044215774e+00 -1.145425857919207591e+00 -1.383156468808559358e+00 -6.197786129499702895e-02 1.920444881917574120e+00 2.238739362319956516e+00 -4.868703058899807867e-02
2.380760229409810247e+00 -8.601981261538234058e-01 -1.131734662400249336e+00 1.001581532589671752e+00 2.357815495246652127e+00 2.663028638919020974e+00 5.868075125201124287e-01
2.685621584822793118e+00 -6.305252853975436000e-01 -6.780771191585261981e-01 2.059921359472770774e+00 2.960857442731787526e+00 2.625750014400360932e+00 1.178147066628033146e+00
3.044660203229345274e+00 -2.842225214918916443e-01 -1.040999829607539007e-01 -2.830213551526917115e+00 -2.641657538043733489e+00 2.300196496126492907e+00 2.056442792454559854e+00
-2.954076854753369119e+00 -1.096362550950144218e-02 4.448035430399934764e-01 -1.612962145988537932e+00 -1.803501797864085709e+00 2.540046796871671120e+00 -2.722659984042409054e+00
-2.588510114638424398e+00 2.587952789905023088e-01 8.942374621645579058e-01 -7.130156257224435912e-01 -7.784863861184376788e-01 2.929598372163160658e+00 -1.292031099510595249e+00
-2.266192420572945565e+00 4.813380264558883015e-01 1.205657283383752221e+00 6.006588467705509249e-02 1.840379292212762086e-01 -3.011997601097686328e+00 -3.379212322515457445e-01
-1.849277341606431868e+00 8.194900941262124316e-01 1.676185513183199527e+00 7.883232907887260943e-01 9.637558580647569428e-01 -2.807549949186705085e+00 4.483938247314917525e-01
1.542350340830544120e+00 1.212262794922536857e+00 2.382079612539257596e+00 1.416439723722124011e+00 1.597970680425358170e+00 -2.686095166868461170e+00 1.124125245327253886e+00
2.002395653140091714e+00 1.657457143210482320e+00 -3.061022217869534767e+00 1.937144181150142641e+00 2.091287262405102432e+00 -2.644516122296715288e+00 1.659215678861604815e+00
2.389436252199076627e+00 2.117946856970859937e+00 -2.143118022505780651e+00 2.374533267434025152e+00 2.451712819252297226e+00 -2.840380581905094015e+00 1.928386935751040143e+00
2.817182058824173385e+00 2.473558919536676282e+00 -1.245265149122852799e+00 2.825362393523555671e+00 2.796211741510918447e+00 -2.818610931512695039e+00 2.066839220287381096e+00
-3.098566809939970579e+00 5.631488747933624528e-02 -4.526407988601074961e-01 -2.881997217983771620e+00 -3.045036616367453597e+00 -2.478528695473598553e+00 2.488071789298774927e+00
-2.712791084954216725e+00 5.853031177589805845e-01 2.627337810939053830e-01 -2.218736604464961903e+00 -2.513391978319778897e+00 -2.077947886829887736e+00 -3.131057512401850484e+00
-2.443042330553503838e+00 1.161783868543391662e+00 9.417573771304675878e-01 -1.405647075970976490e+00 -1.925220129552797310e+00 -1.716395995546342146e+00 -2.294364311214378560e+00
-2.505628065192218479e+00 1.777275025413396436e+00 1.595563743652831157e+00 -2.544042301105045034e-01 -1.304047575006795467e+00 -1.340487116259368783e+00 -1.366566915344901822e+00
3.003980408218288378e+00 2.406197183696857422e+00 2.218308254653935219e+00 1.063082096564004653e+00 -6.664945947947628069e-01 -8.631696389297904837e-01 -4.558652616886920139e-01
3.070689167838946076e+00 3.027481770941055306e+00 2.828913206009829207e+00 1.960113666008375333e+00 -2.274452734176491200e-02 -2.918955339282338635e-01 3.758962216901681197e-01
-2.890207804393761126e+00 -2.646296437501442611e+00 -2.830764144971860574e+00 2.500397418478644163e+00 6.337140401010307178e-01 3.092721607150819563e-01 1.124678199763002429e+00
-2.486620701658821986e+00 -2.097389884341825272e+00 -2.204263811334443712e+00 2.710669380363540881e+00 1.338865409493273040e+00 8.138195511737041921e-01 1.817705127190959669e+00
-2.130588109563669175e+00 -1.644534027851194846e+00 -1.594723642497144711e+00 2.798601585576903972e+00 2.014781517502910013e+00 6.626432756488448428e-01 2.413205193192723641e+00
-1.855362075539228162e+00 -1.293589420815140167e+00 -1.008764403175222979e+00 2.873038840748562084e+00 2.450623983229830216e+00 4.119562050882693005e-01 1.289037119687060917e+00
-1.678038080624834727e+00 -9.458821379603554735e-01 -4.110427688829995652e-01 3.040526893252170293e+00 2.607910428659069968e+00 9.486945897087951662e-01 1.173924004692994627e+00
-1.484876770954981939e+00 -5.499044866493775219e-01 2.383970494238300541e-01 -2.956624790719976303e+00 2.764057941009295583e+00 1.612647575764489360e+00 1.777315856028905516e+00
-1.226957452520293979e+00 -2.350008957514432839e-01 8.995665667740337934e-01 -2.543341203109186210e+00 3.099767615883524563e+00 2.120534780446835299e+00 2.318416385020302783e+00
-9.661718301503389172e-01 6.738473855373569577e-02 1.499563546460018104e+00 -2.133269410194226001e+00 -2.771706639370096426e+00 1.961368683469187468e+00 2.565313455278948052e+00
-7.540604555391022812e-01 3.002539298135200041e-01 2.142624416621849548e+00 -1.811179729884099920e+00 -2.370382516624442992e+00 1.763945230157680788e+00 2.655544224501635853e+00
-7.169995953489950447e-01 -1.876336481755296326e+00 2.974182812368992401e+00 -1.581390744298976303e+00 -2.038589589468730701e+00 2.113505011386225707e+00 3.046482610357278631e+00
-8.255330475035530524e-01 -1.251511530957204021e+00 -2.414644823463946377e+00 -1.289117262881211978e+00 -1.779098105115930917e+00 2.618634254457705701e+00 -2.638957900206369889e+00
-8.106686642305075408e-01 -5.631681729454947050e-01 -1.528977658853953203e+00 -8.777446753710480554e-01 -1.453871167678113974e+00 -3.087294253456665416e+00 -1.967448873863510972e+00
-5.266228059790478699e-01 8.231624245633463455e-02 -6.417097583803135219e-01 -4.111088376723686100e-01 -9.634267801503147988e-01 -2.458611101314334135e+00 -1.245022834480074447e+00
-1.132563476007195924e-01 6.299572986774588657e-01 2.684413398495500980e-01 8.330094884084901508e-02 -3.427081370063693733e-01 -1.800868346823372157e+00 -4.815971791446537753e-01
3.853029691613604202e-01 9.328100218661424803e-01 1.207604787253277800e+00 5.943835043632716975e-01 3.620899596000016207e-01 -1.159802555426342252e+00 3.061946903566863387e-01
8.985174700698833616e-01 1.037987919200481945e+00 2.167371365718217202e+00 1.149277143016589120e+00 1.141391870802434427e+00 -8.368287273632195600e-01 1.103867510096667948e+00
1.405395237976529099e+00 1.245226007733259976e+00 3.049855133112430838e+00 1.686106316860744192e+00 2.045514360750581684e+00 -2.159279657727482427e+00 1.896722314050149905e+00
1.833582747978021121e+00 1.607129184119537646e+00 -2.525748437152551595e+00 1.976320712151285131e+00 -2.918332901423828840e+00 -1.689108437747720348e+00 2.689663167917327957e+00
2.071280451780978638e+00 2.053661154661878818e+00 -2.028317678267108626e+00 1.458572586030522089e+00 -8.918608971523719342e-01 -1.020781743593381252e+00 -2.732040540438587239e+00
2.084427780463590452e+00 2.577501020999652948e+00 -1.880420056337343659e+00 1.418546081578042406e+00 3.881903206703947729e-01 -2.970837726850766303e-01 -8.471210961856423527e-01
2.187479191375105270e+00 -3.072689703037245756e+00 -1.327984968146221023e+00 1.805103880979048947e+00 1.337582281275835339e+00 5.977950800033323686e-01 1.249924765178256125e+00
2.583333819440656764e+00 -2.220140010845527367e+00 -2.706176448233533760e-01 2.346786260417919490e+00 2.165600802812158943e+00 2.236618793410894313e+00 2.134386022290553520e+00
3.074294819679355140e+00 1.039124224857869372e+00 9.451327453507545329e-01 3.026163455603412267e+00 2.920872563109728315e+00 -2.678096717828075679e+00 2.963950440318219748e+00
-2.638255329884939382e+00 1.750563497411800506e+00 1.962597581693620530e+00 -2.503571223455177464e+00 -2.648972963116025259e+00 -1.882008865685425691e+00 -2.464114450497033815e+00
-1.981047614336889140e+00 2.258040230393343784e+00 2.571656820122505849e+00 -1.709523095571195306e+00 -1.966083618626829344e+00 -1.229074017610230607e+00 -1.574053336166050254e+00
-1.042135306701006181e+00 2.644228378169138693e+00 2.829959345348584066e+00 -9.291245510978242139e-01 -1.317888102930310446e+00 -6.695254655145433942e-01 -6.767152873316270023e-01
1.557105993222762108e-01 3.083382068049339786e+00 -3.020710247607214516e+00 -1.999182559712140705e-01 -7.082855333794604302e-01 -2.280965502093368069e-01 1.711376752248258970e-01
1.187860844124434934e+00 -2.661867569147149393e+00 -2.390693077958585544e+00 6.134484784735213525e-01 -1.480385671184787366e-01 6.121630214311647722e-02 8.765918294156049839e-01
1.987322609855379119e+00 -2.070772004531936439e+00 -1.699220665054598900e+00 2.338180424318966999e+00 3.062224512251012221e-01 1.871311391265866042e-01 1.136384292710284516e+00
2.616036067643872975e+00 -1.548187689184404636e+00 -1.025662291308483853e+00 -2.819570709118172314e+00 4.096687724251783513e-01 3.026125340245974238e-01 1.007922394708253400e+00
3.101753193195108782e+00 -1.313057717181192796e+00 -4.302063716248435421e-01 -2.378086224877972832e+00 -7.571946273393050930e-01 6.179580870479456367e-01 1.486602806328755522e+00
-2.748127548075601112e+00 -1.389866951472929824e+00 4.769604618284220554e-02 -2.030762049158052029e+00 -1.120756788291711548e+00 1.098221110657285005e+00 2.220111125003203512e+00
-2.316423362737349834e+00 -1.075972069934149289e+00 4.668417030664023248e-01 -1.532180011624887594e+00 -9.351520339707894980e-01 1.615428622385368218e+00 3.013692900586394163e+00
-1.833736169294795104e+00 -4.631509097213016291e-01 9.658653932992551372e-01 -9.128080209676647794e-01 -5.350476413480584892e-01 1.992704237774900911e+00 -2.477437446863007153e+00
-1.327430964963379090e+00 2.590295098687713793e-01 1.568029845047568038e+00 -2.299835558124528057e-01 -1.279373429449107494e-02 1.883978299264166711e+00 -1.706949764842589756e+00
-8.212890994130229716e-01 1.131272383273130844e+00 2.232414043501823819e+00 5.109770904185088058e-01 5.849820183110859828e-01 1.751296651248044345e+00 -9.686245456189961356e-01
-3.227521160075039197e-01 2.750750919857301025e+00 2.952716024409679729e+00 1.316596569243035475e+00 1.230519332437438162e+00 2.072244041593575226e+00 -2.708998342389045133e-01
1.181920509979251660e-01 -1.573933532525120471e+00 -2.469429459173715813e+00 2.235889400264219784e+00 1.901635399888748301e+00 2.544164433767017286e+00 3.597343203090708208e-01
4.262329014229848667e-01 -5.778855596546824680e-01 -1.199738938909875152e+00 -3.014988515200125896e+00 2.566998905535450515e+00 3.075886931122679524e+00 7.364840790433622164e-01
5.093580185706811925e-01 2.928832738439175465e-01 3.591831984498418118e-01 -2.056049580248932251e+00 3.128468033326190501e+00 -2.633652770477821203e+00 3.458041727131613841e-01
7.499385370311096866e-01 1.158552918170133283e+00 1.532604069740118646e+00 -1.335973001507787528e+00 2.869843268805709169e+00 -2.035148781740473201e+00 5.824969790801289848e-01
1.287757069392354792e+00 2.141232459978655189e+00 2.540010093918588563e+00 -8.676381051130613864e-01 2.586896086311686549e+00 -1.454806729791140896e+00 1.354236800886266412e+00
2.111054730361448417e+00 -2.619789570855997063e+00 -2.683641351956694621e+00 -5.318803159839754491e-01 -2.967703675506353278e+00 2.784451749488816130e+00 2.289458524794857119e+00
-2.941137400325294582e+00 -8.008033618344723159e-01 -1.409257769755227985e+00 -1.736195324019993713e-01 -2.036970939473242481e+00 -3.073566970057991732e+00 -3.030493888404766079e+00
-1.637802778345314403e+00 2.731908245692090675e-01 -1.046783819596016074e-01 2.203999047156864899e-01 -1.108654216089680178e+00 -2.389926285479999191e+00 -2.106064131927766425e+00
-6.694149204121486729e-01 1.113563762924995482e+00 8.898444272202870042e-01 6.603709901395351523e-01 -2.627374084150498335e-01 -1.686145164258291196e+00 -1.234749116346781639e+00
1.198421426607997886e-01 1.862409018407892081e+00 1.659536216480525850e+00 1.157472554051097502e+00 5.001072131898370854e-01 -9.910439640729415967e-01 -4.093489368925062877e-01
8.132370288926449309e-01 2.562775246548141705e+00 2.287260348548254552e+00 1.714500632020574233e+00 1.192832093521789316e+00 -3.163319390431096889e-01 3.825392897181835727e-01
1.458933038397663973e+00 -3.051430672410273992e+00 2.774995860592889496e+00 2.307571618909106892e+00 1.824059301417513712e+00 3.334954231193557050e-01 1.156932073474150169e+00
2.073349218141106398e+00 -2.427676022822580215e+00 3.125226967397596756e+00 2.918916318965712353e+00 2.399728002255533177e+00 9.479489357302672836e-01 1.938117016457654662e+00
2.692460574386117855e+00 -1.868853946356516804e+00 -2.821551207563708807e+00 -2.720917834325410567e+00 2.931195751495871082e+00 1.438190459045472602e+00 2.756619824279889830e+00
-2.899991099958719065e+00 -1.408006668863950539e+00 -2.380278851320176692e+00 -2.015914977086558757e+00 -2.837711554510705003e+00 8.564722900148871165e-01 -2.643473236507652757e+00
-2.101384175433023582e+00 -1.046620312776334938e+00 -1.852033165382903857e+00 -1.194593499850804319e+00 -2.317373748493935626e+00 5.214380861337436501e-01 -1.700790959349198550e+00
-1.153639540439135303e+00 -7.630662122864170227e-01 -1.305092054425649017e+00 -1.749123469853791912e-01 -1.861187081136198573e+00 9.971343012984632548e-01 -7.521920093147078656e-01
-1.136375887312750521e-01 -5.969275141763489279e-01 -8.065289139335670709e-01 1.035272597516276649e+00 2.182397208606598582e+00 1.498014010121230921e+00 1.546292985941558895e-01
8.874809376693040264e-01 -5.404155818547087264e-01 -5.125670039151457580e-01 2.120156773321341781e+00 2.668503786423489288e+00 2.005553054217750653e+00 1.027427700041196212e+00
1.830919857753880109e+00 -4.414498983927085951e-01 -1.259091605720135565e+00 2.990321210580614508e+00 -3.017140255356915102e+00 2.582809208897647313e+00 1.923477356652646408e+00
2.768838494865726751e+00 -1.839346282769412089e-01 -1.483269092165456104e+00 -2.501032662070859836e+00 -2.366024608951752040e+00 -3.064348493922787409e+00 2.930740014413579786e+00
-2.497175980196033596e+00 1.851224456704486099e-01 -1.072755321587954169e+00 -1.693395206332564795e+00 -1.669907950830361143e+00 -2.412795318283204260e+00 -2.199337694220976580e+00
-1.337426967903947439e+00 6.303634381089208150e-01 -5.265796676105248819e-01 -8.368565436819663805e-01 -9.417756355861552908e-01 -1.782685394401203771e+00 -1.050123010408326341e+00
-2.265362423415708537e-01 1.118139857037001805e+00 8.020085304914459368e-02 8.740393644013889907e-02 -1.957806705394395941e-01 -1.209360617923423975e+00 -3.907796663870308218e-02
6.804412628616502978e-01 1.629785379786996335e+00 7.176455971868830330e-01 1.101694504751751236e+00 5.556480393052581901e-01 -7.370783269402314541e-01 8.425438496543400380e-01
1.438102110291816338e+00 2.136344119535561248e+00 1.362459560712315998e+00 2.196207091036299186e+00 1.301716589472795116e+00 -3.963694983326633836e-01 1.611304222896884353e+00
2.080251508885012868e+00 2.598545647240760204e+00 2.002038159135295814e+00 -2.981318726773381833e+00 2.030131571356745823e+00 -1.332112259107253172e-01 2.239508401980276009e+00
2.620696258870476747e+00 2.971233587427566381e+00 2.616185860470675806e+00 -1.938873003365960690e+00 2.710096875515502379e+00 1.678303936444292266e-01 2.536561701245055644e+00
3.079838009589207282e+00 -3.054627108015306458e+00 -3.141542666833478936e+00 -9.829827086108383627e-01 -3.031600387565649868e+00 5.604311334403815348e-01 1.766595144950140917e+00
-2.804555005547437752e+00 -2.819416905115955885e+00 -2.791703799375873540e+00 -1.243690875692657349e-01 -2.775455305684682461e+00 1.020048854562182861e+00 1.821106793021069592e+00
-2.391019442684566343e+00 -2.514142763484678689e+00 -2.476589166970683653e+00 -1.825684315983783002e+00 -2.577240684678502536e+00 1.458352453702826956e+00 2.355344420968354058e+00
-1.938547940013930937e+00 -2.129145973209467524e+00 -1.942806625090318651e+00 -1.309519768576643761e+00 -2.101886049669470680e+00 1.629799573794438183e+00 2.984600680113492555e+00
-1.457575910021248200e+00 -1.721135873158042839e+00 -1.236781946132181176e+00 -4.799039430291243136e-01 -1.472929503543541019e+00 1.066887060277638355e+00 -2.721131290237885025e+00
-1.077063822357335443e+00 -1.397309759095627602e+00 -4.321075777503206039e-01 3.458569284997772275e-01 -8.067448149549930614e-01 9.927684298794134943e-01 2.555497309154962426e+00
-2.154350766101610581e+00 -1.324260106453546859e+00 4.909765169284262543e-01 1.165831255586725401e+00 -1.830779975980988683e-01 1.394231676055313063e+00 2.313217669407817034e+00
-2.348845450059578788e+00 -1.312169478528470101e+00 2.180685946156451394e+00 1.890006161884305591e+00 -3.237289455539852367e-01 1.942097398347073733e+00 2.945951719492573062e+00
-1.861994679763406602e+00 -1.019256521912718316e+00 -1.730239147784220055e+00 -3.223269969090967330e-02 -1.555461140256954700e+00 2.522776755330433662e+00 -2.627394645567129761e+00
-1.308809818163944039e+00 -5.842130847314581654e-01 -7.721315140717012193e-01 6.956376832017706624e-01 -9.859403604537759769e-01 3.052561143376605557e+00 -1.872257778549423435e+00
-7.566466433095816457e-01 -1.592578375908302313e-01 7.686369699232140692e-04 1.495376049146609931e+00 -3.379235455991565495e-01 -2.851831540098991979e+00 -1.042975965143328576e+00
-2.536371599324739878e-01 7.463460555536920171e-02 6.860531990633880195e-01 2.256421070758429348e+00 3.246862064040622609e-01 -2.682837484865747690e+00 3.316731573353279977e-02
7.472417454591001595e-02 -4.110360710837402953e-01 1.316797797888914490e+00 2.963188224163591400e+00 9.757266814380656239e-01 -2.520221019219830438e+00 1.686531124731309950e+00
-3.915085429398212913e-02 -8.973253222259067741e-01 1.882103323372700254e+00 -2.636206080994260681e+00 1.583378812211489350e+00 -2.284588396212537287e+00 2.860788809822665701e+00
-4.659610133899423912e-01 -6.240098095496270370e-01 2.175976413162415746e+00 -1.933490675745515919e+00 2.093745261732848473e+00 -3.048814295818790487e+00 -2.797571759775126843e+00
-3.990899245454598288e-01 -2.148739494640753145e-01 1.082053568097334662e+00 -1.165420999653480560e+00 2.410412635940257342e+00 2.600550567403823177e+00 -2.482331987886086111e+00
-1.428670975457484171e-01 1.959885909226208589e-01 1.188952462123274989e+00 -2.921343636503602181e-01 2.706350379936370398e+00 3.002967848481818081e+00 -2.321356783846230343e+00
1.661695710327113218e-01 6.059667578352392336e-01 1.635984297098623585e+00 8.927215070429224131e-01 -2.906950447497867795e+00 -2.732859029230393588e+00 -2.038307348495113303e+00
4.248118991755295282e-01 1.056232660066498408e+00 2.029435255322281861e+00 -2.845610000543167484e+00 -2.027429196649118470e+00 -2.125161887378154812e+00 -1.579461328372417261e+00
5.724928835519609294e-01 1.539639799382025886e+00 2.251245734157598211e+00 -1.557107916662589853e+00 -1.154421097440644584e+00 -1.494831726057156196e+00 -1.025238374056928858e+00
6.744225725928530979e-01 2.030472985779458561e+00 2.374587368250697050e+00 -6.422273944864920203e-01 -3.548164927662656454e-01 -8.628016140146756996e-01 -4.315581851991422413e-01
9.330329116457155569e-01 2.500685526205093101e+00 2.572440147188950643e+00 2.023760249386031274e-01 3.850347300814922491e-01 -2.380163170291944574e-01 1.840906451249407216e-01
1.335535557040589349e+00 2.923334029866273109e+00 2.854936608977239665e+00 1.035133212778494238e+00 1.094284316578567617e+00 3.609800417258028360e-01 8.207597570566517176e-01
1.827266334331706377e+00 -2.975188059288627063e+00 -3.108992824264860122e+00 1.879717442676280381e+00 1.787070653649468488e+00 8.685038193900652681e-01 1.466688108191619433e+00
2.368411686680472084e+00 -2.584402509745678422e+00 -2.792726255672693725e+00 2.778849647761350461e+00 2.470958975312447681e+00 1.106747682865961258e+00 2.099526160586375312e+00
2.923563300452430180e+00 -2.139644637504677149e+00 -2.440716902327948912e+00 -2.396715803226040276e+00 -3.104428306061266962e+00 8.172789993256545094e-01 2.731044707755268863e+00
-2.805893063132452792e+00 -1.644322089290259914e+00 -1.999325485882244235e+00 -9.214884711816574425e-01 -2.280222628355821790e+00 2.955140237672813086e-01 -2.436179591390699617e+00
-2.264365713660204005e+00 -1.133165690466664710e+00 -1.490441335169782500e+00 2.610503555062076431e-01 -1.136815395099076254e+00 2.511694363623242499e-01 1.083299266884705722e-02
-1.702074893119940757e+00 -7.289754684018905362e-01 -1.052311756390040598e+00 1.109768220665321881e+00 2.968458866793222128e-01 5.773170161923005805e-01 7.729916779576593289e-01
-1.059582546279459248e+00 -1.824416262374514597e+00 -1.448593327439034129e+00 1.832378545080869392e+00 1.374581278606683776e+00 8.936740194177196228e-01 1.402357369428502087e+00
-1.360022186333625094e-01 -2.014517573090813585e+00 -1.890596326954872897e+00 2.472435149775135343e+00 2.140368342103184052e+00 1.066893869171092968e+00 1.953332944458573861e+00
1.536141363033141749e+00 -1.540624331082180332e+00 -1.505905009202893607e+00 3.031648644460312791e+00 2.730442226506525571e+00 1.371881345963767762e+00 2.419464980183072100e+00
2.674613499189958166e+00 -1.022565192163692904e+00 -1.055481614240512345e+00 -2.744677365822647097e+00 -3.066578759513260088e+00 1.887758646880395297e+00 2.862560853665088612e+00
-2.911339952067861336e+00 -5.178940714008321011e-01 -6.306228401821301066e-01 -2.220557124639617186e+00 -2.600811527933909684e+00 2.489425067712787154e+00 -2.921743503146997600e+00
-2.310859176321148567e+00 -3.048870510534712128e-02 -2.309307171745485776e-01 -1.647645830830385183e+00 -2.106297019498684087e+00 3.081673242948208991e+00 -2.366512958846505033e+00
-1.757038293106742310e+00 4.286945947913443633e-01 1.026622042948808766e-01 -1.030080898619239349e+00 -1.584396943575804961e+00 -2.719858600282101690e+00 -1.791744166692946116e+00
-1.216510315597679526e+00 8.677355384354928924e-01 6.626552624756833210e-02 -3.755691795688729240e-01 -1.052339328270081698e+00 -2.495590279267026812e+00 -1.214051755999631999e+00
-6.597722678664120766e-01 1.215128917921989071e+00 -6.142660393277128428e-01 3.243584171911957914e-01 -5.270345503185162039e-01 -2.414281040914529441e+00 -6.092544447087520076e-01
-6.634039169697811267e-02 -6.681839538536349377e-01 -4.207004068418969123e-01 1.121249376862922142e+00 -1.992001503670606799e-02 -2.110109482970298433e+00 4.424861340922301572e-02
5.760852230517850003e-01 -4.947143771339747031e-01 7.858642117470407418e-02 2.127335063275085147e+00 4.863661669348127714e-01 -1.655136796749814510e+00 7.291984177573995751e-01
1.240209472033830584e+00 -2.075531693628561436e-02 6.517497905218079257e-01 -2.959942589815750313e+00 1.076746602788705820e+00 -1.193594449394222545e+00 1.422788169352488197e+00
1.916775611211015251e+00 3.626728234191763933e-01 1.230854723481986213e+00 -2.048512067640930301e+00 1.905406588900577569e+00 -8.014108154937699124e-01 2.125812379112643313e+00
2.616401219427580305e+00 4.855300222528539655e-01 1.769055872017015529e+00 -1.420921841503672178e+00 3.077891103963401598e+00 -5.991968422436569908e-01 2.871904823633456783e+00
-2.913905224786606851e+00 5.375842409412103784e-01 2.203476255562052621e+00 -8.868244733298163984e-01 -2.034332475222747405e+00 -9.415209738477550161e-01 -2.593824152520432857e+00
-2.046541174620190251e+00 8.564343182724485359e-01 2.352200532115517717e+00 -3.339998116724317012e-01 -1.088351199564844052e+00 -9.194875079876643209e-01 -1.721105739662043943e+00
-1.038107699730385303e+00 1.314606822689024179e+00 1.822953699473696787e+00 2.788940536969394812e-01 -2.659364002083273171e-01 -4.200607649695275447e-01 -8.312285445725658972e-01
2.825525985749849714e-02 1.810635775578562034e+00 1.726837381246269620e+00 9.408133364716088076e-01 4.898963301662297987e-01 1.856004758772939744e-01 4.046801996886290748e-02
9.966039641894018919e-01 2.298893187274620331e+00 2.075364305131374376e+00 1.620720629533670021e+00 1.196695341485739972e+00 7.816251284115605102e-01 8.726352040112370645e-01
1.822317092405222105e+00 2.737103828591967325e+00 2.560522828389262262e+00 2.307531944594678031e+00 1.869808989592382398e+00 1.337330406691894513e+00 1.665437191998557998e+00
2.556253010965575889e+00 3.092582129107236177e+00 3.139953987743098196e+00 3.013200746288488663e+00 2.532134470775564861e+00 1.897830158267078016e+00 2.439141300717827310e+00
-3.034136098226966727e+00 -2.950010979461367366e+00 -2.464969509340003473e+00 -2.520561292727932834e+00 -3.070402042644659879e+00 2.565594059516660863e+00 -3.060318800486773405e+00
-2.354807330925551057e+00 -2.900758907225128080e+00 -1.641450648230893927e+00 -1.686895347943300205e+00 -2.321171466176955356e+00 -2.878654091220235856e+00 -2.245645491883816458e+00
-1.638545962621330343e+00 -3.053094486041117772e+00 -4.254670772002845380e-01 -7.377232903942981812e-01 -1.403059045715993491e+00 -1.886973496383148818e+00 -1.398861828620694636e+00
-8.530639951906149321e-01 -3.017370764901647462e+00 1.256851274006984154e+00 2.825044033026439250e-01 -2.830264603041584559e-01 -8.318527962414172805e-01 -5.356549483867937278e-01
1.345235675137325566e-02 -2.827035421341013599e+00 2.293636755956295126e+00 1.240290186627347468e+00 7.430570870922134086e-01 1.908967256002750690e-01 3.132622884534358443e-01
9.256064346667358667e-01 -2.686774172222467616e+00 2.908464349348246714e+00 2.041303344072402659e+00 1.535420475178060906e+00 1.156855578217667047e+00 1.095728871687559058e+00
1.744923343573750341e+00 -2.856079083465707491e+00 2.682017725240080530e+00 2.619852580120420882e+00 2.173100267863100399e+00 2.106366775699794136e+00 1.709999831287317695e+00
2.378226888429253005e+00 -3.033067106378499300e+00 2.227885178528522303e+00 2.805171603936559066e+00 2.723524237568061945e+00 3.118643818479014396e+00 1.994056303957951970e+00
2.848726382192875217e+00 -2.771874442626334201e+00 2.699765995397380713e+00 2.764879012775666389e+00 -3.046084535492714629e+00 -2.078074710076653897e+00 2.259927301984362646e+00
-3.009794626513329963e+00 -2.287720774180398653e+00 -2.939439484309702255e+00 3.077133228763991646e+00 -2.527110810823559373e+00 -1.212261271762107517e+00 2.910834949922955772e+00
-2.501538969364831555e+00 -1.721115878969635693e+00 -2.247523956140625945e+00 -2.741245893582049842e+00 -1.970074850700112901e+00 -6.634038196395933840e-01 -2.472005984049130412e+00
-1.930296198464629409e+00 -1.101280978664053167e+00 -1.546316672349794086e+00 -2.533530970774686253e+00 -1.341943321081532137e+00 -2.234773476655923796e-01 -1.430531507183065099e+00
-1.282666811439789445e+00 -1.234326307119337357e-01 -8.625432117650946306e-01 2.694332717002636102e+00 -4.874284656298453755e-01 1.885678150041775469e-01 -3.448234419261895778e-01
2.360329365010059632e+00 2.978805781940248920e+00 2.909501386003137124e+00 2.965034381426262300e+00 1.912739637456371877e+00 5.740546459675757163e-01 6.790230436780977374e-01
2.967913742697613433e+00 -2.665424596486196673e+00 -2.766979677009071548e+00 -2.765526580105610588e+00 3.078880815173127949e+00 9.387022725462832451e-01 1.586786433486637282e+00
-2.775165233793345010e+00 -2.080655762989331414e+00 -2.175449856030697848e+00 -2.164661578350982385e+00 -2.478724671280430503e+00 1.304786825468508660e+00 2.361383370672938131e+00
-2.267849074935282871e+00 -1.511213835875556022e+00 -1.565699671067146692e+00 -1.549163624916678472e+00 -1.808675541656077357e+00 1.689597355567685311e+00 2.882716505197675083e+00
-1.798028920246626194e+00 -9.692459060097164958e-01 -9.144033022506518060e-01 -9.085999618959607060e-01 -1.148742961536122875e+00 2.066880311752230970e+00 1.922087778678173597e+00
-1.369836933601350948e+00 -5.149977966995483714e-01 -1.815188120462727372e-01 -1.670121010484894031e-01 -4.717517800805103856e-01 2.396401792219795102e+00 2.023161247077626346e+00
-1.012005224532367409e+00 -3.980051935766005800e-01 9.241221338187477485e-01 1.956590414200166217e+00 3.582152032978950795e-01 2.681863445888986952e+00 2.634810676212057778e+00
-7.855904081679478956e-01 -9.891270990614563496e-01 3.047403129113893439e+00 -2.684399148438698202e+00 3.039957995099786370e+00 2.982672542766696910e+00 -2.977708582805421944e+00
-7.195818277416696773e-01 -1.042684588206601815e+00 -2.331779464873807939e+00 -2.020669846751131704e+00 -2.266108702621152826e+00 -2.906427415476023235e+00 -2.294735979220302813e+00
-6.838142449728787930e-01 -8.053920376403151948e-01 -1.742532641396673965e+00 -1.446962498671758857e+00 -1.692157063009335438e+00 -2.391098794178852849e+00 -1.598973518921723347e+00
-5.407399841954889652e-01 -5.151262813753736403e-01 -1.188471506721853643e+00 -8.897283401341812281e-01 -1.204753353383763548e+00 -1.783688899586846510e+00 -8.784799018842578411e-01
-3.362063473909651101e-01 -1.632923398502344192e-01 -6.354645612679146183e-01 -3.516850892605494217e-01 -7.769494997106841661e-01 -1.111697680429369006e+00 -1.300572239478792469e-01
-8.711573041459737266e-02 2.166192098075596373e-01 -1.356713971286850340e-01 1.199221985509153349e-01 -4.049168085452294341e-01 2.238248418775393933e+00 6.351144063360578684e-01
1.891282547575575679e-01 5.392898973096500459e-01 1.830041365296635469e-01 4.805557189674785068e-01 -7.375230869620719165e-02 2.991618159965620638e+00 1.401007977238559299e+00
4.807468052657443147e-01 7.082317378799964924e-01 1.482724661606650562e-01 7.445566765303016643e-01 2.098986616243075642e-01 -2.927931777366371779e+00 2.206893868278494431e+00
7.167208556070737702e-01 8.017129926229528136e-01 1.192098154490032758e-01 9.827766108769062647e-01 3.551027526087021102e-01 -2.630688260794057598e+00 -2.714118395699596231e+00
7.956980050866165888e-01 1.031038839864553580e+00 3.734428729553232462e-01 1.189578211816791464e+00 2.870131396964988868e-01 -2.183411334702227702e+00 -1.700841910569707238e+00
7.365316551495310060e-01 1.405219315404892200e+00 7.438731546556947016e-01 1.320567680071430550e+00 3.306962449881764576e-01 -1.580203022749217201e+00 -9.375636581993137542e-01
8.361023518447711078e-01 1.831862975186571374e+00 1.137866716038972603e+00 1.439318322943488715e+00 6.467464226267541916e-01 -8.807893402212882972e-01 -1.516515324399206888e-01
1.125864660866204403e+00 2.222444702750991041e+00 1.511497329057623684e+00 1.683838648864710574e+00 1.098272405582949585e+00 -1.161947176178266816e-01 6.330750894506889104e-01
1.518417612123378779e+00 2.486764627815077677e+00 1.811919926252644419e+00 2.062914302641745135e+00 1.585899861526736343e+00 7.201733325025112542e-01 1.371657584669841556e+00
1.953126967498239441e+00 2.590667142793067868e+00 1.994075230947943256e+00 2.519096594732872507e+00 2.061464044747999047e+00 1.690307172123905577e+00 2.034654001139296398e+00
2.393637812072465287e+00 2.702118544597198913e+00 2.106364891310940290e+00 3.018126037850523691e+00 2.513260620974756776e+00 2.837097158461090007e+00 2.674299779194325488e+00
2.820845586407131123e+00 2.943670649467334588e+00 2.198156035969240918e+00 -2.735400415488837389e+00 2.946658713716611366e+00 -2.381286491552987883e+00 -2.875188801198467203e+00
-3.069018502595345144e+00 -3.041648244088976938e+00 1.909431755513663731e+00 -2.145608726564657065e+00 -2.931050164356277854e+00 -1.612169840731997095e+00 -2.018404054796834046e+00
-2.728257720090065952e+00 -2.950194887766476093e+00 1.503563509720726277e+00 -8.720683266027482450e-01 -2.609288430710648310e+00 -1.121233975585968379e+00 -1.102118318465796332e+00
-2.600991524438032165e+00 2.954255501464551958e+00 1.761033877671291714e+00 1.635025740027139962e+00 -2.651403820312157933e+00 -7.761227188455525061e-01 -1.944954469194912494e-01
2.992723108758463813e+00 2.928746739231107732e+00 2.194199280262504992e+00 2.247566509606585772e+00 2.774953643598690789e+00 -3.771738601877422936e-01 6.713248732892982407e-01
2.706427451944558804e+00 -3.068236583188637567e+00 2.626412786860907289e+00 2.780390659905424222e+00 2.809252810821190049e+00 4.210600885044377129e-02 1.486787068870717876e+00
2.977596415402564922e+00 -2.706439166281799036e+00 3.000224897467109741e+00 -3.002598586008440762e+00 -3.108227364755666855e+00 3.402289050507115165e-01 2.245591793455832264e+00
-2.938072453418425045e+00 -2.295340213983346089e+00 -2.967503104733402619e+00 -2.533647187091839115e+00 -2.684283707517229001e+00 5.776299519739639399e-01 2.933172937662557711e+00
-2.533745094313367030e+00 -1.854244502944725648e+00 -2.637226141300252902e+00 -2.079404599682663335e+00 -2.246997571090318946e+00 5.298979407164368105e-01 -2.726976923248485729e+00
-2.096224182598819930e+00 -1.449606277298854939e+00 -2.220550817972919866e+00 -1.571178602726408080e+00 -1.782441090319856647e+00 -1.206290616551987105e+00 -2.094493124043405707e+00
-1.607018908477206631e+00 -1.456381753986485617e+00 -1.744643518729083409e+00 -9.490605691661831989e-01 -1.274416260968989967e+00 -5.906075672661151854e-01 -1.378244583699547610e+00
-1.074247548037215783e+00 -2.367595027210617431e+00 -1.303097920791965958e+00 -1.846559529592441129e-01 -7.292344583548663328e-01 7.768916660517345696e-02 -5.770798307607110100e-01
-5.175872488234106727e-01 -2.244701310931261240e+00 -1.185658253986118238e+00 7.608643516085384917e-01 -1.654272760054653901e-01 7.152327265421291047e-01 2.739629914783953679e-01
4.505866740354418087e-02 -1.896161683929153297e+00 -1.822507471836243731e+00 1.904489799259820870e+00 4.064805668981963938e-01 1.295541734331406403e+00 1.146201790728400782e+00
5.316943387600384652e-01 -1.493015436518110528e+00 -1.704140949306992336e+00 3.072096802416071526e+00 1.009143366156948884e+00 1.841538016907335429e+00 2.040558862126042872e+00
6.099081358162249389e-01 -1.033727558868751562e+00 -1.224459401185535867e+00 -2.216748645250002259e+00 1.746445698884023789e+00 2.411280633268373386e+00 2.983483431523959784e+00
-6.070276703912198119e-02 -5.304098589287916665e-01 -5.969360747444715232e-01 -1.357343125319772748e+00 -3.016539338249782709e+00 3.035433789266300142e+00 -2.287794098740437043e+00
2.082577303025325566e-01 1.917411909390827069e-04 2.287857291719045116e-01 -5.021683473283743426e-01 -1.032001609286184340e+00 -2.604106809872066108e+00 -1.193091773730216243e+00
8.048601400289507879e-01 5.516853775839439811e-01 1.367244309585971651e+00 6.130751416455988423e-01 -8.911364619339463833e-02 -2.198191178709961058e+00 5.271070185459450497e-02
1.622010847386520904e+00 1.043185596504843549e+00 2.687814409659032400e+00 2.709292137724479854e+00 8.184976691094674184e-01 -2.762204138780955276e+00 1.674845798494875249e+00
2.676162838335621075e+00 -1.865894175672488109e-01 -2.462828697955552038e+00 -2.192802847804673050e+00 -1.828299057680264905e+00 -2.265681226542302973e+00 -2.856482969678929340e+00
-2.312309138024537525e+00 -3.527730644129050130e-01 -1.510867871603997381e+00 -1.263241683641574742e+00 -1.081648492942263617e+00 -1.362893515159196323e+00 -1.563909103702755710e+00
-9.937591802134351227e-01 1.835406395567509563e-01 -6.509509537018242087e-01 -4.264814827666897346e-01 -3.915694746323485909e-01 -3.788330737895153066e-01 -5.220664566045818411e-01
1.026052715278631122e-01 7.413117531749046085e-01 1.461974659483833150e-01 3.625146901319752368e-01 2.497982785777384807e-01 6.126063339992176005e-01 3.856256576010735904e-01
9.884367551521198170e-01 1.279036196035390649e+00 8.710670735708787582e-01 1.089529566180982068e+00 8.226886224466286590e-01 1.593938449121871326e+00 1.176559529811950222e+00
1.721760870486434669e+00 1.786114296666689638e+00 1.492293226043927001e+00 1.677558112008975755e+00 1.309879272851016241e+00 2.639827491690151628e+00 1.838589537358290782e+00
2.307706116297112420e+00 2.259981339792309640e+00 2.005613464691748948e+00 2.050712834210759006e+00 1.728200187723338388e+00 -2.174925922690793267e-01 2.370665124507898014e+00
2.737075090919224962e+00 2.689256471580037999e+00 2.482834274333453273e+00 2.410834258671185282e+00 2.131065183478794367e+00 8.446118617267264206e-01 2.818344789870252498e+00
3.034493054331789619e+00 3.076936644563058820e+00 2.992325657087640423e+00 2.963191884297533107e+00 2.551136297896394733e+00 1.656504073446530612e+00 -3.016094680879854106e+00
-3.013833413659793958e+00 -2.774969615570336057e+00 -2.746215984623844975e+00 -2.635999639942213424e+00 2.989150229254855073e+00 2.411556031079860496e+00 -2.508914239153146930e+00
-2.697855318814463832e+00 -2.221325343706896938e+00 -2.172759700206150502e+00 -1.904995706511716458e+00 -2.821365913922874835e+00 3.126297244132408615e+00 -1.955329963600404009e+00
-2.276841691799989409e+00 -1.505099015469915091e+00 -1.567427991285665678e+00 -1.168682551633249078e+00 -2.277408555348590102e+00 -2.498638508174193973e+00 -1.401251716169959138e+00
-1.776201742244404747e+00 -5.139673540925630002e-01 -9.596352052988513792e-01 -4.917340835132418264e-01 -1.631368871654075070e+00 -1.887049664452056241e+00 -8.847059985468265220e-01
-1.246654891344900262e+00 1.235384291611792307e+00 -3.907674111745559342e-01 4.757514341083107084e-02 -8.158798055547124006e-01 -1.218570096795882796e+00 -3.903991103042390720e-01
-7.377652602088765610e-01 2.710847441610940489e+00 1.934221959986072437e-01 5.224938988273776230e-01 3.643772229992449652e-01 -3.959004148535757994e-01 1.463163088545507140e-01
-3.179764879086244833e-01 -2.717067493940431344e+00 9.755540400845579274e-01 1.125916131917957586e+00 1.688830088361673365e+00 5.803475813714864540e-01 7.661325281051156733e-01
-2.404089115633556706e-01 -2.081490691550092365e+00 2.114395558331428671e+00 1.912586738210232840e+00 2.611187003674270812e+00 1.635924524519413392e+00 1.472216708833234966e+00
-7.804518864568621428e-01 -1.552831357393881007e+00 -2.851699052150418634e+00 2.848539311279921993e+00 -2.967401643071760020e+00 2.657056819610298160e+00 2.249547926283325339e+00
-7.379009592083840552e-01 -1.074693482405459033e+00 -1.739009046686713411e+00 -2.349450372201252524e+00 -2.353422727451631502e+00 -2.722164171327766446e+00 3.067342694423930816e+00
-3.353075240466278917e-01 -6.296632111783546648e-01 -8.023138615192297873e-01 -1.016488444886941567e+00 -1.839027904177917394e+00 -1.987543454561633727e+00 -2.423193786059302024e+00
1.380913218987699365e-01 -2.257536348785302849e-01 5.179112776303431559e-02 6.124890986426528849e-01 -1.629620294359091615e+00 -1.471785017638534088e+00 -1.794866797385875179e+00
5.994220336916480374e-01 1.505623543917957163e-01 8.996082894211925307e-01 2.056316304728094124e+00 -1.949180333898861806e+00 -1.109594896681781018e+00 -1.352842647769903817e+00
9.819211527143386631e-01 5.991702434898139584e-01 -2.101863352708101207e+00 3.040961967487517015e+00 -1.796282015145845845e+00 -7.074956651025084975e-01 -7.534583564524064414e-01
1.275434170691784885e+00 1.164743561414238071e+00 -1.281930213455640288e+00 1.553908616348274929e+00 -1.280479345078587627e+00 -2.472653950729404304e-01 3.889934918118903660e-03
1.560337762718045029e+00 1.857596612589755392e+00 -9.059114671416341746e-01 2.236853028796466525e+00 -6.104181748176764621e-01 1.298188289887725333e-01 7.706527839113226364e-01
1.942034941242858359e+00 2.744914877490129079e+00 -7.126229516462616598e-01 3.034693122426132206e+00 8.828080625202190390e-01 2.586141435236852248e-01 1.452305154264096565e+00
2.419389954019159905e+00 -2.386005719914687795e+00 -4.702975308101398633e-01 -2.531433769055649208e+00 -3.049334316632126285e+00 4.140774868259347596e-01 1.988814972540547510e+00
2.922468201349964101e+00 -1.358043899537425769e+00 -1.005890407745832632e-01 -1.960873959133015987e+00 -2.417040887680168115e+00 8.582153048782231730e-01 2.419556384332395282e+00
-2.902382300339404697e+00 -6.546715855594585909e-01 3.380645945883955505e-01 -1.629072850555015384e+00 -1.961507649032893763e+00 1.444603368622263684e+00 2.886830262772735356e+00
-2.539450103030725714e+00 -1.568308611298626920e-01 7.683277087806238415e-01 -1.451385925688799983e+00 -1.594123823932333428e+00 2.081695539893914759e+00 -2.849722788685472796e+00
-2.149596590887976166e+00 2.550271777720529709e-01 1.136784648273911458e+00 -1.155323287863136983e+00 -1.239835041945995142e+00 2.767239377680068557e+00 -2.269054655875876403e+00
-1.609464366159016224e+00 6.905873905076723718e-01 1.444407892987007225e+00 -7.148192441766809679e-01 -8.554811190837617874e-01 -2.751429039025215406e+00 -1.684574173956783216e+00
-9.447740461811866552e-01 1.193060987403053774e+00 1.747067553202861001e+00 -1.999759940572687633e-01 -4.391193871227163092e-01 -1.908802040262275401e+00 -1.092402999105926975e+00
-2.281510201404482741e-01 1.738808471493252794e+00 2.093345664454256294e+00 3.512810531724626095e-01 8.281027947327100278e-03 -1.040039683625971323e+00 -4.713286917542132692e-01
4.822347861561769311e-01 2.299076147668891235e+00 2.496510258275527860e+00 9.323979973400637888e-01 4.909201241771815605e-01 -2.114283479588371373e-01 1.866160355935180815e-01
1.166954208983156160e+00 2.849410866605794013e+00 2.930366961615537669e+00 1.538281568887052142e+00 1.005681325875769971e+00 5.492408771496845032e-01 8.690474129981242690e-01
1.819727787332807267e+00 -2.915124970828274709e+00 -2.935342809577720757e+00 2.172775433678854284e+00 1.544858757098556135e+00 1.272089668757077963e+00 1.566231707944568896e+00
2.449913925251935520e+00 -2.434012007280641043e+00 -2.529165220615397391e+00 2.869487640064735334e+00 2.108735450006328893e+00 2.012629491425293793e+00 2.293310259462991940e+00
3.069724986052901894e+00 -1.986893322065609313e+00 -2.057391261703406027e+00 -2.548710365750360474e+00 2.713827874303945009e+00 2.808451788173600416e+00 3.096296954508085619e+00
-2.603530444200452543e+00 -1.581929149927858935e+00 -1.472005221773321271e+00 -1.323768035214599736e+00 -2.861168728598091793e+00 -2.594518818039984076e+00 -2.251042858036781169e+00
-1.999122740894560435e+00 -1.298576579986450374e+00 -7.621202152144238573e-01 -5.721658389187210536e-02 -1.670419645683984378e+00 -1.570832957097074933e+00 -1.183064733689658032e+00
-1.422763018285789993e+00 -1.315444099657438581e+00 2.218938454038493491e-01 8.600532524733286444e-01 1.260903040424743715e-01 -3.792226175171316549e-01 -1.275402120350911939e-01
-9.213543929059785365e-01 -1.484176143219422039e+00 1.992481339656069217e+00 1.595250983986710391e+00 9.864879041185414810e-01 7.771286743293418509e-01 7.955367599113919441e-01
-6.455337609676915500e-01 -1.359308456957876832e+00 -3.078051797369404596e+00 2.249132278026070075e+00 1.613290058959804485e+00 1.794889390892121961e+00 1.612808821518521452e+00
-1.127822626399407335e+00 -1.044303552414131531e+00 -2.350309818349276547e+00 2.834338522520734927e+00 2.194584654607007579e+00 2.769648083385666038e+00 2.378369060259927004e+00
-1.321222683138039811e+00 -6.774818944220588612e-01 -1.754841127065616124e+00 -2.987014139408600943e+00 2.743818792637803039e+00 -2.532906567044929336e+00 3.105259137485837151e+00
-1.028121945442651786e+00 -3.163479588089950223e-01 -1.251520096392367387e+00 -2.710501850216055164e+00 -3.045681282374183674e+00 -1.618671190064400633e+00 -2.568707257049137826e+00
-6.926931639032007926e-01 7.884292619570130653e-03 -8.945751479140933160e-01 -2.356632420989113630e+00 -2.605547290663480453e+00 -8.992624623229157343e-01 -2.410163360067739013e+00
-5.616840632969650748e-01 2.747196369126206350e-01 -7.448420011477225877e-01 -1.702874110944669006e+00 -2.138686200566900286e+00 -3.757346129947871649e-01 -2.290019862376782012e+00
-7.472317630934990351e-01 5.064982321105306884e-01 -5.923241932417464550e-01 -8.550817694578142225e-01 -1.531593926980759690e+00 8.033115477414209948e-02 -1.534070798299549399e+00
-6.739670150363702428e-01 8.332658048080553437e-01 -2.254874577618426745e-01 3.237059823975875494e-02 -7.188761051971690463e-01 5.441912843375471542e-01 -6.268547740044667638e-01
-2.097905730968335214e-01 1.303615467768349134e+00 2.625743944366520366e-01 8.596498899271458605e-01 2.410311886843233276e-01 1.011754146782411379e+00 2.147125667924603964e-01
4.093712339616756846e-01 1.872050613550360065e+00 7.773952509454582493e-01 1.599876110435737520e+00 1.111388907895132672e+00 1.470187035967543521e+00 9.566804016836840674e-01
1.102655976388569714e+00 2.502113337354516354e+00 1.310803972734051692e+00 2.257412893349869165e+00 1.797548525885596993e+00 1.928046315716231085e+00 1.629297895618504022e+00
1.832539365914550800e+00 -3.065146422093321554e+00 1.921446155342556583e+00 2.853152940736703336e+00 2.375432675938948357e+00 2.398071749097388849e+00 2.269334273615075226e+00
2.593094052782098924e+00 -2.214077669223969203e+00 2.671081098074049809e+00 -2.870203234762767508e+00 2.913541331324961625e+00 2.862120503859551413e+00 2.891087251194203400e+00
-2.905618528871012352e+00 -1.309465874263826324e+00 -2.632513303099023982e+00 -2.338247607702506947e+00 -2.836320329700542597e+00 -3.016921918731120922e+00 -2.792395628203401259e+00
-2.132749463281683688e+00 -4.667449486957309102e-01 -1.270032646033278922e+00 -1.829201645870350612e+00 -2.281808145653669406e+00 -2.711258940847111720e+00 -2.208192565088633152e+00
-1.400683474065067546e+00 2.929914543085234135e-01 7.860694109376360761e-02 -1.303779264674604033e+00 -1.681574790821387611e+00 -2.436189083702679614e+00 -1.607746699905015841e+00
-7.229146429153124886e-01 9.829288704547023414e-01 1.071368526287102441e+00 -6.633601103558233181e-01 -1.014003027338140628e+00 -2.140326510676124894e+00 -9.516075159502693781e-01
-9.084911623265151670e-02 1.618734135131748131e+00 1.901221421153454383e+00 2.472159907406203116e-01 -2.453012667574605288e-01 -2.163553022772828349e+00 -1.971925167685892599e-01
5.094527938454800342e-01 2.188893747157173664e+00 2.722529388000313855e+00 1.504125961376570952e+00 7.033453009755129548e-01 3.140731517202890899e+00 8.002964379591366306e-01
1.059967342583177485e+00 2.620628614616599350e+00 -1.947344798426007273e+00 2.588784214750712742e+00 1.849177274538281734e+00 -3.018569796405317529e+00 2.264254590521588728e+00
1.515132233103022363e+00 2.781848411455960512e+00 2.734607798505233056e-01 -2.931712529728831562e+00 2.867462709766757989e+00 -2.581297550998982615e+00 -2.856289072639120352e+00
1.702899126331922863e+00 2.930317611560524504e+00 1.144387342351163239e+00 -2.339087816520342589e+00 -2.662879351154248120e+00 -2.060199238906756936e+00 -2.069691584719645761e+00
1.394986259795499617e+00 -2.819011202032992269e+00 2.168772855218663143e+00 -1.859883369572258749e+00 -2.080643440114712917e+00 -1.527662434286917614e+00 -1.439653660436804872e+00
1.426254771772395014e+00 -2.035518901384122614e+00 -2.243288964030007104e+00 -1.474136145803390807e+00 -1.602355995440543524e+00 -1.051590322188870719e+00 -9.807022508270919481e-01
1.827369575509345534e+00 -1.146297683202251783e+00 -6.732371863705147730e-01 -1.118705224533740772e+00 -1.186518795928011460e+00 -6.817002757853795059e-01 -7.478456970706817142e-01
2.310514467324744636e+00 -2.507837303620730207e-01 2.967564520301699260e-01 -7.197589087773113015e-01 -8.083728609089375627e-01 -3.791752772128586524e-01 -5.262261360715391190e-01
2.744993176317522376e+00 5.809634216777385118e-01 1.086500092522478145e+00 -2.689338788620852516e-01 -4.684048895540722790e-01 -3.633258072673212907e-02 -1.188812586638392649e-01
3.049874718877606306e+00 1.300506104192523882e+00 1.738084976089296019e+00 2.074449434170815287e-01 -2.158037207401228008e-01 4.185025596275989690e-01 4.057163950641535233e-01
-3.049130725134088671e+00 1.856773133506609774e+00 2.223219355687786170e+00 6.779862186838868654e-01 -1.879894192040335033e-01 -2.405752089829241491e+00 9.782518857514522770e-01
-2.830196029466715668e+00 2.204574182505802060e+00 2.520919901382748574e+00 1.109593140153226853e+00 -3.578759454033557108e-01 -1.903962802653865305e+00 1.578077249353120770e+00
-2.522843049021742612e+00 2.412654803102469714e+00 2.696930617642502082e+00 1.383411591132792440e+00 -3.393181602207441250e-01 -1.449771039516317916e+00 2.232311364321444280e+00
-2.164643144454628132e+00 2.676269761183099227e+00 2.898613175610356141e+00 7.318683836396802644e-02 -1.671243324797311303e-01 -1.054657705355147357e+00 3.131626389163991053e+00
-1.802820454711862252e+00 3.050785031535563796e+00 -3.075743818588901224e+00 -3.395458950046958413e-01 5.693830511109559261e-02 -7.245183720004350070e-01 -1.676521952284407702e+00
-1.466644264527553032e+00 -2.800841945202361405e+00 -2.678485348339482819e+00 -6.081439988424423848e-02 3.527827444327363282e-01 -4.019374920078847557e-01 -5.431829206329709114e-01
-1.204699727686553867e+00 -2.339838890688173745e+00 -2.240166623458567763e+00 2.827858725091064174e-01 7.425161856703982322e-01 -3.159075666348491046e-03 2.828346905912904052e-01
-1.122218866596524700e+00 -1.852884567506906555e+00 -1.809596522549543618e+00 6.591507125830865510e-01 1.221437045808692279e+00 5.069516778875391427e-01 1.076423204767838149e+00
-1.262003320092200509e+00 -1.333775035727665648e+00 -1.415522592492360010e+00 1.072915787114259389e+00 1.786788566808690026e+00 1.130420000444876116e+00 1.917566491496581982e+00
-1.344391782827799364e+00 -7.778500657490452497e-01 -1.052812084453896624e+00 1.475210982502858981e+00 2.462931626921109896e+00 1.953362447263734314e+00 2.852198964891627497e+00
-1.218797115442748824e+00 -1.710157993684547073e-01 -7.069378395477082799e-01 1.220971597072306514e+00 -2.596389187500684148e+00 -1.900391646730791750e+00 -2.361463504075257180e+00
-9.600887685835710617e-01 5.423712351070257842e-01 -3.888195177658572144e-01 3.487818634051511046e-01 -7.673125211514605915e-02 -5.779496124680761904e-01 -1.181668933942872535e+00
-6.278920118368320757e-01 1.585968556576287991e+00 -1.294376931022174493e-01 7.545921796786241309e-01 7.213393587023556597e-01 1.387439625500054563e-01 -4.888894340109242731e-02
-2.663646081642980223e-01 -3.055275550008036856e+00 -1.202597706152132642e-02 1.308040785676855000e+00 1.348292695855569656e+00 7.517804452433661799e-01 9.350287730930372243e-01
1.173122017529333871e-01 -2.074709633418065025e+00 -6.663310437975374922e-01 1.891304346560512828e+00 1.917316134056359145e+00 1.293664881466782379e+00 1.788750390298259108e+00
5.135786408385292212e-01 -1.497602731978202817e+00 -1.176932509612837130e+00 2.492550282449758292e+00 2.457963939445388490e+00 1.752204034551406497e+00 2.544821084365908259e+00
9.346176385857489777e-01 -1.005075773833887576e+00 -8.433797155302764637e-01 3.128683249122452104e+00 3.023904207571395553e+00 2.112748160696340527e+00 -3.050851725225403932e+00
1.315369671187297529e+00 -4.872958470595772917e-01 -3.179601242191488208e-01 -2.430994424946833821e+00 -2.581960578494387093e+00 2.415383023027860343e+00 -2.365398149498893154e+00
-4.358837506479659174e-01 6.673849208954225898e-02 2.660748101791048370e-01 -1.467467056852373108e+00 -1.674214017952218247e+00 2.711832731136062602e+00 -1.576073142215255185e+00
-3.962497991082477022e-01 6.313996143762907742e-01 8.674346026380400643e-01 -1.751074444858594925e-01 -3.777209445733378246e-01 2.896015976633211864e+00 -6.100371160812599891e-01
9.285335466664076942e-02 1.159028862754839517e+00 1.474929254341996954e+00 9.435724902049561491e-01 9.581931846295843602e-01 2.702162858186173189e+00 5.404545159397644571e-01
5.828381825922673842e-01 1.541746462412410645e+00 2.092090209787435651e+00 1.776021535806474816e+00 1.951881998226097092e+00 2.476516661756818394e+00 1.762724937646381163e+00
1.024916533990500200e+00 1.664230843837202767e-01 2.716667060857871796e+00 2.479106963395799390e+00 2.762630675055204321e+00 2.602611349233575400e+00 2.879604708737612206e+00
1.257238409653790523e+00 1.697236274779105603e-01 -2.991848107833844139e+00 -3.135487349648132582e+00 -2.769455182975770313e+00 2.943488351362401279e+00 -2.408925377648106103e+00
7.910523086278135052e-01 6.992484479085792071e-01 1.172664268717222624e+00 -2.410522957520958798e+00 -1.984707871357691555e+00 -2.885695767589242511e+00 -1.441071988971102780e+00
5.841222500385029326e-01 1.279109399281060266e+00 1.647336204307469298e+00 -1.362962807711946445e+00 -1.043142176209689298e+00 -2.440287664026624448e+00 -4.672101334257601213e-01
9.267337174069804062e-01 1.833249598410232606e+00 2.239342989005573603e+00 1.298812689119344777e+00 1.846479612514104474e-01 -2.173903209092574063e+00 4.690017244801740759e-01
1.364234985978389991e+00 2.309556670448879689e+00 2.816122061561052714e+00 2.264773834850864809e+00 1.415524322666856349e+00 -2.156962325330098018e+00 1.329158407606573000e+00
1.759584842317274855e+00 2.686931492028209245e+00 -2.914301816959967262e+00 2.895792342149804632e+00 2.348140026912069356e+00 -2.065483649561648427e+00 2.088545943864219545e+00
2.046990315823081552e+00 3.046741323245886424e+00 -2.369487426227264049e+00 -3.011576670169000547e+00 3.085500750538708647e+00 -1.979251099256215340e+00 2.717332066764290843e+00
2.295450467549948748e+00 -2.776161511976968477e+00 -1.796523814562160926e+00 -2.928955016555209401e+00 -2.588890308535543028e+00 -2.228342513239504719e+00 -3.080398242128482789e+00
2.663033930439294483e+00 -2.233982293767683203e+00 -1.180280232519467010e+00 -2.740883280629244023e+00 -2.140520906064729445e+00 -2.106364421943890175e+00 -2.625215270857351069e+00
-3.120579272133230386e+00 -1.694547327682393689e+00 -5.400206732778565222e-01 -2.254729131331885572e+00 -1.872827380054129742e+00 -1.514087073564194474e+00 -2.016485000443877240e+00
-2.528086937659797861e+00 -1.543541462968876843e+00 5.718305110653267714e-02 -1.540891238231191895e+00 -1.490549468794109433e+00 -6.791991247260064091e-01 -1.217626092706999730e+00
-1.896156167279938964e+00 -2.829200272177255115e+00 -2.191192210366950555e+00 1.458680888318985902e+00 -7.197477827617124735e-01 2.975896684631323952e-01 -2.667586435979862336e-01
-1.273562722398355440e+00 -2.467933425224662525e+00 -1.682798667658290004e+00 2.517289453922629150e+00 8.359441971136416516e-01 1.292886268321739029e+00 7.701068561611251750e-01
-1.121302710238837763e+00 -1.897275146625077680e+00 -1.107259520064933112e+00 -3.052810021552678332e+00 2.488777668157122314e+00 2.206896971513789829e+00 1.776639378511199796e+00
-2.625062473952277209e+00 -1.273491006042092089e+00 -4.787090211904794224e-01 -2.376823016071644368e+00 -2.808650313424265743e+00 3.010205106972610345e+00 2.656141813411215136e+00
-2.022126793932070843e+00 -6.082043917326470650e-01 2.437693437523163753e-01 -1.715419991062423488e+00 -1.999919156397004461e+00 -2.597660430065306336e+00 -2.898805763941451730e+00
-1.301531941011254689e+00 9.339595658019329838e-02 1.066411774403667412e+00 -1.091520924858587760e+00 -1.261981274105636874e+00 -2.124447361241668997e+00 -2.318301899469471739e+00
-5.563478203465381799e-01 -2.236302876467747947e+00 1.971121464590743999e+00 -6.088438548356861491e-01 -5.796697915078581342e-01 -2.095399683562062965e+00 -1.890980336393171424e+00
1.442731377458293107e-01 -1.591542489841202945e+00 2.933150205388945331e+00 -8.862135053361452908e-01 -9.422989889380739559e-02 -2.195100644810681789e+00 -1.578326302850602270e+00
7.965464483139850227e-01 -9.528852220068438905e-01 -2.368110230472629141e+00 -1.303129991765654694e+00 -2.402862493548664879e+00 -1.802281779558896790e+00 -1.194378432149714397e+00
1.414589137171879285e+00 -3.814565377600705465e-01 -1.402433928554280618e+00 -8.680650703583120409e-01 -1.991491551155981199e+00 -1.206025230617504773e+00 -6.425324169963343435e-01
2.059931744392639263e+00 1.260002311836666555e-01 -4.562261979735123818e-01 -2.920411801177065225e-01 -1.753216949478505926e+00 -5.629593081145094491e-01 3.165240972821248278e-02
2.745365801491812530e+00 6.363562464302903177e-01 5.024047435943987949e-01 2.927698702922319485e-01 -1.530849154294668946e+00 6.527272668826400448e-02 8.079602695536430845e-01
-2.826862692375831099e+00 1.245007676146096420e+00 1.539193501198126368e+00 7.806069492240361729e-01 -1.152261367452703800e+00 6.258397924157146353e-01 1.755330780833925797e+00
-1.842547789555489146e+00 2.096266584733211591e+00 2.647972662429515012e+00 8.984619961265812860e-01 -6.934202945576253274e-01 1.040586003694120798e+00 3.075920874427112484e+00
6.459859897783578608e-01 -2.841314654006899865e+00 -2.593818332993815812e+00 6.528224710690524457e-01 -2.865009480314285595e-01 1.458134300804471373e+00 -1.787032458495006138e+00
1.640024842027842045e+00 -1.192814436290270175e+00 -1.664973734046079290e+00 9.096655570165531612e-01 -3.316272651928151016e-02 -2.988821499935333748e+00 -7.718994458250379997e-01
2.280931987342879275e+00 -6.380752969042824407e-02 -8.361087284432543454e-01 1.378911858861494144e+00 1.636210298057443058e-01 -1.834299170472105001e+00 9.694586918165915002e-02
2.895357606352935598e+00 7.615164379378736026e-01 -1.199924251823564630e-01 1.923776747393746378e+00 4.237806834494090569e-01 -1.231031873144751154e+00 1.085889618030074999e+00
-2.753205237514446235e+00 1.386780835800018430e+00 4.479637434576932975e-01 2.574299146092116519e+00 5.266040544668912915e-01 -7.843154950519881652e-01 2.517903360645146194e+00
-2.036550710238170137e+00 1.860679290370862660e+00 8.599137669295492392e-01 -2.928336364299145789e+00 3.717372685690775169e-01 -4.041281081000414055e-01 -2.054908090438235746e+00
-1.219211741648789094e+00 2.308797412212584277e+00 1.239085226397126149e+00 -2.003681899024280177e+00 5.449268662032947796e-01 2.768112658779174270e-02 -8.338259964135653624e-01
1.100861779202376295e-01 2.853526103645404710e+00 1.793414020564899625e+00 -1.027591141958603904e+00 9.684555148446348793e-01 5.408448484466241712e-01 1.583101902921486559e-01
2.612612737143146457e+00 -2.785567452845679526e+00 2.550200055507944263e+00 -3.033482865067917422e-01 1.448979830550689796e+00 1.097576888179617516e+00 1.064105917160150128e+00
-2.624184832576894166e+00 -2.123780770629212000e+00 -2.879810079439364845e+00 1.112134201687182272e-01 1.893622774326723102e+00 1.653608291586696977e+00 1.904840074921474002e+00
-1.708488132885513933e+00 -1.547727143581785869e+00 -2.092782291301098496e+00 6.753399715032630812e-01 2.237086531060118677e+00 2.167614812002614855e+00 2.650599870948969095e+00
-4.750160789081171453e-01 -1.231529187275202331e+00 -1.608187738947546741e+00 1.435532586321206727e+00 2.502177213857882609e+00 2.608391236630670296e+00 -3.052481524673500424e+00
1.438273931016235130e+00 -1.191028568942793520e+00 -1.544497977653654042e+00 2.267393998386335152e+00 2.837581677989731155e+00 2.988618441596570197e+00 -2.698714898810345986e+00
2.558858948687020796e+00 -1.004018664622786661e+00 -1.398236902140497007e+00 3.127515937323611439e+00 -2.970058703045159731e+00 -2.890122888112419464e+00 -2.395276978333134910e+00
-2.975011791252724080e+00 -6.642388778467621657e-01 -1.020069178436936008e+00 -2.266611881855923105e+00 -2.387004976555771041e+00 -2.377851762276256942e+00 -1.898394512355453978e+00
-2.320685247516336425e+00 -2.594620724294368630e-01 -5.197504929864290579e-01 -1.344464458675989738e+00 -1.744118536997999902e+00 -1.741720952354264718e+00 -1.239890263666368453e+00
-1.744219444088743964e+00 1.943874373904248554e-01 3.477373316545167431e-02 -3.592011020394081378e-01 -1.089708114767879765e+00 -9.638147955753441076e-01 -4.949641685275152914e-01
-1.294650021829336861e+00 6.685074214557213956e-01 5.948223813563893181e-01 8.290733438006663292e-01 -4.956812805013037782e-01 1.677830785516704615e-01 3.288524758219747435e-01
-1.112603595965773629e+00 1.074760810633029529e+00 1.131038708457074771e+00 2.595471321957913524e+00 -1.818213219447101514e-01 1.979775976001485915e+00 1.426345481983492203e+00
-1.018285994349047652e+00 1.336847393246995752e+00 1.634507917994149073e+00 -2.199781851902542495e+00 -6.020947003663237318e-01 -3.122974076575931957e+00 -2.968087253725814723e+00
-6.371349985758814061e-01 1.499606924765178206e+00 2.070786425972069189e+00 -1.231628622576619536e+00 -5.093875074708273942e-01 -2.309172039008590804e+00 -1.706059184578456067e+00
-8.966370601870242429e-02 1.710787540773743620e+00 2.282891800024349660e+00 -4.269131387313382375e-01 -1.223714299408632661e-02 -1.602159701292669380e+00 -8.457207794985637239e-01
5.264961523596779491e-01 1.986413761611735440e+00 2.011833611561729906e+00 3.116600983731104835e-01 5.631846215263358602e-01 -9.484089726439954848e-01 -7.651492518709174240e-02
1.155726502661218902e+00 2.302694487332466178e+00 1.950087772724894419e+00 1.016858703625528326e+00 1.141001856887610799e+00 -3.238260984680452759e-01 6.539156154456144954e-01
1.789037522342955988e+00 2.669705475633266545e+00 2.277744317649982086e+00 1.689582690427722911e+00 1.702119301371480153e+00 3.012209451590836529e-01 1.356993542377197492e+00
2.404788135087245760e+00 3.064168948002596427e+00 2.727914660813471226e+00 2.325929730064621559e+00 2.249338003469223857e+00 9.560516809176421438e-01 2.038634354031795937e+00
2.959690720796495977e+00 -2.828919400350211166e+00 -3.099171125071062072e+00 2.917949797783853771e+00 2.785163177965420456e+00 1.675414897492054633e+00 2.696112359317742957e+00
-2.842969995801129635e+00 -2.485597852211312908e+00 -2.721709606286664140e+00 -2.817778989190507843e+00 -2.980899004703441602e+00 2.606435332629676527e+00 -2.961072035675290870e+00
-2.449307827140136506e+00 -2.197724674330290284e+00 -2.465703447970354123e+00 -2.256954896983926595e+00 -2.481117960500104136e+00 -2.202738005487517636e+00 -2.352429796559090569e+00
-1.981072439124518247e+00 -1.924715145589755538e+00 -2.277836340771024481e+00 -1.608313148615909682e+00 -1.973092851243565926e+00 -9.516076030988430690e-01 -1.713804838756987081e+00
-1.335086130879163502e+00 -1.582524721861482409e+00 -2.106554901558603810e+00 -7.720498572087435285e-01 -1.421282125570138666e+00 -1.460470917100667454e-01 -9.456130480192511678e-01
-5.102547451049449512e-01 -1.247934973801530179e+00 -2.142797096087717179e+00 7.270268054426555215e-01 -7.666726833800909802e-01 4.321460495624740439e-01 3.103175833686697138e-01
4.389084565324406495e-01 -2.555555983849141288e+00 -2.445949778258980967e+00 2.458748386177073808e+00 3.435130360550494033e-01 8.308282642200824908e-01 1.842130865732140910e+00
1.336483749314256064e+00 -2.698862376745746250e+00 -2.356046182229152297e+00 -2.923668827575381268e+00 2.354512191995636883e+00 1.277160093369072991e+00 2.685243271177508273e+00
2.081200026868484265e+00 -2.261358038863037212e+00 -2.003463196109378064e+00 -2.212701017241084589e+00 -2.975495476253961602e+00 2.115515829810390436e+00 -2.971066578600778385e+00
2.639275351391149549e+00 -1.881699822606530681e+00 -1.576663095101189072e+00 -1.552775845152085665e+00 -2.300682647630603928e+00 -1.471771814570540293e+00 -2.405773466872383803e+00
3.057205510283294458e+00 -1.687373600526347994e+00 -1.146430900550121645e+00 -9.283720352955380228e-01 -1.748662571364970386e+00 -4.118787596790171590e-01 -1.890960924982689306e+00
-2.785470373211216710e+00 -1.699725356656301312e+00 -8.106474327106377720e-01 -4.222832820377036556e-01 -1.369303822630890455e+00 3.579723051215662477e-01 -1.475796230183280988e+00
-2.305410455774767886e+00 -1.610035687906897994e+00 -8.571444183529021155e-01 -4.577360474689010084e-01 -1.167545407166954652e+00 1.055293845386297891e+00 -1.212983777405964858e+00
-1.786703525964205896e+00 -1.313335637877416806e+00 -1.318269371323335992e+00 -8.684877515781581625e-01 -9.371404217947554294e-01 1.658974415116804657e+00 -1.019478055703068931e+00
-1.275279309116834625e+00 -9.094639442223395598e-01 -1.230196970711032067e+00 -5.792363776698583600e-01 -5.979739556009474599e-01 2.024306445355808393e+00 -7.348730760895111347e-01
-7.975822516108099780e-01 -4.645549543981439267e-01 -8.728097033715875863e-01 -1.104581984021977131e-01 -2.348385087771334701e-01 1.499824055597627437e+00 -3.484032384318026532e-01
-3.561273996011798948e-01 -4.089098460993653011e-02 -4.863321324069183049e-01 3.780853431412591337e-01 1.079400452643764913e-01 1.153550863596737308e+00 9.756416499512204910e-02
3.494911974562931595e-02 3.242037038116562520e-01 -1.569096758205104636e-01 9.107865118470124255e-01 4.504904153203387884e-01 1.465016441704397376e+00 5.855075464289125620e-01
4.296144552171335396e-01 6.256870507301509621e-01 1.111315531649756105e-01 1.509420927577389770e+00 8.125216477649412905e-01 1.864414509930926389e+00 1.086536331786569942e+00
8.293131585021857877e-01 8.568063569639564614e-01 3.700204929348955285e-01 2.170189178697126131e+00 1.207455813041874881e+00 2.174158273375156991e+00 1.561611744591132833e+00
1.204771145123153087e+00 6.310880502531369673e-01 5.946790141657981588e-01 2.899310440763579688e+00 1.687355359231043073e+00 2.389232895888048880e+00 2.011459218930841786e+00
1.951091252180117697e-01 1.140372372785092153e-01 5.638058309810212165e-01 -2.494602163160295927e+00 2.320504923125441987e+00 2.685268320557554489e+00 2.502416055511139881e+00
-5.241432202284923569e-01 3.386303129953067703e-01 1.816409547714198658e-01 -1.237363475227247100e+00 -3.103273269327745609e+00 3.095144866663246841e+00 3.089496079854145982e+00
-2.216124671669272295e-01 7.921752215546562503e-01 2.694621702512417505e-01 -8.574773221144763036e-02 -1.899779229908906020e+00 -2.743648959006595778e+00 -2.499337167269201743e+00
1.411804366675263600e-01 1.269479310811721717e+00 6.341517792290004563e-01 6.667863965159687156e-01 -5.561004045856954292e-01 -2.317209440947293420e+00 -1.680929504513877681e+00
5.125079758733694923e-01 1.700844701073313869e+00 1.037421930804333314e+00 1.263919718464746822e+00 4.846394682446514279e-01 -1.912380394938257622e+00 -6.663076146194306659e-01
9.532958068735875035e-01 2.059833318251139023e+00 1.321044677443853343e+00 1.822706835005160508e+00 1.278651233470668114e+00 -1.502430266228820033e+00 7.015322953755603885e-01
1.459071875905305848e+00 2.338411354222299732e+00 1.345991813366638201e+00 2.409693969171652128e+00 1.931203070426555701e+00 -1.106117065228696905e+00 2.061868444228105890e+00
2.034058790036749276e+00 2.474751947802343643e+00 1.357227049541190000e+00 3.068691894762311190e+00 2.534294947949829346e+00 -8.789499175964594624e-01 3.057404683943198975e+00
2.697375424444990788e+00 2.318394324293558739e+00 1.413620072295770802e+00 -2.466412667567078110e+00 -3.094705542525634012e+00 -1.069548834172984408e+00 -2.376052292243019615e+00
-2.763860657378187646e+00 2.091191656946159050e+00 6.579333371116465878e-01 -1.573570853797935154e+00 -2.296734737154173089e+00 -1.077179933744468521e+00 -1.556699382528453190e+00
-1.415634671869274497e+00 2.089630638205389968e+00 6.412357019376947465e-01 -3.628423087015035242e-01 -1.174739378167857673e+00 -7.018670716945322186e-01 -7.594806715253582530e-01
1.631925957031596375e-01 2.269034824456996891e+00 1.121242276096994006e+00 1.129622862993943766e+00 3.133047578509327580e-01 -1.814426429384919937e-01 -1.943409850289772381e-02
1.068601404201623639e+00 2.550051114672220010e+00 1.674867634924506854e+00 2.166776058554665152e+00 1.442123892987921874e+00 4.379046604747365290e-01 6.392144159423548411e-01
1.721392466148213174e+00 2.899850301409977682e+00 2.195127587438886696e+00 2.866776795803881228e+00 2.261566314213462103e+00 1.241717793350774590e+00 1.245753713378277228e+00
2.260873271453950117e+00 -3.019958623353697469e+00 2.618729051344053538e+00 -2.842244961720186591e+00 2.956045947020057074e+00 2.651873781224205029e+00 1.832057719120281147e+00
2.732392342355006054e+00 -2.662961173818158223e+00 2.946523488556438419e+00 -2.285508316006605867e+00 -2.697310194145520423e+00 -1.935721433276703207e+00 2.366216703384501407e+00
-3.095214046356377757e+00 -2.314315389722803928e+00 -3.007389083196807089e+00 -1.721473081941788053e+00 -2.102721266162290714e+00 -9.734141040194952410e-01 2.823044982536596414e+00
-2.643988499125618397e+00 -1.952547697856513498e+00 -2.612604255559769495e+00 -1.135329239758043451e+00 -1.516221599878779136e+00 -2.233280628932228506e-01 -3.100915307267528398e+00
-2.190901167135668182e+00 -1.600956022432333592e+00 -2.202841722230006294e+00 -5.210463477425973933e-01 -9.273920828831601071e-01 4.755902522588824066e-01 -2.948911786234908572e+00
-1.820204050623910108e+00 -1.290663586084772385e+00 -1.876496842734137527e+00 9.853619031020313668e-02 -3.659427248741178862e-01 1.182032585770028899e+00 -2.891663251816276148e+00
-1.691911303956746382e+00 -1.002694433632206117e+00 -1.732007380481170200e+00 -2.403769033086367912e+00 5.731020794359195647e-02 1.947217726881160793e+00 -2.590735564704694127e+00
-1.823321166671176607e+00 -6.632500756724217794e-01 -1.601919363823501863e+00 -1.773038746731782744e+00 6.686345969770091102e-02 2.874820981785827900e+00 -2.089153975819036280e+00
-1.681787032394258530e+00 -2.212420574675108553e-01 -1.243775637249890043e+00 -1.160781942697393987e+00 8.440582680993374831e-02 -2.088000966463997354e+00 -1.478762634885340210e+00
-1.291853498335387762e+00 3.013281515632233454e-01 -6.982610746177493333e-01 -5.492253635595497618e-01 6.240721310337252747e-01 -6.347147047947468979e-01 -7.722781090289845274e-01
-8.350388877144340194e-01 9.209755568269613057e-01 3.803460589410703752e-02 1.099904712731311907e-01 1.384437542951227895e+00 4.243356844402558226e-01 9.872347286456152615e-02
-3.879975137944300934e-01 1.767172497671054998e+00 1.677516342883311973e+00 9.512452700304928621e-01 2.190346172032050731e+00 1.274433122815293862e+00 1.507017815574032360e+00
-7.989199186563021582e-02 -2.857856413729451095e+00 -2.768295215642906371e+00 -2.478858320246629443e+00 2.947666325134051579e+00 2.021869942439801449e+00 -3.103863040636861914e+00
-4.999185567012999487e-02 -1.646593559422235842e+00 -1.978809049715099189e+00 -1.553440083393182736e+00 -2.671734136271043614e+00 2.678297528518229331e+00 -2.187923137867525902e+00
-4.841813470005851272e-01 -1.038102090196633354e+00 -1.345322793228339142e+00 -9.426862466648053829e-01 -2.114393780192195926e+00 -3.102822419448227453e+00 -1.540945114610582589e+00
-5.589925625979274004e-01 -5.895793744282871174e-01 -7.614074469180448501e-01 -4.149300293135594342e-01 -1.653308348667759109e+00 -3.003276285805323909e+00 -9.918651980193968765e-01
-6.015993062037480188e-01 -1.513578909841888920e-01 -1.937871234031585677e-01 5.399419652538398756e-02 -1.256946331937807804e+00 3.140584607157168140e+00 -5.188031439884089879e-01
-7.279838335929508242e-01 3.186605002596484826e-01 3.708382854158103759e-01 4.005181030907651873e-01 -8.784824964661317459e-01 -2.781383163241874179e+00 -3.458739899841098975e-01
-7.000337772492444266e-01 8.255718322251135444e-01 9.334406026915866850e-01 5.855727284288650969e-01 -4.805544370093356443e-01 -2.189747073366919317e+00 -7.644191722595206073e-01
-3.358903384294737449e-01 1.311395039427251996e+00 1.423338727418377303e+00 7.402550543851065257e-01 -5.741011492782474579e-02 -1.547779856393316944e+00 -5.512322390046463516e-01
1.523714172578344572e-01 1.715423180716404650e+00 1.571349039895011623e+00 1.072905548659160990e+00 3.738405656661747956e-01 -9.492143073097994987e-01 6.810212503482279689e-03
7.090638062553502596e-01 2.008456045182822614e+00 1.264798116139572937e+00 1.533901316402628279e+00 7.927331686179751591e-01 -4.773341782707276049e-01 6.293972522745591158e-01
1.260968986435341277e+00 2.279612744277423442e+00 1.518491081570030765e+00 2.051136196203234618e+00 1.184936410251693051e+00 -1.821888278987524035e-01 1.249857821605853125e+00
1.802922704333951520e+00 2.632289284925128037e+00 2.061806336617462154e+00 2.591550805013325576e+00 1.532612709698264020e+00 -5.208389315909113526e-02 1.871310829294040357e+00
2.328774641254118816e+00 3.033465056685811678e+00 2.671285624997499220e+00 3.133196488250589606e+00 1.825142166670042920e+00 -1.613849745301877692e-01 2.550697504898884027e+00
2.813777643705683840e+00 -2.850142523743283363e+00 -3.001280962291574372e+00 -2.597859322165814167e+00 2.110540824080255007e+00 -3.237338362162440197e-01 -2.925058950359869403e+00
-3.046522163911101977e+00 -2.515280399440662062e+00 -2.423359661698738066e+00 -2.072702561003583188e+00 2.466419368596294959e+00 -1.167126578283719379e-01 -1.996087638257736829e+00
-2.763142396849808335e+00 -2.233804157202897489e+00 -1.886532029341474015e+00 -1.584731453472088880e+00 2.926609970085410239e+00 2.440097295154795565e-01 -1.183144593822013091e+00
-2.540720612805487111e+00 -1.955128398333823903e+00 -1.395150676599737682e+00 -1.060277154286379808e+00 -2.775836566692282847e+00 5.024433796993643675e-01 -8.875500881298934441e-01
-2.268271644876303839e+00 -1.597524642749099888e+00 -8.839342958594486044e-01 -3.673879924515140449e-01 -2.049646990543255942e+00 5.323515978650625868e-01 -4.938262366798510383e-01
-1.873466862466152127e+00 -1.164322853213853204e+00 -1.945952965024834447e-01 4.576019017993815940e-01 -1.113221500890140936e+00 6.503341943844934692e-01 1.766704359985935002e-01
-1.416333819042477238e+00 -8.006645782563789338e-01 7.811734143522749418e-01 1.280402972852735966e+00 1.712784827524746756e-01 9.930210454807146814e-01 8.945070602717494213e-01
-9.418895908174932385e-01 -2.960114354381022661e+00 1.915636252005405771e+00 2.072193781325315065e+00 1.529732506866707142e+00 1.453216768863823782e+00 1.607711794254612414e+00
-5.821580219688241575e-01 -2.529161525874674243e+00 2.893455926276840007e+00 2.842203117087819475e+00 2.549349256574325207e+00 1.969117180307986326e+00 2.308638002771772779e+00
-2.792964282688960242e+00 -1.984769996918681167e+00 -2.572987933113564996e+00 -2.675685157273139492e+00 -2.912840704158443650e+00 2.507271281595704782e+00 2.990859656370043140e+00
-2.294230436550994678e+00 -1.392222409403484296e+00 -1.820635319922996986e+00 -1.883772188704288419e+00 -2.171763079198904656e+00 3.048365049051792397e+00 -2.632124866022393039e+00
-1.705949377767049802e+00 -7.670620304101796183e-01 -1.100726195510194572e+00 -1.074929915740937991e+00 -1.462740644121037104e+00 -2.694830372931538154e+00 -1.992033321759464570e+00
-1.102840111466838025e+00 -1.319898933496494176e-01 -4.182856287817027785e-01 -2.655994033098398877e-01 -7.722820688160360048e-01 -2.163434376351903943e+00 -1.365659263367053233e+00
-5.049766148422030199e-01 5.009757431426580254e-01 2.095303631636158126e-01 5.287196433803371676e-01 -1.086071744337452072e-01 -1.869376174519468581e+00 -7.623433555934128192e-01
9.816335828083891379e-02 1.081156152989529051e+00 7.681908645545587611e-01 1.259586204791096398e+00 5.077557673989743225e-01 2.960305268119690414e+00 -2.095517836142734847e-01
6.790346670746443269e-01 1.597245668133762120e+00 1.289261599947485681e+00 1.897961299093821275e+00 1.060736653663514328e+00 -2.830965336638007646e+00 2.865465006769055689e-01
1.306626721431113358e+00 2.097531754624408773e+00 1.834004623257178057e+00 2.420936263709153824e+00 1.574524942200245192e+00 -7.127908289380099904e-02 8.302961301357901780e-01
2.038694241456296297e+00 2.775606506174717047e+00 2.473041745259315416e+00 2.866735536599573031e+00 2.126210082488949826e+00 1.244376752568383981e+00 1.628495166977695030e+00
2.912663781462984769e+00 -2.591351362472276154e+00 -3.002148372407734023e+00 -2.892007303706161547e+00 2.768215841190203808e+00 1.948181305924708839e+00 2.591346865165991886e+00
-2.502715342695251088e+00 -1.755937588735667187e+00 -1.999849735148800711e+00 -2.290336912872211972e+00 -2.788917482318756136e+00 2.620212537503134431e+00 -2.853512047510270211e+00
-1.878230514796102479e+00 -1.001309961423807904e+00 -9.626237719461218090e-01 -1.628738207305552077e+00 -2.002847251497524184e+00 -2.963442417499977388e+00 -2.164601761593615059e+00
-1.320591912257419898e+00 -2.953199516764092869e-01 -1.298110562350274499e-01 -9.466906712756757436e-01 -1.186241013071031247e+00 -2.184770702632005346e+00 -1.558354326098244202e+00
-7.819253450074564737e-01 3.626624768060205950e-01 4.812928427666864906e-01 -2.454780288950677292e-01 -3.761897490843784664e-01 -1.267849366552827206e+00 -9.810998550338805302e-01
-2.881994405890904720e-01 1.053058809655320838e+00 9.891829046952193005e-01 5.111451601171643766e-01 4.007805716789971662e-01 -2.453436872980741534e-01 -3.975037824375887707e-01
1.970831845446038288e-01 1.794480930043367284e+00 1.484685389621137164e+00 1.292490572072916066e+00 1.137546435170245340e+00 7.060396329415403738e-01 2.312288440542925594e-01
5.685845687961518236e-01 2.645457646240404248e+00 2.005181970664429603e+00 2.106670850502235570e+00 1.838342797237396242e+00 1.497567560309764456e+00 9.806219353681464579e-01
8.475339683935662061e-01 -2.523054761417973690e+00 2.522414051260795098e+00 2.948405511341210428e+00 2.516817054203686066e+00 2.143233215543449255e+00 1.976814907851097702e+00
5.380987045376031119e-01 -1.112304067784076311e+00 2.963256063213239422e+00 -2.509457593780973550e+00 -3.079136857596908694e+00 2.659529689513533857e+00 -3.039136331537307889e+00
-8.048865177926858849e-02 2.313259181911463958e-01 -3.022262282278993961e+00 -1.674497996835947466e+00 -2.346980953909357570e+00 3.074075727554824944e+00 -1.983213363359831227e+00
-2.519732704725912223e-02 1.363971580214205170e+00 -3.012315527929575243e+00 -8.564040303988850189e-01 -1.560991111995583269e+00 -2.842563825191965599e+00 -1.219740011005151503e+00
3.765641457324923613e-01 2.312486583157770781e+00 -2.951258259684756080e+00 -1.127459661256843548e-01 -7.563365894863492978e-01 -2.382346296391141482e+00 -5.885886421180336336e-01
7.316930456041387254e-01 3.107021358495567931e+00 -2.663853076628607486e+00 6.992566523622818497e-01 4.530859419741818488e-03 -1.711728250489915393e+00 -3.641443636296981968e-03
1.147952132003511094e+00 -2.308868412880222820e+00 -2.159798833048993671e+00 1.332888591986728655e-01 6.937679391561487607e-01 -3.874629020372183930e-01 6.054067288863311802e-01
1.494820658554667947e+00 -1.521438969446304190e+00 -1.589500969628331317e+00 2.096116464940189494e-01 1.304566340775865418e+00 8.741897739005543011e-01 1.312826186203753576e+00
