1.547397536640785276e+00 1.556968781103635457e+00 1.677853227624123367e+00 1.612519362302138104e+00 1.614551134858788650e+00 -1.778258015088746147e+00 1.705079117993415050e+00
2.148775004005814004e+00 1.843578221602777623e+00 2.223420350135813184e+00 2.124636778827731831e+00 2.140424476068668369e+00 -1.303148294167804311e+00 2.506749533499922578e+00
2.640883626350647440e+00 2.184863938387628046e+00 2.712144052552937890e+00 2.580518014493061507e+00 2.583476007163608923e+00 2.658179562166238519e+00 3.123925385960564238e+00
2.953607482533971318e+00 2.626840266426867743e+00 3.122233951306684130e+00 2.864439974522229537e+00 2.850972335650959977e+00 -2.934927450093954171e+00 -2.731233668162726058e+00
-3.058882442147958791e+00 3.082247579831772111e+00 -2.771380317442526664e+00 -3.113724956222163165e+00 3.068635360815127999e+00 -2.405154768065997484e+00 -2.339528676559210929e+00
-2.879362959561305058e+00 -2.846036041639754988e+00 -2.521402297386476477e+00 -2.846535224253595953e+00 -3.070540790693762290e+00 -1.832650258268645249e+00 -1.956240184418405414e+00
-2.682824352685344138e+00 -3.061973907784298010e+00 -2.543615561973510353e+00 -2.552134716610781062e+00 -2.836094067465154023e+00 -1.339274361874962960e+00 -1.529674883957588660e+00
-2.522199703294716766e+00 2.782914999294892056e+00 -2.931443178601652377e+00 -2.574261387801640488e+00 -2.540825735257277174e+00 -9.819958322824229313e-01 -1.071353796860989860e+00
-2.285907574001872611e+00 2.998290984576263529e+00 -2.974711841511413990e+00 -3.063674110743550116e+00 -2.166531456723923554e+00 -8.128473744658821776e-01 -5.643911237529697367e-01
-1.967576724353058859e+00 -2.886400903676043406e+00 -2.684899410094852001e+00 2.990153436046545377e+00 -1.832266599296367371e+00 -7.545545644970325094e-01 4.752017979531078518e-01
-1.556898527582493363e+00 -2.462426769092336265e+00 -2.230643047167889748e+00 2.994144843859206429e+00 -1.809760291835798007e+00 -4.656964402224419985e-01 2.316542338398138501e+00
-1.094846483144765070e+00 -2.027416518217658226e+00 -1.702586190184389725e+00 2.965985035512877399e+00 -2.998416665906779688e+00 -1.819376377119113000e-02 2.981274325598992636e+00
-6.378563076136557486e-01 -1.590959868173775993e+00 -1.109491718280177786e+00 -3.069716561204583805e+00 -3.021322364985202125e+00 5.285610541917489247e-01 -2.798214125322308732e+00
-2.690633555388655673e-01 -1.168308227857035364e+00 -3.601579826959496744e-01 -2.685686352600814342e+00 -2.811551672110932820e+00 1.068243666985949858e+00 -2.507192584971261073e+00
-4.578284742863852341e-01 -7.909133608347304056e-01 2.629808106720783023e+00 -2.220609304413153851e+00 -2.547196658006143366e+00 1.562304919193578501e+00 -2.550094277594863623e+00
-7.326513668107442756e-01 2.857156839133488280e+00 -2.715986300244795260e+00 -1.725047258050573573e+00 -2.335814217626213107e+00 1.911828235972148571e+00 -2.491079550954078403e+00
-3.567136790844043226e-01 3.131970798478392215e+00 -2.094911070074900294e+00 -1.190175243949053163e+00 -2.341361248492283664e+00 2.055817432188294713e+00 -2.260612658024643284e+00
2.778599325631803119e-01 -2.687571304563006525e+00 -1.551540907061589314e+00 2.627499762105100611e+00 -2.633053384296727639e+00 2.278888844964744642e+00 -2.461076342649910487e+00
9.529040322649233730e-01 -2.157503324415062984e+00 -1.027026049426235765e+00 -3.049118298525749005e+00 -2.564797938040181968e+00 2.701575757999992167e+00 -2.652467239219713058e+00
1.623747334939656728e+00 -1.605712757288900727e+00 -4.517755937656955934e-01 -2.415980078652336882e+00 -2.273300033775931706e+00 -3.075174566779372842e+00 -2.279470099513886794e+00
2.222254162511057451e+00 -1.967120422609635488e+00 2.267768421682550828e-01 -1.768675588643087604e+00 -1.948266477073009373e+00 -2.692701080442602368e+00 -1.734036519933282561e+00
2.704028945990191168e+00 2.947325231710737459e+00 1.050156578358341752e+00 -1.132635742483513175e+00 -1.672533998573956016e+00 -2.955132737979833113e+00 -1.153844963372402832e+00
3.082247696436147155e+00 -2.781199889757013821e+00 1.987778253903044634e+00 -5.287666735680368602e-01 -1.376322002361360042e+00 2.876188264838996478e+00 -5.834908662093807319e-01
-2.917121121782666027e+00 -2.205908463533128749e+00 2.939157825424361548e+00 -1.924148047964943653e-02 -9.616064833008981516e-01 -3.047642411490031567e+00 -4.807407286391485179e-02
-2.605246963266723448e+00 -1.655372304323719179e+00 -2.439985731550527337e+00 -1.888016879979997231e+00 -4.501286976955180541e-01 -2.540128920212537000e+00 3.544707667187199651e-01
-2.246963759946885908e+00 -1.160292136362643500e+00 -1.570359773555076721e+00 -1.682374504397816439e+00 9.254479647095305295e-02 -2.064259717943100370e+00 -9.241906757210387457e-01
-1.861092008860132818e+00 -7.539073591309050082e-01 -6.764142272306795656e-01 -1.263063638694060131e+00 5.835880985638564056e-01 -1.828298171404066919e+00 -1.281402088842682252e+00
-1.521390726335775767e+00 -4.307338158531050509e-01 3.013646837049998584e-01 -8.947751923118757444e-01 1.075769365654422050e+00 -1.853432568892307009e+00 -7.708088262656401790e-01
-1.226158508306784745e+00 -4.476492899202473841e-01 1.333848351219425021e+00 -7.169563426340124224e-01 2.031421270291092540e+00 -1.668048896852602603e+00 1.018608845186749351e-01
-8.688981401312476649e-01 -2.552962347957821176e+00 2.314874854445199137e+00 -2.509569800153486963e+00 -2.851251171926947769e+00 -1.324593474069027499e+00 2.398871418074486783e+00
-3.669700759355363773e-01 -2.051699634582482279e+00 -3.081672591281007012e+00 -2.208478094024063587e+00 -1.951012868652333143e+00 -1.069101823329687173e+00 -2.645445157469112019e+00
3.729969574566440738e-01 -1.506265853506199903e+00 -2.277993892689752276e+00 -1.661008728644697285e+00 -1.246629735307602793e+00 -1.010905518009412418e+00 -1.862108074300548477e+00
1.362565722619838438e+00 -9.878457216373632832e-01 -1.547617950241836793e+00 -1.092876789105740487e+00 -6.388466577149312098e-01 -9.139087441815754165e-01 -1.194223349005328894e+00
2.362324591701247201e+00 -5.408760944219531686e-01 -9.007493240734408824e-01 -5.830515084718772556e-01 -1.604047703455945550e-01 -6.773752503209241604e-01 -6.407646787835160618e-01
-3.139102373723629213e+00 -1.717380593000234490e-01 -3.555325011786372724e-01 -2.345098917168839947e-01 1.019682649315182821e-01 -3.945905001938880274e-01 -2.487849743011187609e-01
-2.518983109198188242e+00 1.828407749196449827e-01 9.302994872142315852e-02 -9.613895894570424761e-02 2.319442566280224827e-01 -1.041487451824007482e-01 -3.085413453690323896e-02
-1.967797858218022000e+00 6.106648115299404544e-01 5.007742923375947397e-01 1.881146728710172619e-02 4.571865062551535019e-01 2.292837341686594643e-01 1.425986507592023611e-01
-1.502775507774121611e+00 1.126050328425275859e+00 9.506796619940218740e-01 3.286342529761828168e-01 8.152168211961621225e-01 5.978641171681893240e-01 4.534751396478391983e-01
-1.233396614230773958e+00 1.699105373771215177e+00 1.478621678219454116e+00 7.522683751213148362e-01 1.226227738701855197e+00 9.889664652971380532e-01 9.092074205433711143e-01
-1.331249000750617917e+00 2.281317723341045767e+00 2.079251956246489730e+00 1.219505217419875498e+00 1.656066933848343359e+00 1.383399423863841404e+00 1.467165944701063651e+00
-1.346809761839492303e+00 2.764896461803035166e+00 2.724466088518471274e+00 1.689338561624686319e+00 2.078768025139512421e+00 1.763294601192803013e+00 2.095434586105117347e+00
-1.025410490775436223e+00 2.674241459615984251e+00 -2.911745513252088191e+00 2.148262184767904426e+00 2.409605048184751297e+00 2.063520286575613483e+00 2.769761636954318984e+00
-5.812421019193981797e-01 2.469216832660595884e+00 -2.315473714221114143e+00 2.575519990571528250e+00 2.381666469901302374e+00 2.134125923426236859e+00 -2.824338244186447966e+00
-9.670316157058374273e-02 3.131302723627173989e+00 -1.831447495692456240e+00 2.992154089692969254e+00 2.118867041489643555e+00 1.671468787956927660e+00 -2.183225517450644304e+00
3.826310065322643950e-01 -2.236675784368399977e+00 -1.475995690678623129e+00 -2.743455519504101936e+00 2.313888524085077503e+00 1.302418663502885321e-01 -1.691374709313101965e+00
8.658941430095420388e-01 -1.273317109447345885e+00 -1.149415209651943659e+00 -2.049956101589580193e+00 2.647973459164534304e+00 2.871442895826084585e-01 -1.305427186136529860e+00
1.110927921739682134e+00 -3.493180132115593084e-01 -7.468027980070012228e-01 -1.264253752383245333e+00 2.910600926346455619e+00 7.439198990851624282e-01 -5.263877207634189981e-01
-1.154187390803887103e+00 5.196803500333788683e-01 -2.775174428302346619e-01 -4.421608012586070169e-01 2.930438804059906310e+00 1.270021500274138848e+00 4.730392997121448118e-01
-6.931938223938276522e-01 1.337126630743998623e+00 -2.346258439007960772e-01 3.884018495270893934e-01 2.718508748014490717e+00 1.821322944890537032e+00 1.335950428945068769e+00
-2.146001033937469660e-01 2.078637433112487276e+00 -2.180803726133865084e+00 1.233623668509648441e+00 2.642774670737295217e+00 2.374123907236630693e+00 2.087222266809118487e+00
2.333365773041564950e-01 2.677560594604130539e+00 -1.779581307769246390e+00 2.098423985614251919e+00 2.800339687099267394e+00 2.898739654557987322e+00 2.769773542935137112e+00
6.834883327382880180e-01 3.139064433182593650e+00 -1.501435414766643550e+00 2.989482113165887966e+00 3.052890330649686845e+00 -2.928256265608069953e+00 -2.889154459043184353e+00
1.136700730632146383e+00 -2.495002323443181957e+00 -1.323880650000845538e+00 -2.388199391549056028e+00 -2.913794431548792474e+00 -2.618931477993386547e+00 -2.321735692200622481e+00
1.584849086120383221e+00 -1.627196327168734191e+00 -1.082258981638232198e+00 -1.540965506149401421e+00 -2.545957483524735387e+00 -2.547057621837613528e+00 -1.820149423336453687e+00
1.877486675187312493e+00 -8.445815770292997016e-01 -7.456488377461080175e-01 -8.328773605421925241e-01 -2.129014874695769777e+00 -2.576544257491981682e+00 -1.391061247574343573e+00
9.889970675393220390e-01 -2.091009434917543985e-01 -3.497712062341551964e-01 -2.967819570762980086e-01 -1.688681938370196089e+00 -2.355393767585918230e+00 -1.020736302213220759e+00
6.543876600520647235e-01 3.535559767339776505e-01 9.131472001673322791e-02 1.053778984840780253e-01 -1.239369221019323453e+00 -1.926995631334056824e+00 -6.376895270277332939e-01
9.766896410112154703e-01 9.070982370795330763e-01 5.776058255346768755e-01 4.895458327512358654e-01 -7.762058582487234570e-01 -1.406695239321482216e+00 -1.589522059508267915e-01
1.393709498972554695e+00 1.464433949121426437e+00 1.101824557915782821e+00 9.176676927515557969e-01 -2.847647297137046452e-01 -8.852596272677678568e-01 4.297293544368917528e-01
1.856657324610675897e+00 1.985720743253832632e+00 1.648594123952219270e+00 1.395879514554273060e+00 2.480184628516201306e-01 -4.737741963450134985e-01 1.106372145464135315e+00
2.286602093160103433e+00 2.405134072948586166e+00 2.184138732833791785e+00 1.880078911088139737e+00 8.082273439916025648e-01 -1.942841796555614398e-01 1.833731335177356314e+00
2.477772500418978119e+00 2.700982109141449872e+00 2.660920072245314572e+00 2.334464607031627281e+00 1.386054814237114297e+00 2.172656386086994629e-01 2.565619475349913525e+00
2.269898637286918319e+00 2.991868241905018877e+00 3.064230935993378147e+00 2.769160421427193430e+00 1.973385159868654037e+00 8.840087862862106016e-01 -3.037623597553052335e+00
2.330727610146582141e+00 -2.897481867489783092e+00 -2.810458859127515474e+00 -3.056021405297526083e+00 2.594968912352094481e+00 1.723482583158374881e+00 -2.455979972265847966e+00
2.721144081630904044e+00 -2.435011245099285571e+00 -2.305950152461792246e+00 -2.536138607864215189e+00 -2.994158463852014229e+00 2.702294690576090730e+00 -1.939388319078039657e+00
-3.063045799331824970e+00 -2.010696382640537738e+00 -1.724221055938637504e+00 -1.951661407264361436e+00 -2.242040123038922417e+00 -2.499067338863999677e+00 -1.416432736901069189e+00
-2.526983906543384784e+00 -1.897693364177038600e+00 -1.148279357553601221e+00 -1.289938831872714964e+00 -1.441436020429622156e+00 -1.448680141550263034e+00 -8.571477294621238086e-01
-1.992284415513217999e+00 -2.164488122511845525e+00 -6.913215516280439843e-01 -5.229497693474775000e-01 -6.064297160235344597e-01 -5.205363863955688730e-01 -2.508413683045480069e-01
-1.484973737883079625e+00 -1.972444005670986877e+00 -4.272883855726378188e-01 3.828456671215632601e-01 2.449102812461251277e-01 2.949302424275062617e-01 3.898711450655517052e-01
-1.064878736423828354e+00 -1.575158664131588226e+00 -2.366863981086112789e-01 1.412184323451527668e+00 1.092772920399302850e+00 1.008200986689369305e+00 1.024883941176814250e+00
-9.207143306278594563e-01 -1.188579077707887510e+00 4.745796994505639688e-02 2.422828408679364554e+00 1.901240246902996756e+00 1.565909529822748780e+00 1.575091009429879563e+00
-1.343101845136686956e+00 -7.251697453128456150e-01 5.011538629623168983e-01 -2.957752438410830909e+00 2.635851073056107108e+00 1.649198661650542297e+00 1.932730397855967786e+00
-1.473421728137057407e+00 1.858337148950934409e-02 1.104430473859167261e+00 -2.109163731314644963e+00 -3.005530681163524065e+00 1.440869285932250943e+00 2.180094074462464615e+00
-1.160598817471366173e+00 1.076376998174694899e+00 1.794901767301860351e+00 -1.107736504963828139e+00 -2.419301192976115455e+00 1.825594586368914918e+00 2.616327227228004926e+00
-6.463929264840563294e-01 2.103092519264728288e+00 2.512791329924138672e+00 5.975075939151556215e-01 -1.718100521952986126e+00 2.382126964413351811e+00 -3.055840420973831684e+00
-1.800691363103719064e-03 2.856300339574154634e+00 -3.077480426040250627e+00 1.691865172588192578e+00 -6.313615516404736949e-01 2.866268119391897073e+00 -2.391900766595493444e+00
7.352902001174279611e-01 -2.879798489090378943e+00 -2.466224941477505261e+00 2.369236495278816967e+00 1.122492356422738036e+00 3.059086043749813300e+00 -1.763525147770223178e+00
1.549806870038728412e+00 -2.459802421323620703e+00 -2.007036842632770046e+00 2.975644270163108729e+00 2.400450774165914236e+00 3.033691263765126767e+00 -1.285407995074431931e+00
2.411647277367217956e+00 -2.113556212729789330e+00 -1.723200194756523862e+00 -2.725800931900248081e+00 -3.007316738395747979e+00 -3.015954506188497142e+00 -1.394126162636383892e+00
-3.020487026083647830e+00 -1.773834216933165564e+00 -1.475695746593299829e+00 -2.171731648881505272e+00 -2.271983689563639608e+00 -2.567908787467066301e+00 -2.017274868402830990e+00
-2.237396485723916584e+00 -1.373219008166844279e+00 -1.110966166095253005e+00 -1.650316481548735670e+00 -1.594817650112289265e+00 -2.024059187355131240e+00 -1.796941378427813873e+00
-1.563664613702175243e+00 -9.016186140129114346e-01 -6.140205681621460077e-01 -1.202308577571588266e+00 -9.736756086180332614e-01 -1.405709870050957599e+00 -1.369457587073487081e+00
-1.036967980664077027e+00 -3.820062281284845040e-01 -2.733489044184098798e-02 -8.888565141365870614e-01 -5.198161771127234321e-01 -6.606041057132140404e-01 -8.444420238756608077e-01
-7.540513795329024660e-01 1.895062043059478618e-01 6.145881133793907880e-01 -6.366002710962910260e-01 -4.702129226803088979e-01 3.159760813770515209e-01 -1.457997314566052138e-01
-7.371019671098689718e-01 8.778881775233180473e-01 1.301810822382565069e+00 -2.740323238532020866e-01 -4.222113597032289833e-01 1.376160372661665798e+00 7.893525294128774794e-01
-5.653547779386878247e-01 1.890102479174164296e+00 2.028230278071088577e+00 1.457123234537102408e-01 -9.193493342614152131e-02 2.277544349674569535e+00 1.923482605170150128e+00
-1.391006673130546767e-01 -2.715362861674404993e+00 2.765979249057167966e+00 7.748745296469426724e-02 5.099403316389813229e-02 3.065546951746296767e+00 3.078815241464501362e+00
4.267996544761250566e-01 -1.475983646583669540e+00 -2.811408625171166076e+00 -6.370883566822542754e-01 9.026941525235536445e-02 -2.492658633104256616e+00 -2.162944658232357487e+00
1.079446869738248438e+00 -6.623416798299174291e-01 -2.179330376220097065e+00 -2.886857230074169056e-01 4.926299859142482807e-01 -1.824593343766478304e+00 -1.243062755685719667e+00
1.935009323253169100e+00 -2.268383626179728066e-02 -1.644429327492778370e+00 2.156680187359542589e-01 6.568416792582956187e-01 -1.218829318031528164e+00 -4.288644108883254980e-01
-2.522271962497519393e+00 4.557118558214807158e-01 -1.191669764894730310e+00 6.717033794227115218e-01 -6.723832758247914043e-01 -6.899625108414363384e-01 2.918602662523819835e-01
-1.205010857588121764e+00 7.627217853563694749e-01 -7.860860715049010627e-01 1.083310235360476881e+00 -1.123668104594365696e-02 -2.932422309974320740e-01 9.783207674644467389e-01
-5.078354263424778026e-01 9.483212921864561107e-01 -4.418920005145131613e-01 1.564930213951620130e+00 7.409180874516426707e-01 -2.857092670328168493e-01 1.759023036552189501e+00
5.382097243005989212e-02 5.372523677852308888e-01 -2.386915321427456604e-01 2.253649693993387881e+00 1.477120021759405377e+00 -7.429871160834051746e-01 2.664124247786928468e+00
5.333591200070939564e-01 -3.850594048136710135e-01 -1.246905802350922743e-01 -2.916029240692600055e+00 2.158823313112856024e+00 -5.725426534016038183e-01 -2.776955724734130548e+00
9.349394996980483485e-01 -2.533164686733452298e-01 5.893405736963162889e-02 -1.714665642249660227e+00 2.756683860477608050e+00 -1.615123497824866861e-01 -2.170298715714656268e+00
1.225634620992281487e+00 -1.156237037241296048e-02 1.809863795965863664e-01 -9.923936039434582135e-01 -3.033931857752663053e+00 -2.950271673327916067e-01 -1.826618045308003202e+00
1.331244008512171728e+00 2.429111774513540434e-01 2.444971914578858152e-01 -5.621785576692663877e-01 -2.619232419788584565e+00 -1.500750632682025021e+00 -1.593262946493257060e+00
1.172201402048792973e+00 5.252190966321507171e-01 5.298330567966688109e-01 -2.852030355213877599e-01 -2.165447273556549757e+00 -1.091600600771746921e+00 -1.256934246346877559e+00
9.929822759974243906e-01 8.471930719467741788e-01 9.941418273030585562e-01 4.495644897543587398e-02 -1.601318285153213727e+00 -5.918937747113767189e-01 -7.907910258234496226e-01
1.115075671380831190e+00 1.220609480042946116e+00 1.511546975145357186e+00 4.943372093220753105e-01 -9.366207091411226093e-01 -1.316551357713315051e-01 -2.609702490426715760e-01
1.467367817845610656e+00 1.644225555900389768e+00 1.997252743708213263e+00 9.930836529285469449e-01 -1.869490952180683507e-01 2.098410414345795727e-01 2.634125912351965582e-01
1.926181032948474980e+00 2.111059386248707703e+00 2.349554371153276477e+00 1.462740927382883749e+00 6.900576006541400131e-01 4.226305327483722007e-01 7.260163262062063749e-01
2.420440578523304520e+00 2.621857645536470827e+00 2.454465703456576442e+00 1.869408980293521205e+00 1.866302098258593611e+00 7.118601293364195115e-01 1.132469043814203324e+00
2.916669583756142714e+00 -3.102080366052668570e+00 2.514352136075663324e+00 2.251501644888572073e+00 3.129685983486279799e+00 1.214469497945952936e+00 1.583648503882823855e+00
-2.879935767549494763e+00 -2.493252862551801119e+00 2.804928421412908879e+00 2.673766845805484405e+00 -2.310506827491216608e+00 1.897847710744423155e+00 2.146057393077263953e+00
-2.407849276710106068e+00 -1.801672866329229850e+00 -3.035739858051424100e+00 3.136455507455190528e+00 -1.679176453739864350e+00 2.785199582425403886e+00 2.785704237944269135e+00
-1.977965988210193427e+00 7.546551479709177057e-01 -2.544688200301026715e+00 -2.703766647484891372e+00 -1.130785433938213735e+00 -2.139608309261606056e+00 -2.842694715353291546e+00
-1.664735539203863857e+00 2.044773195995845505e+00 -2.088483420641224608e+00 -2.335018491527109497e+00 -7.118789950534047950e-01 -5.817329969015411217e-01 -2.218761964616124072e+00
-1.607852892323631266e+00 2.602092045078403082e+00 -1.799716285477491962e+00 -2.041480020767590720e+00 -5.838644367826602011e-01 3.451381165301847798e-01 -1.645558378934029120e+00
-1.761441974953876333e+00 3.119859943475689512e+00 -1.840783893682827133e+00 -1.794493354244552474e+00 -6.081118074909906968e-01 9.358547494141045142e-01 -1.140939070709005909e+00
-1.827125416302770811e+00 -2.634230511809790176e+00 -1.875173256868044369e+00 -1.578474213800864501e+00 -3.692291127939271167e-01 1.280005327997671971e+00 -7.895432479795502223e-01
-1.965392469862628610e+00 -2.118577085895137824e+00 -1.635238502248818504e+00 -1.302141271684184920e+00 4.456129751082506252e-02 1.210262082284198959e+00 -7.054300196137420764e-01
-2.229268557397692696e+00 -1.804227336955857908e+00 -1.311184471995891165e+00 -8.921074680024403403e-01 5.145313110322566885e-01 5.330005019327908045e-01 -6.104823701162843674e-01
-2.167952153419653527e+00 -2.723185760126979993e+00 -1.074440706259879308e+00 -3.710478417710516008e-01 9.627227511508346103e-01 5.017435414672563043e-01 -2.774155036755211468e-01
-1.861908203174291287e+00 -2.681254055533507596e+00 -1.028449467684046548e+00 2.478888088866021411e-01 1.316706505575338859e+00 8.651133369149556218e-01 1.801438621108502613e-01
-1.493803634810040304e+00 -2.185103754669757592e+00 -9.778744398102067192e-01 1.016139284797010101e+00 1.574379882942871012e+00 1.358939899431931053e+00 6.887508931454472405e-01
-1.210152450080319353e+00 -1.668265255308088113e+00 -7.518675118964290860e-01 2.065218638386394634e+00 1.873502760406365208e+00 1.900188410250995830e+00 1.238084068739934818e+00
-1.219919175523771715e+00 -1.226438344974801975e+00 -4.890895506492113909e-01 -3.010138844385815915e+00 2.264066736809676961e+00 2.450069564167883129e+00 1.857881791374739189e+00
-1.381957063713852962e+00 -9.370758083965028407e-01 -3.475318450069218579e-01 -2.076366900332671239e+00 2.654892391148304220e+00 2.987204908936359260e+00 2.695521254788003418e+00
-1.247533208965980966e+00 -8.883467668482045720e-01 -2.994319789526624365e-01 -1.392002066701142571e+00 3.018408911964287622e+00 -2.788999253517006061e+00 -2.013440853067191227e+00
-9.633469087117054741e-01 -9.185983203054390867e-01 -1.563164504664890653e-01 -8.332566739680751233e-01 -9.441416134168264529e-01 -2.332697455489712191e+00 -8.182112552133916639e-01
-6.570581970848611286e-01 -7.056480996856724364e-01 1.000439857653678821e-01 -3.093653283406425092e-01 9.448085864910948928e-02 -1.929002115373992687e+00 -1.580503573397989969e-01
-3.216547987259635311e-01 -2.925909447370630412e-01 4.320223415732080130e-01 2.391028581011335752e-01 6.688795339696411713e-01 -1.470189388736681257e+00 4.069721631191836053e-01
7.822931499505658692e-02 1.946813588060026246e-01 8.251055159430830122e-01 8.133830989576322779e-01 1.261123589633662112e+00 -6.556662472658114638e-01 9.589153816240011396e-01
5.249513226056834458e-01 6.291209094975300786e-01 1.255752135691282634e+00 1.355336487580845350e+00 1.853761444577581408e+00 7.435995256423458821e-01 1.485217419789190751e+00
9.181038103190144462e-01 8.508086184659431339e-01 1.700203911388619815e+00 1.701021096117648401e+00 2.410429868523209507e+00 1.449545719993806880e+00 1.961220309728423317e+00
8.911617784412271259e-01 9.135202473107503218e-01 2.153786119231131391e+00 1.585165664740351810e+00 2.865033431248002138e+00 1.809088335706845685e+00 2.393353932030045428e+00
3.768625882762974832e-01 1.162415992584220792e+00 2.603496969557346219e+00 1.601598582945709559e+00 2.985807681134465597e+00 2.231789886679320656e+00 2.797928817635031429e+00
6.023824844538459011e-01 1.579046498931054199e+00 2.970006812012021769e+00 1.999481137710092948e+00 2.529154989858013902e+00 2.732394346695669274e+00 -3.135530137889644742e+00
1.082422810410718528e+00 2.049579062172822042e+00 3.055609160283817349e+00 2.518670089467150319e+00 2.619700541709014896e+00 -3.013163303570407958e+00 -2.877150168369588812e+00
1.634180643375590769e+00 2.524131291076921357e+00 2.893340609664939667e+00 3.061026308181242328e+00 3.052172127663494106e+00 -2.461841739242577543e+00 -2.658845642860414138e+00
2.244885745467709803e+00 3.003721147666858826e+00 3.010172250696470098e+00 -2.686820037185681631e+00 -2.695819244956264793e+00 -1.919762454627220949e+00 -2.388727935853286688e+00
2.962313561082597690e+00 -2.779434645254885705e+00 -2.946223135298867479e+00 -2.166147419098806370e+00 -2.109223638070508500e+00 -1.402163027372749893e+00 -2.051651581344581921e+00
-2.384219737151456631e+00 -2.295865341304366591e+00 -2.579775121338312438e+00 -1.664929886711207452e+00 -1.493336885840097494e+00 -8.954586742604718763e-01 -1.676619628166976961e+00
-1.158592042636416908e+00 -2.147758143649391105e+00 -2.307822265803085582e+00 -1.197119010223935298e+00 -8.756327798513352523e-01 -3.652351685426311056e-01 -1.299419550642486154e+00
-9.232931338838222535e-02 2.747054562344149797e+00 -2.263833909981038506e+00 -7.758837051237891247e-01 -2.861092907288448339e-01 2.119426064317560532e-01 -9.547577297162751497e-01
6.502319346279903378e-01 2.965771644760827108e+00 -2.280204302857345766e+00 -3.610119786371662198e-01 2.728479487195407671e-01 1.047450800121831671e+00 -6.599104348823895405e-01
1.247395225790929763e+00 -2.894905310066738124e+00 -2.081835662169006174e+00 2.109066923304255825e-01 8.834356947879919986e-01 -1.851927369642408339e+00 -3.905742887168995314e-01
1.803875492636947131e+00 -2.460148834689205088e+00 -1.785107910068310266e+00 1.406018648680742222e+00 1.653214905721557937e+00 -1.238187584774711691e+00 -1.875096020980473455e-01
2.359177858313080911e+00 -2.050220160861609742e+00 -1.552204281058731539e+00 -2.902828982223308874e+00 2.561646231143088315e+00 -6.850649835742230742e-01 -7.467824787277587140e-01
2.920957496359572581e+00 -1.672083992128746477e+00 -1.374563798355019184e+00 -1.851503753924709894e+00 -2.759559153053748659e+00 -2.142688058032028720e-01 -1.136613846194804101e+00
-2.812906000737245726e+00 -1.310953587846660495e+00 -1.094770554970258880e+00 -1.032471602693810331e+00 -1.769732656371334700e+00 1.818869394409714790e-01 -7.205847919401566770e-01
-2.348266831320670267e+00 -9.550582690841098454e-01 -7.210968016434946559e-01 -2.826456710023136365e-01 -6.823648612186231643e-01 5.998626577052121878e-01 -1.637638013517545843e-01
-2.248803022250560169e+00 -6.020217693723055596e-01 -3.487823553440595470e-01 4.379376488548291091e-01 6.370903852179868876e-01 1.114208449032855652e+00 4.216222275157257560e-01
-3.136386880918539344e+00 -2.496299738396921264e-01 -1.623881357495363109e-02 1.168408793554743808e+00 1.945884992715872341e+00 1.713597798057055588e+00 9.946747065108765273e-01
2.860910505531170323e+00 7.586982194589325657e-02 3.086979560364163655e-01 1.945900089399949628e+00 2.926992923930683776e+00 2.364830756684597635e+00 1.462952060644607588e+00
2.981857305490189791e+00 2.831249332276562503e-01 6.820206948369599287e-01 2.780265270095465535e+00 -2.573554763926072297e+00 3.039184363507072995e+00 1.358233126031026528e+00
-2.957808791564246143e+00 3.036801992753221380e-01 1.161513969998490436e+00 -2.683717933525614274e+00 -1.893519728003966396e+00 -2.580329863152451608e+00 1.086579383182274761e+00
-2.437309350558027443e+00 3.619632597006451902e-01 1.764594685038112010e+00 -2.090834008795114496e+00 -1.298955172622821896e+00 -1.956413729755090314e+00 1.609395029752759498e+00
-1.773542377383703794e+00 6.618681108723628581e-01 2.445818551439206345e+00 -1.585543506991896834e+00 -7.934194658340931738e-01 -1.332057055640928578e+00 2.338628641647971129e+00
-9.890619856138544996e-01 1.188836693050976834e+00 3.119296459295923807e+00 -8.683155097264684263e-01 -3.245471889705903168e-01 -6.059471365577375757e-01 3.099824930806552636e+00
-9.800666185146257592e-02 1.928941703923634066e+00 -2.620587207075359082e+00 -6.532059130273829006e-02 2.256469557118655211e-01 2.847304811514035361e-01 -2.474221341233494798e+00
8.759142257612008153e-01 2.944273892743241472e+00 -2.311973320584274294e+00 7.195596970716282570e-01 9.224834030003831176e-01 1.400665765445814559e+00 -1.864832142291018569e+00
1.870495722823303897e+00 -2.026078213654189497e+00 -2.073447509250941678e+00 1.428183605567473702e+00 1.763936159066567422e+00 2.762800381057453070e+00 -1.328203040854543104e+00
2.813584277064668182e+00 -8.554936221363910187e-01 -1.718462634995717053e+00 1.990287888725933652e+00 2.703668854937213872e+00 -2.234553554744936221e+00 -7.973036900911698588e-01
-2.601516976832682460e+00 -2.877973282614744790e-02 -1.316918579074970674e+00 2.176478914209063920e+00 -2.621747123043495442e+00 -1.186518170327476751e+00 -2.566451324070138096e-01
-1.796306024669651391e+00 4.300949487904269786e-01 -9.338492983419726112e-01 1.814543516684400393e+00 -1.687145027035462208e+00 -2.589945271982400099e-01 2.806806061415366704e-01
-1.038840967787114211e+00 3.313547207269556538e-01 -5.645966411792776585e-01 2.017762338598644511e+00 -7.310900726326737820e-01 6.395400359865751616e-01 8.305133733706210331e-01
-3.147382947740101633e-01 3.812518140167016623e-01 -1.763146910903211351e-01 2.546847494384959720e+00 4.625801822591372736e-01 1.575047911669403389e+00 1.535297237702499817e+00
3.927342274475856820e-01 7.637712907251669181e-01 2.401109301826209186e-01 -3.116377772689714831e+00 2.218204785149159530e+00 2.582636492669507344e+00 2.951091251190716136e+00
1.097633650677392270e+00 1.211584777916855371e+00 6.553792337103911958e-01 -2.475656702235319084e+00 -2.820210010287779401e+00 -2.707352243541848669e+00 -2.074202194561492796e+00
1.817860514343837552e+00 1.655659363862799216e+00 1.001284538153497827e+00 -1.856852547538567322e+00 -2.018803421712344282e+00 -1.857862291576290348e+00 -1.379786080169539852e+00
2.584804080074933008e+00 2.125842308077902754e+00 8.371389634415862258e-01 -1.283526421642369408e+00 -1.386892144468195864e+00 -1.191140165291607156e+00 -8.413833150865085431e-01
-2.859028881455857096e+00 2.704934510444404250e+00 -4.743132158665205322e-01 -7.656052386969269818e-01 -8.526394684308472582e-01 -7.178489289756663227e-01 -3.896879680848344130e-01
-1.994074246316814403e+00 -2.574125305260861030e+00 -2.481197084130230546e-01 -3.134811128294212046e-01 -3.824337122331107897e-01 -3.921594620041941037e-01 -9.278468369196541179e-03
-1.201035745541707334e+00 -8.144577404209841776e-01 1.525688984385637492e-01 7.044260776375838029e-02 6.047295333963371294e-02 -7.373880566354426569e-02 3.371037012267503186e-01
-5.037652831325609704e-01 1.145108364442130010e-02 5.734711089208096579e-01 4.291560231530578418e-01 5.156595805454660120e-01 3.367114296854852862e-01 7.215937241652068401e-01
1.144531649571762233e-01 4.926326567964072201e-01 1.007716681544112980e+00 8.240768177135819883e-01 9.992141578334318153e-01 8.590577742870421085e-01 1.191196526829343849e+00
5.834059756099059246e-01 7.889279664209383203e-01 1.463438076279477196e+00 1.254897882689550714e+00 1.487738203896953104e+00 1.481169419074484184e+00 1.735642033594267275e+00
5.488629428466594851e-01 9.076251213826085351e-01 1.910724563502415263e+00 1.671627590739073854e+00 1.919405341241371188e+00 2.179862314431661119e+00 2.318663679794952692e+00
2.888494253575633608e-01 1.080537260638101404e+00 2.268790569874544527e+00 1.987808390729582930e+00 2.113634037341075356e+00 2.964427938911191607e+00 2.898019776735706987e+00
6.060707293718873290e-01 1.440468096253616936e+00 2.428966298101025156e+00 2.072155616703522441e+00 1.696512581473717418e+00 -1.866122115093872935e+00 -2.866941302943093017e+00
1.088720221412543765e+00 1.901486738806188681e+00 2.464189964843825020e+00 2.006660266987807084e+00 1.575781208816405599e+00 6.308382067776552304e-01 -2.549076340999331780e+00
1.588425208774962627e+00 2.385369237594630487e+00 2.639565683567716370e+00 2.145070570701176571e+00 1.882015669826238469e+00 1.422552845888751749e+00 -2.840903578860042966e+00
2.070307664399479552e+00 2.848102757433406129e+00 2.960536812398482542e+00 2.472731170049439431e+00 2.293108188801713521e+00 2.079790856408483268e+00 -3.117122604729628321e+00
2.530429816736717186e+00 -3.019338098324781949e+00 -2.945812959305908141e+00 2.881081169984955892e+00 2.724598159088444937e+00 2.705762407678585113e+00 -2.869579346755739557e+00
2.967933870078609093e+00 -2.661007169754356472e+00 -2.568359982538561237e+00 -2.969230698129645685e+00 -3.133647840754078207e+00 -2.961803710837841663e+00 -2.493302426625032986e+00
-2.917326499192815614e+00 -2.349258009460333252e+00 -2.225733519470460386e+00 -2.542916467218359067e+00 -2.742917709125346271e+00 -2.365914032996178751e+00 -2.108300504143035159e+00
-2.582561275583227456e+00 -2.069559315234264396e+00 -1.940804956921844182e+00 -2.132197561711488554e+00 -2.425920439943721973e+00 -1.816418229432343434e+00 -1.745099680031983791e+00
-2.315031549776382036e+00 -1.841968427223027893e+00 -1.706259049774645487e+00 -1.736939741571272400e+00 -2.209869384134317993e+00 -1.307081336642319735e+00 -1.404079040322204319e+00
-2.078904063212591691e+00 -1.727622929048661993e+00 -1.493179652666313251e+00 -1.355368935124168228e+00 -2.002474495965616885e+00 -7.578957692474441732e-01 -1.074768664120212991e+00
-1.832314782952883192e+00 -1.697218253849732683e+00 -1.311551723909607503e+00 -9.723351173646507251e-01 -1.669319271479220879e+00 -1.146249062812766673e-01 -7.262387356667051597e-01
-1.540854146302632621e+00 -1.550285653511992656e+00 -1.180566097411118509e+00 -5.597684661830204522e-01 -1.205682616548915620e+00 5.693350394847822571e-01 -3.112719080928522120e-01
-1.185632651444673558e+00 -1.231974649789499221e+00 -1.029080820730757351e+00 -1.059310583865369776e-01 -6.521973234895289684e-01 1.214217086012997937e+00 1.866339256413849235e-01
-7.718950097006554989e-01 -8.195196288627459857e-01 -7.908020356212533963e-01 4.012437333268161210e-01 -1.135972652533696718e-02 1.788625069181477345e+00 7.643895388472081720e-01
-3.167795829167314725e-01 -4.016522575181002974e-01 -5.043432407329440093e-01 1.071913752575376355e+00 7.655468084672996110e-01 2.287821395217730203e+00 1.599779909775008280e+00
1.559733411771639100e-01 -3.157814556321136279e-01 -3.014022495934921553e-01 2.119570950019233457e+00 1.763435379324882701e+00 2.734578398745795447e+00 3.103800315786368724e+00
6.073889876484412920e-01 -1.723315314298556444e+00 -6.954549381731154334e-01 -2.911172636796568458e+00 2.999381032387487434e+00 -3.105873060782300410e+00 -2.270547418961098796e+00
8.727362542218332075e-01 -1.422793808949902372e+00 -1.203516929097917965e+00 -1.929935265956999269e+00 -2.120515076364811957e+00 -2.636827374845435390e+00 -1.649202945144990107e+00
-1.275575926915088476e-01 -9.019842036756203774e-01 -9.577637431220172859e-01 -1.133268525171733598e+00 -1.197405977594902193e+00 -2.137252363958423995e+00 -1.075098514093853153e+00
-3.228480027826568510e-01 -3.361464267431267250e-01 -5.422135001061643145e-01 -4.068690763637267116e-01 -4.270654913317587509e-01 -1.625488574634417871e+00 -5.228336622095609565e-01
5.338290961945196811e-02 2.446384095661975622e-01 -1.049801853161856785e-01 2.932323817035034641e-01 2.643549034015223453e-01 -1.154031636049485554e+00 4.694109579679910864e-04
5.013350414772916874e-01 8.268887799791093673e-01 3.001924266073889846e-01 9.787715985885439007e-01 9.130979462955479686e-01 -9.388741298103724375e-01 4.722682346463926706e-01
9.612899309260285463e-01 1.403199847778150211e+00 6.167357211124235850e-01 1.663655821339106389e+00 1.543077362902248506e+00 -1.753180427222168936e+00 8.766460851011209643e-01
1.422307962670933845e+00 2.028134400126798909e+00 7.151058704813395561e-01 2.389695163609185879e+00 2.173739537731958826e+00 -1.898005033274857256e+00 1.222936953347205424e+00
1.905492502263813615e+00 -2.291771847867101641e+00 4.574498350494226595e-01 -3.043818678050287385e+00 2.824029377176193290e+00 -1.637824049318652664e+00 1.360399933535602734e+00
2.457936321052318629e+00 -6.911549743954924496e-01 3.112632927558942053e-01 -2.029058912728568753e+00 -2.772951834491245826e+00 -1.318625667009756031e+00 -1.503212159635299583e-01
-3.029742669755177698e+00 -8.129870020873962433e-02 4.943160957195813499e-01 -1.009499017233201235e+00 -2.039378716820440918e+00 -9.331988627607321618e-01 2.855028257000239572e-02
-8.673468410345086532e-01 4.668381694526535508e-01 8.388457568601406233e-01 -1.286023645384481717e-01 -1.241924984785317987e+00 -4.759392824257502874e-01 5.156688274479079848e-01
2.525943667079570965e-01 9.885270246124088223e-01 1.257837720538514281e+00 6.329561792348947780e-01 -3.706041288379563481e-01 1.460272907658410370e-02 1.058962626583111133e+00
8.707073194785892589e-01 1.484972931886523240e+00 1.698902702755780370e+00 1.306356374755859751e+00 5.543838222983513697e-01 4.924791131766754759e-01 1.613512135910302847e+00
1.378305381190777057e+00 1.958159302160656701e+00 2.116566208265335813e+00 1.894611339819469498e+00 1.470724365010737777e+00 9.161262203832714057e-01 2.145826916613188029e+00
1.816332732642741865e+00 2.414569179429180590e+00 2.478815909146220964e+00 2.384394168715250117e+00 2.295955901623418782e+00 1.291679128656794573e+00 2.622465607852519476e+00
2.214406875971929090e+00 2.866113963539251852e+00 2.783238788781181583e+00 2.796089309910101850e+00 2.988462117926257822e+00 1.697497323175984674e+00 3.025496552403688533e+00
2.611461713407495999e+00 -2.963870235604229464e+00 3.036824986278663374e+00 -3.066520375086548178e+00 -2.696675440003727164e+00 2.203682838085662787e+00 -2.925096238916284008e+00
3.034953836437238373e+00 -2.524774231925436041e+00 -3.085461289910326421e+00 -2.589844178007820297e+00 -2.115385884759045876e+00 2.837936324849848369e+00 -2.786744360131457654e+00
-2.773603625878418466e+00 -2.132657443282270027e+00 -3.043554313051016535e+00 -2.110292494685323650e+00 -1.494004855599583070e+00 -9.688474743095455421e-01 2.558410738631497594e+00
-2.235846193243837376e+00 -1.771165076737748922e+00 -2.958966553673956668e+00 -1.946490059766845082e+00 -8.159037055266780136e-01 6.361045691176582251e-01 2.445471997157427246e+00
-1.625405297231826696e+00 -1.348728791891213641e+00 -2.733335649754282670e+00 -2.851138694703583720e+00 -2.695878826169405620e-02 1.262702056924902339e+00 2.864140760943356234e+00
-9.296557562823057896e-01 -7.663520677075565946e-01 -2.461017620701428044e+00 -2.714962984024296588e+00 1.057523520722926103e+00 1.768335415914452868e+00 -2.942097414466192440e+00
-7.974678538362271751e-02 6.265448436773337626e-01 -2.250618917713446354e+00 -2.321306521589925786e+00 2.283782743082843236e+00 2.169842185868318118e+00 -2.521266276333344436e+00
1.189986888757372574e+00 2.609498129021770030e+00 -2.150826222809353094e+00 -1.976301161505558568e+00 -3.090737499756975204e+00 2.543258552246419057e+00 -2.221558149897117307e+00
2.715185943087656373e+00 -2.961073708564291085e+00 -2.093931532909302895e+00 -1.704788910816185332e+00 -2.372634302178458832e+00 2.958865564720842389e+00 -2.022586233065974515e+00
-2.551940995735947570e+00 -2.372424423482866196e+00 -2.010391698084475820e+00 -1.463028486577369058e+00 -1.728871989210081450e+00 -2.849199481612418872e+00 -1.835459155792303454e+00
-1.767426559158315147e+00 -1.834966555279234912e+00 -1.894264233202496372e+00 -1.222372871922415172e+00 -1.087724530414289070e+00 -2.314715943093121009e+00 -1.639097284922031106e+00
-1.053462330222910248e+00 -1.423706311993645723e+00 -1.714967360097939375e+00 -9.929699179052003943e-01 -3.770682158077476864e-01 -1.719227776155837883e+00 -1.484453342643231588e+00
-3.736615211752360444e-01 -1.293666222750700978e+00 -1.458141127741224397e+00 -8.089917132776062170e-01 5.702126151989935776e-01 -1.093133240539434281e+00 -1.406639718499445246e+00
2.605064254662854961e-01 -1.231269355834113899e+00 -1.163405928495511166e+00 -6.066159003878632827e-01 1.983251076592599915e+00 -4.776617625105740172e-01 -1.343233855065348203e+00
8.085142614162476038e-01 -8.724873218575998068e-01 -8.822579934028854654e-01 -3.215040104712086899e-01 3.033398998484230447e+00 1.171430264578359332e-01 -1.262111829263863783e+00
1.279677738298233391e+00 -3.416993114877652227e-01 -6.255071335926054577e-01 -3.235963010239650828e-02 -2.519424213780093069e+00 8.227194961894900294e-01 -1.186972633802550359e+00
1.741473842357755375e+00 2.441758477480348855e-01 -3.725734964165248186e-01 1.166174873127204942e-01 -1.828005193491338387e+00 2.808046180288734650e+00 -1.020176382226197997e+00
2.270398397658349943e+00 8.237962136535259550e-01 -2.815549777554269828e-01 1.773077840654465609e-01 -1.136589757778950549e+00 -2.372206181794362490e+00 -7.404941105144786651e-01
2.883741897804806165e+00 1.302215370111475590e+00 -6.593157504821250958e-01 -1.650195207110227713e-01 -4.689903517465037197e-01 -1.746951023385703294e+00 -4.421610608967202483e-01
-2.734680361951116634e+00 5.294944293716103978e-01 -5.500673648588471076e-01 -6.832068455101316662e-01 1.336811679565637345e-01 -1.196913825388323138e+00 -1.915104160693108515e-01
-2.040523811127336717e+00 1.917881860701818944e-02 -6.577688926085502319e-02 -5.244422945487349219e-01 6.213602476815925924e-01 -7.423994727946776617e-01 -4.054514884745254871e-02
-1.345248261792099331e+00 4.619117606544263510e-01 4.910945111332425395e-01 -2.442392185446488895e-01 1.003525198429921605e+00 -3.784746235350658350e-01 4.560123860887269065e-02
-6.535797777611817017e-01 9.532722531459582038e-01 1.010967418082741931e+00 2.347291639552068036e-03 1.370818139929158797e+00 1.484885406043919345e-02 2.812055490148389625e-01
8.607330895487085021e-02 1.422465206513148228e+00 1.467587524834726320e+00 2.981743971572322627e-01 1.798576957139361721e+00 5.043504818542869916e-01 7.404375676607992673e-01
-2.406320250753903878e+00 1.885566823290550476e+00 1.939812884476029398e+00 6.423250085743900106e-01 2.245761174645339420e+00 1.078726565794416059e+00 1.348307781769739311e+00
-1.683306460293262585e+00 2.401178165875573089e+00 2.508834116909499645e+00 9.949768918158903297e-01 2.166657008640513027e+00 1.701870187396959500e+00 2.043855808591587664e+00
-9.730347037909597985e-01 3.021241587149772201e+00 -3.132735525641736629e+00 1.310447442085304059e+00 7.796443870065117299e-01 2.348989447658232255e+00 2.785003636380877889e+00
-2.977327583808266342e-01 -2.481017557893488323e+00 -2.478220920958950302e+00 1.626008964086095077e+00 1.158760931637495606e+00 3.014823001754116216e+00 -2.750717659069004561e+00
2.995213257817282426e-01 -1.441123191371762369e+00 -1.834339037234011816e+00 1.974679461311573681e+00 -1.207160514503538229e+00 -2.553402916958020352e+00 -2.039732996714899826e+00
8.130885389420787757e-01 -2.600346298925690913e-01 -1.180476181520491386e+00 -5.554936752411943068e-01 -7.163293855971143431e-01 -1.722226022871982787e+00 -1.414162974816276952e+00
1.201730380057291159e+00 6.718195411532276173e-01 -4.854859542735598943e-01 -2.458907371486107052e-01 -1.567581534987847747e-01 -8.016160176326436737e-01 -8.762318202935003297e-01
1.306176194159106574e+00 1.389367679640715947e+00 2.652054643995329086e-01 2.192139639803672158e-01 4.161161435968515065e-01 8.598142083307698524e-02 -3.313584942780014031e-01
1.041517300177757344e+00 2.028000418870248733e+00 1.083113902373153525e+00 7.214982973533461408e-01 9.828504539478259971e-01 8.751684718660356355e-01 3.044226444873961990e-01
1.229921953089812670e+00 2.663599704440942517e+00 1.998141794568290219e+00 1.274086163202074573e+00 1.545442094302526437e+00 1.559717435511462691e+00 1.048350564771815430e+00
1.690804328845628479e+00 -2.940628915877983918e+00 2.967252862887864939e+00 1.857505772439531633e+00 2.095426960422893448e+00 2.168986378596817755e+00 1.897309278925120912e+00
2.209163281948813395e+00 -2.136698205822934682e+00 -2.584688026838450003e+00 2.449719056231944414e+00 2.624659382275307262e+00 2.732835853541531357e+00 2.874980227752053974e+00
2.740148295716197779e+00 -4.517955714491187491e-01 -2.302959747161991810e+00 3.027058463069095318e+00 3.136148790025764743e+00 -3.042372614709476952e+00 -2.266448067238194586e+00
-3.005146959730500722e+00 1.592414186442919766e+00 -2.035277047107454607e+00 -2.768405385069212521e+00 -2.677566423011479735e+00 -2.631359379814950827e+00 -1.060454619392156017e+00
-2.359598903326312502e+00 2.428526198314661322e+00 -1.607065953511432443e+00 -2.871866466822346364e+00 -2.488047170184694235e+00 -2.417710420380535297e+00 1.117190811780501697e-02
-1.638782042748384127e+00 3.113565648176432887e+00 -1.198214074817186559e+00 2.500105722002266884e+00 1.799450840167143850e+00 -2.336028045361968619e+00 9.725745112012658122e-01
-9.212606978798185686e-01 -2.543319875522786155e+00 -8.977203061324310340e-01 2.951193153292639426e+00 2.245943647435660662e+00 -2.163430322789149152e+00 1.993290903375867229e+00
-3.060651298149233979e-01 -1.967498587035640067e+00 -6.273131911647684689e-01 -2.693764103143781785e+00 2.738080001413670583e+00 -1.812327878809179671e+00 -3.078929323822865438e+00
8.239391970132807497e-02 -1.543162227714004908e+00 -2.945389884036805350e-01 -1.989263424869631924e+00 -3.091930873408892833e+00 -1.417771980915182528e+00 -1.924698618503363878e+00
2.988169819477882738e-01 -1.735630179811003870e+00 4.655308528485787439e-02 -1.280883503673719837e+00 -2.842133349388768160e+00 -1.188176797686352204e+00 -1.026852390133267567e+00
1.829551528102547064e-01 -1.962042488215545166e+00 2.230608121629860940e-01 -8.311572876741006866e-01 -2.864684589282016525e+00 -1.215210538401837237e+00 -3.425875232171725071e-01
-3.922836427855155295e-01 -1.538853888747570009e+00 1.578784145080124046e-01 -2.236445196850380679e+00 -2.667912231390444422e+00 -9.710766147488555378e-01 3.756724805308905846e-02
-3.871829107954607441e-01 -9.654006090442972532e-01 2.227920385202835363e-01 -1.599379328413996326e+00 -2.068223730620404766e+00 -4.005775977767088714e-01 -2.095867892257519960e-01
7.648405441082981038e-02 -3.966672990739320004e-01 4.753975218382479051e-01 -7.908559473870843126e-01 -1.252974154720740252e+00 2.869584550968819481e-01 -2.706200034070231353e-01
6.584395027944318635e-01 3.385593106521068985e-02 6.711512590333471584e-01 2.622967011971190365e-02 -2.497273451404501687e-01 1.024156016006241510e+00 7.765623193713031003e-02
1.308726992268075096e+00 -1.020657079328481376e-01 6.619049663529349425e-01 8.566394075534551344e-01 1.064184802361855420e+00 1.760204412544261965e+00 5.529159550331483874e-01
2.000988252753428842e+00 -3.991898762982805104e-01 6.890827699626036473e-01 1.719898190447337827e+00 2.656378815842820984e+00 2.503352519185213954e+00 1.079954943291933978e+00
2.771285364950438090e+00 -1.075020426986514621e-01 8.956070285008179699e-01 2.756006696847540294e+00 -2.314719160714277191e+00 -2.914021311160477357e+00 1.645758972881731452e+00
-2.297110478477742745e+00 3.060061133567332226e-01 1.076840219754704897e+00 -2.272394008152494926e+00 -1.324610726108681025e+00 -1.905050717312331665e+00 2.248103600693063697e+00
-1.903689513198717487e-01 6.590469017889799552e-01 1.120672133328966646e+00 -1.259044438242486796e+00 -5.490355540246910637e-01 -1.000309581320504515e+00 2.912572842913584203e+00
7.383825384216745613e-01 9.028174518548649496e-01 1.229303152833869373e+00 -5.429563921481627142e-01 2.474833522351205933e-02 -3.762996499244474768e-01 -2.506702478715709059e+00
1.359511292885603018e+00 1.119176738336589816e+00 1.523861592162502054e+00 7.448964812095365540e-02 4.458833817344209915e-01 2.943883403384930236e-02 -9.967411570109157015e-01
1.859597312238468803e+00 1.443867514749725744e+00 1.912814573130061868e+00 6.932621569191241839e-01 7.927150178465692809e-01 4.928630342628289029e-01 4.305432364099323617e-01
2.308854477935924798e+00 1.870419641309150061e+00 2.311069184556802547e+00 1.377115364886168036e+00 1.203885865396485899e+00 1.057972703010948479e+00 1.301719464451258634e+00
2.777239090128974297e+00 2.313826916032268866e+00 2.635497817056278613e+00 2.105538655756405753e+00 1.647732211027884031e+00 1.706321498494456357e+00 2.018510892542545232e+00
-3.074852830075332388e+00 2.615123187188924003e+00 2.547434078942830915e+00 2.895909357853292398e+00 2.064279210405599141e+00 2.432010454271750000e+00 2.693490006656787283e+00
-2.704111232737351322e+00 2.330677123127923078e+00 1.677948548177842003e+00 -2.304053747610963043e+00 2.438612517757234421e+00 -2.747701534033220039e+00 -2.849334215199212927e+00
-2.265160816886118145e+00 2.083455490613269401e+00 1.702286979171760528e+00 -5.132597661232836117e-01 2.803451856308784240e+00 -6.522064711466032394e-01 -1.395213766758876872e+00
-1.240282312540756049e+00 2.337491762217152047e+00 1.946846777836658493e+00 6.703693206324851106e-01 -3.022066260586297126e+00 2.542368081188883244e-01 3.652573159700109318e-01
-2.507800250629295680e-01 2.629060657830393222e+00 2.085950190074927768e+00 1.452657886606745663e+00 -2.575893531429347849e+00 8.960988171705703831e-01 1.042513060890670751e+00
5.297301407756394021e-01 2.722960391375934819e+00 2.021829948135354105e+00 2.116015669625696649e+00 -2.841621017206256816e+00 1.494079229415201659e+00 1.511248959143089099e+00
1.238017741104354474e+00 2.761865004378136312e+00 2.020766420539768848e+00 2.722990946931078238e+00 2.640472990483769156e+00 2.038707949831031652e+00 1.883002419211447620e+00
1.867246284329043382e+00 2.991759577246725588e+00 2.236261150191065195e+00 -2.954640754339690201e+00 -2.958272498443608178e+00 2.501659078290134008e+00 2.221960466442281845e+00
2.370618882608725109e+00 -3.049081720658167960e+00 2.502334037942987699e+00 -2.373385971012016871e+00 -2.150329612621562081e+00 2.843102868713411890e+00 2.615092664038544790e+00
2.577450290693632962e+00 2.024170219072211729e+00 2.668486245934991619e+00 -1.708322805663016419e+00 -1.274755888163864315e+00 2.524238769371847990e+00 3.096690410663037518e+00
2.332862872076874705e+00 2.118013746184884472e+00 2.754751590071357725e+00 -7.726508823296504014e-01 -4.508698825186352455e-01 1.895783154392301162e+00 -2.664034522927269055e+00
2.534664759150623059e+00 2.703860976579987252e+00 2.994499513276486002e+00 1.885713114829813186e+00 4.760905808839514114e-02 2.174134251897589021e+00 -2.133145631010317622e+00
3.041803133516089996e+00 -2.891926358725353197e+00 -2.896891116662211996e+00 3.049749751695876476e+00 -1.397203728310395521e-01 2.670025638303129334e+00 1.554490670965333887e+00
-2.528203764863180769e+00 -2.163131510561044024e+00 -2.437670872942207634e+00 -2.386723662649945510e+00 -2.969557189087143612e-01 -3.079651015527716584e+00 2.048596102751302439e+00
-1.696621207981142021e+00 -1.384855375189729898e+00 -1.967157858307792218e+00 -1.680468445820606727e+00 1.487308459866366339e-01 -2.506628031983714866e+00 2.529291112642085615e+00
-7.821048248064460529e-01 -5.702340107787955414e-01 -1.465572694721603231e+00 -1.056294639892226606e+00 6.305888235532853825e-01 -1.943580619799637255e+00 3.017714581908963911e+00
9.099761752632305745e-02 2.237091408573831375e-01 -8.801231498074369997e-01 -4.864660875477266888e-01 1.117434877080757394e+00 -1.363356293499088157e+00 -2.809051339272192305e+00
7.867584306586830056e-01 9.670267025044849696e-01 -1.847906142349133307e-01 8.286575650292339959e-03 1.470597065298957062e+00 -7.057896028282961698e-01 -2.975275137791336011e+00
1.385013188954881569e+00 1.595576104053649358e+00 5.921070865441391273e-01 5.149617049081469666e-01 1.589447317693961192e+00 2.665415604585187559e+00 2.068555560237670843e+00
1.818273850734338781e+00 2.053302916983261284e+00 1.260564041424556025e+00 9.159801622095834484e-01 1.384728835765455690e+00 -2.951496558392939562e+00 2.571868176002528372e+00
1.918011300446105460e+00 2.127811807687232992e+00 1.616943844379929107e+00 1.251459088759923732e+00 1.313733093343501190e+00 -2.190325238396731766e+00 -3.042413784881592420e+00
1.497272644530297070e+00 1.309813381551171663e+00 1.474479065208611273e+00 1.453469421558764463e+00 1.407302844725154545e+00 -1.464171729175689274e+00 6.549887658633590792e-01
