1.577606771171765399e+00 -1.558426944801925673e+00 -1.604305640417010403e+00 2.577042591146883055e+00 1.616249761174679334e+00 3.128346719241274165e+00 1.582787417698971133e+00
2.016038018419822109e+00 -7.246893088966048779e-01 -1.073666455644905149e+00 -3.736902230813536341e-01 1.557739643319608458e+00 -4.587270733212920892e-01 -1.509500764870445044e-01
2.379845902743832120e+00 2.442686377593524250e-01 -4.253366731640113585e-01 3.379775576667333747e-01 1.329595094264193644e+00 1.980434662135295842e-01 1.659278005666975642e-01
2.578477651393315195e+00 8.647383331696333331e-01 -6.616669961380338139e-01 7.684969356679237640e-01 1.254179704177343257e+00 6.344400402992328436e-01 5.916188658396935862e-01
2.772431797937776388e+00 1.469319261744938432e+00 -5.483969062241499381e-01 9.971859050140694514e-01 1.414142108802506126e+00 1.053738523584883735e+00 9.309390135697517277e-01
2.914073988819920746e+00 1.780962928925465594e+00 -3.956789806460476178e-01 2.635650918481314831e-01 1.642031439879999333e+00 1.211466219544882650e+00 8.703521992609789537e-01
3.137370755094424535e+00 2.364315969236775228e+00 1.487183302558010012e-01 2.038724090095310748e-01 1.772598716899589144e+00 4.086133581748579990e-01 3.436585923687492938e-01
-2.923670530012001834e+00 -2.448040466915339053e+00 -4.194190374023402668e-01 3.429691378705868599e-01 1.671585705856836190e+00 8.400450881705712192e-02 2.551511819418926796e-01
-2.663462487542195056e+00 -1.426938604116397613e+00 -5.222904195915619233e-03 6.289848525191369388e-01 1.319060072548546403e+00 3.711452916311110406e-01 4.338566187412886133e-01
-2.464922831747826670e+00 -7.501922300809753530e-01 -6.043074473691097959e-01 9.747210213388507460e-01 1.039813616590055112e+00 6.506250457949992461e-01 7.297500393018502285e-01
-2.327281802733497607e+00 -1.451134912963939205e-01 -1.212147760276214958e+00 1.295456776127192455e+00 1.119007489864063620e+00 8.337745169914956289e-01 9.827220548519228771e-01
-2.437811855834718600e+00 3.838650315116848288e-01 -5.575133469086684945e-01 1.123737496751207265e+00 1.408093731686138605e+00 9.835194187713237612e-01 1.007965948027427672e+00
-2.731178634819068751e+00 1.092688289733600771e+00 3.839635409517581088e-01 9.309034717739169684e-01 1.735343150617946861e+00 1.297286679163198952e+00 8.631122155010689800e-01
-2.840935502786703371e+00 1.828216194213482471e+00 1.390538718853608469e+00 1.296533892553142442e+00 2.045532725751716630e+00 1.746593702857069719e+00 9.156614760717912693e-01
-2.703879665746975469e+00 2.559128149210563752e+00 2.839004361374782182e+00 1.862987320258097101e+00 2.392403676892062681e+00 2.282583626380225272e+00 1.088798544145646918e+00
-2.528503830608877845e+00 -2.966547113417131509e+00 -1.666725889360642476e+00 2.556112765386791885e+00 2.827081561817496258e+00 2.901371311810139630e+00 1.230935821627803906e+00
-2.321898837905059132e+00 -2.819215430407949086e+00 -5.079247419706861555e-01 -5.762644584637975909e-01 -2.924669543354960766e+00 -2.695583860605391902e+00 1.257730778232796665e+00
-2.126871611075988433e+00 2.298536445968097919e+00 3.373361952773922812e-01 4.463172213586720227e-01 -2.442919896627259835e+00 -1.934673792091637701e+00 1.291324095670668415e+00
-1.929912852742508678e+00 2.881515647701533123e+00 1.090485257924578510e+00 1.202151885481086424e+00 -2.421769036968012045e+00 -1.327973397881110795e+00 1.506416284914843695e+00
-1.744994389404960433e+00 -2.589481708262776127e+00 1.122292702887436322e+00 2.006404141593369772e+00 -2.798022362853586742e+00 -2.613440820919520124e+00 1.888392318586955332e+00
-1.577203613949842653e+00 -1.892489250630293052e+00 5.245871241311204081e-01 3.052716111910353192e+00 -2.305803036468223599e+00 -1.888491021346872856e+00 2.360134806251815043e+00
-1.470977589170290090e+00 -1.437939176448671974e+00 1.037409368358442441e+00 -1.715200188745289012e+00 -1.694005892287390624e+00 -1.118957753117324927e+00 2.841680230413532460e+00
-1.398576943570201792e+00 -1.376151340037194304e+00 1.766197305406571383e+00 -7.438666009215041397e-01 -1.195606588201462595e+00 -4.947853671913030049e-01 -3.031167509072163035e+00
-1.228806042450118374e+00 -1.018847586942942085e+00 2.505803838739706801e+00 -2.366312499971611749e-01 -8.795407983013644460e-01 -1.098877575749701990e-01 -2.617765528278251264e+00
-9.236860840450947796e-01 -3.399117430197711176e-01 2.077780443356502360e+00 1.974709242199434722e-01 -5.601473255758688818e-01 8.205441297681165258e-02 -1.213712882829521833e+00
-4.975645972065887435e-01 4.065393919980285209e-01 1.346344508526807537e+00 6.643077856036333495e-01 -7.185071767103372309e-02 3.726560846885711986e-01 2.992048345101871662e-02
8.499514760762051993e-03 1.240383446828985825e+00 2.085044074744894171e+00 1.173178717627862522e+00 5.092987918666498359e-01 8.525960626415102217e-01 8.075330940143823355e-01
5.967664816210002110e-01 2.146560872259327901e+00 2.899136705959640459e+00 1.645165550337142957e+00 1.108850327486934573e+00 1.349348844351854204e+00 1.483063498798685487e+00
1.234468421331407662e+00 -3.097036637198167686e+00 -2.589288719699425201e+00 1.935770139207759755e+00 1.650715232627199658e+00 1.626316246424011958e+00 2.007495673329370067e+00
1.954487857976075826e+00 -1.756277603181974012e+00 -1.757310127620195228e+00 1.794027750454581849e+00 2.055348146633753981e+00 1.372355773759875275e+00 1.953978081344245776e+00
2.878431544450637869e+00 -3.272577567187461844e-01 -8.999290247205264937e-01 1.723854466282715547e+00 2.249623546948993358e+00 1.310395810872351241e+00 1.468625048099240438e+00
-2.412644264323672960e+00 7.894061676680960149e-01 -1.041652204899736964e-02 2.070711663928269886e+00 2.304494855660586428e+00 1.508043930398116794e+00 1.774381100311807957e+00
2.255536805340557116e+00 1.682968128951117359e+00 1.508738042752141073e+00 2.571566417620990919e+00 2.505657596211071425e+00 1.734030251028890968e+00 2.308863745504391662e+00
2.918310235936353969e+00 2.359713257613394344e+00 3.095900653547309922e+00 3.099982846445368256e+00 2.946900317327089347e+00 1.979900328434462509e+00 2.929397828830194062e+00
-2.661613194381636571e+00 2.903792259424071709e+00 2.967306514382022087e+00 -2.806277737997504129e+00 -2.692989640045460042e+00 2.205668509454814963e+00 -2.673727371367543348e+00
-2.020834766267532778e+00 -2.610796632576350529e+00 -2.615527479557605783e+00 -2.895335625359721110e+00 -1.821347826089855682e+00 2.428604772605350348e+00 -1.954883039909957931e+00
-1.386035001107160491e+00 -1.714005754390759639e+00 -1.834735010977141645e+00 -2.930387630626626549e+00 5.840134429375227754e-01 2.764303151456796392e+00 -1.213723281597755443e+00
-7.579452377118900408e-01 -7.759768614391024943e-01 -1.019119166383524844e+00 -2.459676183085095502e+00 2.115174073355923223e+00 -2.987749254938226517e+00 -4.762935621698795030e-01
-1.541467678854235024e-01 1.396725140763926953e-01 -1.969178415769096413e-01 -1.846706509406980556e+00 2.979365982171423788e+00 -2.284455067032745035e+00 2.182809270158303505e-01
4.521043802698871961e-01 9.684455704776487872e-01 5.799068634392211541e-01 -1.241663300614691989e+00 -2.647436804919437225e+00 -1.384053869034588047e+00 7.864562858080449415e-01
1.063604280351028386e+00 1.713175587214700757e+00 1.237810112338260549e+00 -8.429576064881272313e-01 1.746498598920386947e+00 -3.147128797606888462e-01 5.559101913738159206e-01
1.982630903760610908e+00 2.195553129271844206e+00 -9.649426571854219370e-01 -8.276298629665739259e-01 2.377054217329895192e+00 -1.953359679084969436e+00 7.482897079921650707e-02
-2.851697919724076158e+00 1.009026788424026266e+00 -2.123615645320550138e-01 -4.894748164944774382e-01 3.082095918355531872e+00 -1.010676560692694625e+00 5.822458780396156941e-01
-1.961367710036570511e+00 1.175235293121343449e+00 4.819065402270196752e-01 1.324006168286984420e-01 -2.564238712522065367e+00 -2.063653818373813870e-02 1.263072450305046557e+00
-1.445848024099168239e+00 1.733418023974808486e+00 1.111655304105212627e+00 8.553581547540726193e-01 -2.043918918268920137e+00 9.319342407224396885e-01 2.022094056748139135e+00
-1.232608518549192400e+00 2.338864416254967438e+00 1.561653542588861132e+00 1.466199344961038875e+00 -1.626178458958843276e+00 1.846525675278869683e+00 2.866469470717264656e+00
-1.029433727302263124e+00 2.934429459811454421e+00 1.810785660905877892e+00 1.236950558184530813e+00 -1.188459412353450650e+00 2.706316500930286306e+00 -2.455637858955356467e+00
-5.507080161592998735e-01 -2.722744216248158988e+00 2.139005533414191085e+00 1.039079119322620981e+00 -7.225372550724245002e-01 2.364850366751915178e+00 -1.379909537998039282e+00
-1.033390542631624359e-02 -2.030784749034829417e+00 2.665117136285477972e+00 2.012242664308199203e+00 -5.029045757273068462e-01 1.809283560307707095e+00 -3.367988730454198887e-01
-1.310749904513665819e-02 -8.825098122252196253e-01 -2.866057921952639642e+00 -2.381130329876628426e+00 -8.198002332221061561e-01 2.909316312698362772e+00 -6.279885018006662323e-01
-9.748508295325793993e-01 8.109317050226760859e-01 9.186511378223503055e-01 -9.480560562773640010e-01 -5.648240957783089433e-01 -1.865009635926027753e+00 -9.415228899284489028e-01
-1.320103063276334698e-01 1.901585849833779207e+00 1.697579503037839110e+00 1.778808880475040918e-02 5.906933055294706636e-02 -2.970905071727250046e-01 -1.804056161046365958e-01
1.074349417650303451e+00 2.772798953181434989e+00 2.494067601683651159e+00 8.618696199967179616e-01 7.976712753956954893e-01 9.149998530364659155e-01 5.670694976599252035e-01
2.569943170078560435e+00 -2.693968064974754828e+00 -2.967919376025904388e+00 1.552671829354161703e+00 1.634458103969999243e+00 -1.590499507727092920e+00 1.220340926192441611e+00
-2.572795043673234971e+00 -1.958226180479389011e+00 -2.174833085582707159e+00 1.614473739584519230e+00 2.871224975842931570e+00 -3.819111658527727382e-01 1.690458399981751292e+00
-1.750807240146869725e+00 -1.385167790403312171e+00 1.754656571693670175e+00 1.235589043296313916e+00 -9.290522403090394343e-01 5.448464610206789072e-01 1.953658280561285654e+00
-1.044886883339821937e+00 -1.318934050024655358e+00 2.494630691721736238e+00 1.837531106683336857e+00 1.479785720364229784e-01 1.531636604900961096e+00 2.292928547668772410e+00
-3.755371224641783634e-01 -1.674013596810575821e+00 -3.138913768959275430e+00 2.678827059124003096e+00 9.709484195641033821e-01 2.702070530394714787e+00 2.869976198872548512e+00
-5.435772329803727210e-02 -1.822513895107491955e+00 -2.734555636494093722e+00 -2.684942041619260422e+00 1.881444507680199552e+00 -2.296181008936228007e+00 -2.627890166279860384e+00
-1.889879706231755829e+00 -1.897464840468908731e+00 -2.602476464884702079e+00 -1.791826042841057731e+00 -7.257996266849938705e-01 -1.290469142758340348e+00 -1.562657640366473366e+00
-1.199512087743306088e+00 -1.554162180121575698e+00 -2.377064553553383419e+00 -1.147900392292360516e+00 -2.926190076118656905e-02 -5.672877235848937660e-01 -1.079387986104882458e-01
-4.532856074022554305e-01 -1.019163200605910813e+00 -1.937301535551101184e+00 -7.304394622700617346e-01 5.992196612981813830e-01 -5.337920296770106571e-02 1.381318832713067657e+00
2.690507239338695844e-01 -4.780672549243332181e-01 -1.502781734210861364e+00 -2.702673215460743572e-01 1.039716263706939037e+00 2.447170565868725667e-01 -3.013217687277017554e+00
9.555735666215294799e-01 -5.164385500855375039e-02 -1.529714869762307972e+00 2.274369262958415017e-01 8.788124434945778773e-01 4.542515830065394500e-01 -1.423593078698637715e+00
1.576606614322335398e+00 2.970012231037970629e-01 -2.359555235194180423e+00 7.071863556292000697e-01 5.656281689570226145e-01 8.119201177617380027e-01 -4.766322298690331971e-01
2.360991810592494744e+00 6.827805952008457746e-01 -2.081987351267673869e+00 1.037404499968021865e+00 7.208895423397654323e-01 1.229466404675090496e+00 2.501322329939372757e-01
-2.463732328844658870e+00 1.138043697530088938e+00 -1.584832337788727452e+00 1.072282150172084503e+00 8.019637046624036314e-01 1.323307966827467652e+00 8.156503903135197131e-01
-1.028014188818240582e+00 1.536173783663373094e+00 -1.071916090135443200e+00 1.172346259355281362e+00 8.977743046247240732e-01 8.832505981693482555e-01 1.266683152935716983e+00
2.858284671076955288e-02 1.840884765425745195e+00 -5.958175209881071410e-01 1.630365521799767237e+00 1.268051134092089915e+00 1.159516303318872898e+00 1.749487109115018368e+00
9.733210981187284672e-01 2.193368111510956453e+00 -1.641289499089027548e-01 2.257915863262724088e+00 1.811254555797945587e+00 1.709405152654217552e+00 2.345632235269202504e+00
1.863887232145331696e+00 2.645437385003129638e+00 2.895082110745678117e-01 2.926544753215316597e+00 2.421468188547981182e+00 2.314971040347801878e+00 3.011580122935086479e+00
2.722988614894633397e+00 -3.126412236906475961e+00 7.852938132026603402e-01 -2.753303732552828453e+00 3.046399757591107260e+00 2.935148428778052487e+00 -2.614290552459516803e+00
-2.729223162632667510e+00 -2.614482861849060757e+00 1.325973877308621374e+00 -2.417236870535725668e+00 -2.640128569721817975e+00 -2.724605004837273636e+00 -2.066557810700480946e+00
-1.964282510357139300e+00 -2.097565860909119451e+00 1.763231381807839337e+00 -2.264608486629478001e+00 -2.153348549087989561e+00 -2.114083056701188568e+00 -1.784517649676468309e+00
-1.318488002525164182e+00 -1.608524041165817708e+00 -1.477029479652434696e-01 -1.806369173858130894e+00 -1.881290775927130454e+00 -1.541495485910761243e+00 -1.653712362964634197e+00
-8.352362334949460232e-01 -1.161997492137750276e+00 1.833091177893986512e-01 -1.137648953048346456e+00 -1.670101035199964334e+00 -9.382271077417597693e-01 -1.258296515279531125e+00
-3.976877811707732469e-01 -7.529363911879543014e-01 6.802413693848501364e-01 -4.126411625435517649e-01 -1.250719823438439571e+00 -1.545300512867985865e-01 -6.579853399965239769e-01
1.579660415904966808e-01 -3.609542252187364908e-01 1.130746813974423226e+00 2.918463078806178279e-01 -6.973759949088444987e-01 7.902759735068126679e-01 5.967810483656508982e-04
7.951462095229631100e-01 5.033402705860368781e-02 1.506532476803178477e+00 8.799398851144376588e-01 -1.592838371250165364e-01 1.790037012235217384e+00 5.913066646704134843e-01
1.434992107000414130e+00 4.509492733984521995e-01 1.732763467248493949e+00 6.269122596715769324e-01 1.447176148814420249e-01 2.805817624594945769e+00 8.977682774869186755e-01
1.973007276021925493e+00 7.978637010318158085e-01 1.833448286218705814e+00 2.235470224686321172e-01 1.391225760809221557e-01 -2.370395863380418966e+00 8.745999269752333660e-01
2.286117583906214890e+00 1.039707240583978676e+00 1.941159404655667275e+00 7.802970475479935608e-01 5.315193273289102738e-01 -3.435941627048459401e-01 1.192158454627383346e+00
2.475208778383644947e+00 1.273684969473705131e+00 2.043525450048906400e+00 1.455307516849887017e+00 1.290294058315542447e+00 1.807039418048752566e+00 1.770697452794745441e+00
2.854590806932178371e+00 1.606822277624489592e+00 2.278897573917972874e+00 2.070660625455480019e+00 2.333253331459396840e+00 2.899474283213143710e+00 2.401774744477835011e+00
-2.865721892662687509e+00 1.975230693810166471e+00 2.765694190674497399e+00 2.080466407483617886e+00 -2.412492120955510799e+00 -2.432429733512702086e+00 2.951442916997837340e+00
-2.230907727767683202e+00 1.910981835537550522e+00 -2.757868216925226434e+00 5.119948064243153851e-01 -9.006754820457627542e-01 -1.537625938307352058e+00 -3.006765924622483155e+00
-1.580884862004731772e+00 1.060791444163957875e+00 -1.559180428665174034e+00 3.361397536302620503e-01 8.675720622660747228e-02 -7.195416930312675818e-01 -2.753323673592047882e+00
-9.460803707587729372e-01 1.303547298390721920e+00 4.526756412174445798e-02 3.309878936947400208e-01 7.439521318321958843e-01 -9.351399768255255762e-02 -2.222806050761499730e+00
-3.131690386570696871e-01 1.744505778699992238e+00 1.099001458369718298e+00 6.487900326057050027e-01 9.579712733241757538e-01 1.644872910307660085e-01 -1.455794103998335531e+00
3.939385541937415192e-01 2.223881664289410143e+00 1.893333578548717089e+00 1.106218284208483116e+00 9.348875365178030972e-01 4.615751442328702714e-01 -5.565817607139575962e-01
1.217502300838369189e+00 2.748639529463380526e+00 2.634396298261108882e+00 1.634729008252087334e+00 1.271565123123529206e+00 1.057001413143696000e+00 3.746493239822418220e-01
2.094447729229374833e+00 -2.953439559542629933e+00 -2.911113311287405914e+00 2.191637326887912796e+00 1.796365511295896722e+00 1.726793285175499015e+00 1.255735924453622143e+00
2.886127012149191540e+00 -2.338419446040626681e+00 -2.176396541472216395e+00 2.736895100416883331e+00 2.375786387904994079e+00 2.366372007432564484e+00 2.063121512659380929e+00
-2.814907480963104724e+00 -1.713679444942663999e+00 -1.436490543593976099e+00 -3.022195623674713616e+00 2.985147009888396763e+00 2.987154747590405446e+00 2.821252507040598712e+00
-2.465547166346109709e+00 -1.111326069005655892e+00 -6.604818419720538403e-01 -2.484219084970823221e+00 -2.647028793551494008e+00 -2.641214483475377683e+00 -2.717977905056428334e+00
-2.151647747874448235e+00 -6.171717166539514299e-01 2.706968754632372298e-01 -1.893435389867800689e+00 -1.946574558738012772e+00 -1.954992965029840990e+00 -1.982149232905333847e+00
-1.729272602368463918e+00 -2.769711840900017208e+00 1.852649819326696035e+00 -1.395756899439663190e+00 -1.190164877228633511e+00 -1.382685166696563606e+00 -1.309511672482440048e+00
-1.321559284896032471e+00 -2.322904604639402848e+00 -2.767360496738765274e+00 2.990944733624779861e+00 -3.049661934447056022e-01 -1.923498823345662023e+00 -1.034090849368398679e+00
-1.112896628765053686e+00 -1.743200855404882121e+00 -1.783882306562508901e+00 -2.605092687493074433e+00 3.106145192852743264e+00 -2.021222717214003151e+00 -1.601488968637071464e+00
-1.086176582772135246e+00 -1.159217090533037009e+00 -9.919395802051149680e-01 -1.766046767927460515e+00 -2.171875298021055833e+00 -1.394591780286560834e+00 -1.148604284066738535e+00
-8.684258348777199599e-01 -6.721925612198682565e-01 -3.219071969927738697e-01 -7.188409078033206612e-01 -1.325217065904086278e+00 -6.874399536861112159e-01 -3.547216883695936684e-01
-4.188096836591670424e-01 -5.652022259045798025e-01 -5.229263967665128687e-01 1.375504842209259948e+00 -4.716345005813848412e-01 3.361918717984473809e-02 5.978616327753681903e-01
1.491896740149114553e-01 -7.529169420976353777e-01 -1.604611292771233488e+00 2.870805902688445155e+00 4.444616690683664828e-01 7.836284989201326434e-01 1.721196658427852633e+00
7.912226461506592923e-01 -4.844699930405558241e-01 -1.120281721012172049e+00 -2.582996872483263928e+00 1.552145467318830852e+00 1.647178066416003617e+00 2.957486631398637211e+00
1.492103903103096707e+00 -5.710058970760275437e-02 -6.377908251818140695e-01 -1.951761840670261261e+00 3.054285058056079194e+00 3.083449142062582915e+00 -2.187932719755465882e+00
2.317393358613152987e+00 1.979562256795860675e-01 -3.014715436242131341e-01 -1.511517274978731784e+00 -1.821995147732613063e+00 -1.374225648642861675e+00 -1.235181234452427335e+00
-2.717913579879613906e+00 -7.298010864956823354e-04 -1.455687654393388597e-01 -1.277558456446803214e+00 -8.428272508882244107e-01 -5.906804479656970752e-01 -4.553152655240620961e-01
-1.327410439024372613e+00 -1.349611883908911347e-01 9.240870942501304419e-03 -1.024620364176549669e+00 -1.706936019595909348e-01 -4.764019719679541409e-01 1.550334261508177353e-02
-4.692902781819008329e-01 7.479994525965855123e-02 3.260257579187155752e-01 -5.750731339788106578e-01 4.311968542163727852e-02 -3.509437502097131345e-01 -4.925987942446608536e-01
2.756388412936354726e-01 4.438330023752154463e-01 7.610859549013955228e-01 2.471987882679155257e-02 1.798319638464138115e-01 1.938298292704010162e-01 -3.714000911045556297e-01
1.065494481758665124e+00 9.088399841607028851e-01 1.258547202420177813e+00 7.559282280334870263e-01 8.969769591666993946e-01 8.826786867450876484e-01 2.631644301288216803e-01
1.926325246533367785e+00 1.352424567600680527e+00 1.746686940133240995e+00 1.697382167374156703e+00 2.163890992261635393e+00 1.608497338262360188e+00 1.023114092184719937e+00
2.832087972487970617e+00 1.173738663774278823e+00 2.044515682691405267e+00 3.030218816093841028e+00 -2.825085174338759497e+00 2.348736675948605246e+00 1.844935337142201481e+00
-2.550557628411843414e+00 4.446915232305506116e-01 1.726760832086717823e+00 -1.877944252158239902e+00 -1.924197518602703827e+00 3.117445551392570291e+00 2.725584120167866331e+00
-1.702299755249401247e+00 8.109956335753902845e-01 1.731442516726078296e+00 -8.776618148812241893e-01 -1.214687172943781146e+00 -2.335553879372701758e+00 -2.528462471144071078e+00
-9.390013814555603355e-01 1.255824173007163536e+00 2.219855607449118917e+00 -1.047480291345467829e-01 -5.958739711985777676e-01 -1.429183725082648904e+00 7.822762624248575936e-01
-2.722347422919813020e-01 1.524381861209695099e+00 2.820863472295439323e+00 4.831308714389375147e-01 -4.796380410185681342e-02 -6.018385309408967876e-01 2.279050432756170252e+00
2.976949414973957819e-01 1.565657668782441281e+00 -2.902581314010455493e+00 8.247854131354870333e-01 4.191868153727728030e-01 -1.885872774977714883e-01 -2.560276748711062034e+00
7.727059814305629049e-01 1.729687029251558261e+00 1.417517813175389163e+00 1.030720150345713959e+00 8.164921092947003967e-01 2.163016813104688407e-01 -1.062698809717774306e+00
1.189453750964573064e+00 2.098922506945421151e+00 1.797683714304709968e+00 1.399169295702898941e+00 1.228566299828933950e+00 9.228835891756035359e-01 8.965471134606074755e-02
1.616058680279155668e+00 2.564852111194344975e+00 2.385846339687013096e+00 1.922693422700903376e+00 1.735376136582280626e+00 1.746395308014249359e+00 9.967315426593120753e-01
2.092003253688061726e+00 3.068278200576544990e+00 2.961949146853043668e+00 2.478261488198114648e+00 2.338179196436945606e+00 2.594655245381286335e+00 1.722528187631228169e+00
2.591478161952949222e+00 -2.736033309369912292e+00 -2.841473766483267660e+00 2.887221697746924942e+00 3.002236410063535921e+00 -2.864951247043184601e+00 7.194656647933206362e-01
3.037564978140445238e+00 -2.408180052717342257e+00 -2.591723389130450528e+00 2.629094176277201100e+00 -2.593163657336861938e+00 -2.246558926007610424e+00 6.682026303199141148e-01
-3.031963551129380541e+00 -2.465955902165162694e+00 -2.570937662362555720e+00 2.454522491296621034e+00 1.347435531899542571e+00 2.033666427620685280e+00 1.381750304803154084e+00
2.795804433706574610e+00 -2.628920110345258188e+00 -2.439644990960355919e+00 2.881197247428344710e+00 1.959747178757256458e+00 2.658744927799073121e+00 2.140047227680452746e+00
2.615973491461380807e+00 -2.488293077723182645e+00 -2.166758123096987898e+00 -2.836373816253214830e+00 2.645902490516867545e+00 -3.009358764482424231e+00 2.899753314416236627e+00
2.956654356895107139e+00 -2.185824903075829884e+00 -1.773479259920853757e+00 -2.232368684703551320e+00 -2.936990704292141263e+00 -2.411115307711452438e+00 -2.631190944254462760e+00
-2.838063821735157255e+00 -1.791540730144061566e+00 -1.219757191481056102e+00 -1.610528171149714582e+00 -2.222866175692128188e+00 -1.816436818244784313e+00 -1.890616111069550298e+00
-2.338420831270566325e+00 -1.376403206267134083e+00 -4.702532946778697487e-01 -9.753203352045193286e-01 -1.514946360950831572e+00 -1.239642353224039928e+00 -1.168830314426082317e+00
-1.926571061868291856e+00 -1.162563475428734838e+00 7.035875956944559473e-01 -3.358124241044543878e-01 -8.529649828262499955e-01 -7.115618340168569089e-01 -4.738295934886763150e-01
-1.669070581200235770e+00 -1.508495947647191970e+00 2.642608688600752487e+00 2.671892221834425984e-01 -3.059768992261954201e-01 -2.587716572721939223e-01 2.035270861364090744e-01
-1.448135543802027803e+00 -1.441301739545124416e+00 -2.420762634812931413e+00 3.141124158210872874e-01 -3.285124209654452510e-02 7.714071628475775710e-02 9.347710425104154286e-01
-1.108163249700234276e+00 -9.833859068069862319e-01 -1.544852520468143364e+00 -1.056331118923176993e+00 -2.148665459782608533e-01 1.161565913335670386e-01 1.957764766406582702e+00
-6.756085944606380345e-01 -4.552897871612482938e-01 -7.699053187357246530e-01 -5.237864317310950701e-01 -1.459328607335101113e-01 -4.305535721214357597e-02 -2.544539850171507744e+00
-1.973343467824700548e-01 3.323128259554530839e-02 -6.872264650264164887e-02 1.026166257083784283e-01 3.172940201383302461e-01 2.553615121624193129e-01 -1.145316321400982940e+00
3.298012165459345835e-01 4.463782901134556447e-01 4.937328908214762002e-01 7.400765539058917764e-01 9.241106795134974572e-01 8.270227238040483986e-01 -1.670801126731616404e-01
9.380602574830747553e-01 7.964854731886279460e-01 4.515319715675993884e-01 1.339036028526053634e+00 1.570939884520285768e+00 1.490142063695988783e+00 7.074772485693037183e-01
1.671575211359967339e+00 1.019610644856979720e+00 -2.287436424088273509e-02 1.564225650459495576e+00 2.200902640275713917e+00 2.151098263123490728e+00 1.546454972278893170e+00
2.629515731046425664e+00 6.862181901390341787e-01 4.573783827099389687e-01 4.203437837454808701e-01 2.734046160126413216e+00 5.704637605448545923e-01 -7.671677827813419004e-01
-2.392503422608122765e+00 5.185169424995141885e-01 1.238251680801647492e+00 8.728686577789602774e-01 2.886056484746335915e+00 7.180331939777671035e-01 6.663605750689702290e-02
-1.252631090591808105e+00 9.279511263187567582e-01 2.270255528893156516e+00 1.571178465833725779e+00 2.498428120196530600e+00 1.453850044266404629e+00 9.331734808291370920e-01
-5.509336339801692572e-01 7.973953076558942810e-01 -2.573668388085331493e+00 2.350210979873825767e+00 2.751019289295616232e+00 2.250950590651035199e+00 1.878129686164120349e+00
-9.661275634804149526e-01 -5.005705904659436545e-01 -1.123697784089367380e+00 -3.058592193601972653e+00 -2.976391309716920563e+00 3.118409700599746870e+00 2.968079396819145455e+00
-1.334520054057005023e+00 1.857072389716412086e-01 -5.254175709229092633e-02 -1.973826150768994703e+00 -2.330917839610840314e+00 -2.189552421266227622e+00 -2.100572908635286673e+00
-9.247387213821378626e-01 9.253690045357175764e-01 8.293047049837765083e-01 -5.706290299089268325e-01 -1.634705251263058434e+00 -1.131194109373248491e+00 -9.636442852150133298e-01
-4.024022176053677069e-01 1.628233656914498173e+00 1.617864836948506690e+00 7.017939086239628477e-01 -8.746828225248758359e-01 -1.338852932225284009e-01 1.371513817659567730e-02
1.678835982398369508e-01 2.241727376658804616e+00 2.342075007056607650e+00 1.674854283432253510e+00 1.024613085765466169e-02 7.292202459989717278e-01 8.883541696986643199e-01
7.676995644228316040e-01 2.778175032915542797e+00 3.013874144490122031e+00 2.505508802461164919e+00 1.159484498879286729e+00 1.479890887490976636e+00 1.707662409979496587e+00
1.368883568162976960e+00 -2.943871398845650411e+00 -2.644322317304637959e+00 -3.022063608471394769e+00 2.554984776862108120e+00 2.111359313655356118e+00 2.484234626575149374e+00
1.927791380961280776e+00 -2.300633207301241434e+00 -2.061124747373269450e+00 -2.334083452924076596e+00 -2.576242617264709711e+00 2.506810664647706410e+00 -3.089402909858838697e+00
2.359615498099677744e+00 -1.612923610710095268e+00 -1.510446689821463906e+00 -1.749226059581687975e+00 -1.752393439260447661e+00 2.571606507871071479e+00 -2.521173484718117752e+00
2.496070689604152903e+00 -9.651478477005207557e-01 -9.950436580552746157e-01 -1.336946360847565130e+00 -1.285160824065734175e+00 2.836059064122502971e+00 -2.171138415588386827e+00
2.557449730107285824e+00 -5.809895767114697795e-01 -6.098011326037612312e-01 -1.093633691249785489e+00 -1.284009923890421678e+00 -2.862286121180568355e+00 -1.817097081002377879e+00
-2.644241992265568886e+00 -7.067986805649802973e-01 -5.179249032430029986e-01 -7.995785595069742069e-01 -1.097902186790455703e+00 -2.107254034691812716e+00 -1.214449034050955056e+00
-6.481588541933843706e-01 -3.704031381315093241e-01 -2.134854126636071270e-01 -3.133459654903752445e-01 -6.017874001634785364e-01 -1.208984658540324997e+00 -4.448392815363363950e-01
1.834970723349390320e-01 3.394746947805304393e-01 5.761280383746705258e-01 3.251219898243505879e-01 6.643482894775155695e-04 -1.789849896493474479e-01 3.859260092107901219e-01
8.612343521861834938e-01 1.172421536159317546e+00 1.671701564850054167e+00 1.046143824300798997e+00 6.346085839290662722e-01 8.661341693121155094e-01 1.224250735976854410e+00
1.469240878291855568e+00 2.048140854903607533e+00 2.803892267104248770e+00 1.779953382422784225e+00 1.271885383998497154e+00 1.810841060617903509e+00 2.047977371767744525e+00
2.006947977000596683e+00 2.902935499116363172e+00 -2.573807444224026408e+00 2.438847701250488775e+00 1.897482688188894429e+00 2.655799054716788454e+00 2.838458340680523939e+00
2.501574764969413778e+00 -2.641882601493751981e+00 -1.942410766314599080e+00 2.859664979533586227e+00 2.496244550517129568e+00 -2.843070851700640223e+00 -2.730328614084635230e+00
3.018116746497623293e+00 -2.010850488709549300e+00 -1.504192930294248720e+00 3.003882603814648888e+00 3.035107657614907417e+00 -2.050967609928330937e+00 -2.284003597737320757e+00
-2.680954076383768925e+00 -1.311670814803320706e+00 -1.064102295732349823e+00 -2.871890106514982222e+00 -2.831300888674845861e+00 1.627462326611214927e+00 -2.980664599037832208e+00
-1.987617588380715450e+00 -5.517148524904236240e-01 -5.447408415610471843e-01 -2.159768385759260667e+00 -2.542212110078925669e+00 2.301922210949228109e+00 -2.909615883509934608e+00
-5.515639403029835020e-01 1.999089608692162234e-01 1.194677525607576278e-02 -1.273783931980333017e+00 -2.190450759152126725e+00 2.864771740608579531e+00 -2.365499626699939739e+00
1.873808938599957674e+00 9.129739128873471943e-01 5.736051294788432342e-01 -2.742769616433942681e-01 -1.638418604760085273e+00 -3.019752136998570702e+00 -1.734525681597888447e+00
2.611146368814488472e+00 1.574674459479409538e+00 1.121039708186819972e+00 7.133447826587796525e-01 -8.202236577057645528e-01 -2.903345785231420617e+00 -1.064602482407926765e+00
-3.088095655109443616e+00 2.210240314198906209e+00 1.617649350683075582e+00 1.592893415701025495e+00 1.242412263667417083e+00 -2.885049320545483020e+00 -3.723224658927984376e-01
-2.608441136247636294e+00 2.929596132380331230e+00 1.868938946783386790e+00 2.387860170314206609e+00 2.811109153377132408e+00 -2.603298087352931667e+00 3.438993977738282193e-01
-2.210863752312296704e+00 -6.245386255974110234e-01 1.550052024967348618e+00 3.126974420902700391e+00 -2.601794249782339641e+00 -2.148234453006196532e+00 1.592854031497060729e+00
-1.776734264789064710e+00 5.399855792065357818e-01 1.659039454038797157e+00 -2.476977265762885683e+00 -1.793703818995695309e+00 -1.631438224012073945e+00 -2.026100499291772827e+00
-1.130705627610042008e+00 1.212158519224506126e+00 2.098285603944392452e+00 -1.882654746177284233e+00 -9.793468026430405260e-01 -1.082999161844512725e+00 -1.350703429104915809e+00
-1.783392582889829492e-01 1.863589562273261890e+00 2.530053471379063890e+00 -1.358402233443000817e+00 -1.566578303335214306e-01 -4.829114421490228182e-01 -6.798686509950067069e-01
1.023852232266576179e+00 2.540866726275362808e+00 2.931020014829377907e+00 -4.399366328020640204e-02 6.459876952796935745e-01 2.116112038948994301e-01 6.113239246750422351e-02
2.137135803790188415e+00 -3.036463090291124711e+00 -2.822517747817392397e+00 2.473771862169602986e+00 1.372495909198158337e+00 1.059035153367451798e+00 8.716939404827607207e-01
2.998201958038812620e+00 -2.331953097444218415e+00 -2.149407908560614811e+00 3.019972886488979213e+00 1.936702121711617153e+00 2.055180453428541387e+00 1.732358941610044001e+00
-2.718216634840962875e+00 -1.675499679826801369e+00 -1.401325770674339610e+00 -2.764316784338474609e+00 2.288913658293030728e+00 2.968902665022338905e+00 2.598490542084684662e+00
-2.665976926140466219e+00 -1.160681246399901445e+00 -6.369426562032047823e-01 -2.309448564581293439e+00 2.587498628996739658e+00 -2.607743876631538615e+00 -2.872845219840175268e+00
-2.712179631383826894e+00 -8.994193477826168959e-01 1.169286338726182733e-01 -1.882623488963115488e+00 2.988014434575269274e+00 -2.059854512528691561e+00 -2.165051364967699232e+00
-2.354275405741198313e+00 -7.921532315395245494e-01 8.696818343786671957e-01 -1.463650471170793166e+00 -2.822061734947832079e+00 -1.634472884211799926e+00 -1.604922589808961630e+00
-1.858723372470300950e+00 -8.084476204512767161e-01 1.630782304747453892e+00 -1.032608694372203040e+00 -2.326224255252345330e+00 -1.269694712962524230e+00 -1.227059796508044309e+00
-1.316465190018214049e+00 -8.677446471401966122e-01 2.399786271104304536e+00 -5.794469891192585154e-01 -1.843363546488176574e+00 -8.714126023375308172e-01 -9.305296651269435726e-01
-7.528326716292964571e-01 -5.655017299676274867e-01 -3.120479054275550723e+00 -1.252485826028283677e-01 -1.433708393904629785e+00 -4.288501824883209634e-01 -5.284056584278041813e-01
-2.140988156517185659e-01 -1.034317041979837121e-01 -2.314143973956644285e+00 2.736170220965566946e-01 -1.169563611876151210e+00 -1.924366455237560072e-02 -1.592880838273791344e-02
2.077359380245269727e-01 3.364192116854237691e-01 -4.591359512871501791e-01 5.590048005251091467e-01 -9.797619781510001902e-01 2.957051626506569941e-01 5.383015553423294852e-01
3.931245366895510518e-01 7.800180700120357136e-01 6.653758316327519351e-01 8.647220604803271815e-01 -6.707977125008689478e-01 6.243198306078303617e-01 1.115926112951157734e+00
5.487446150764483388e-01 1.287484131493103368e+00 1.322680911680538030e+00 1.391454580852856671e+00 -2.236902189940482011e-01 1.118404732008717373e+00 1.777366421109027428e+00
9.524423904966859977e-01 1.840620414068414590e+00 1.928792781200439732e+00 2.135570918402157403e+00 2.984221963058820704e-01 1.803459108494441354e+00 2.575781025394811241e+00
1.544119500682913371e+00 2.399736860734837496e+00 2.499715319352532550e+00 3.031662271412999043e+00 8.482922627315198083e-01 2.668815379870324023e+00 -2.816441319496157281e+00
2.239774609840547992e+00 2.962576615486969267e+00 3.088190191568403353e+00 -2.289588977735858233e+00 1.350991301416395229e+00 -2.618654536713069803e+00 -1.945806258559509283e+00
2.997054899704332254e+00 -2.741732321264656047e+00 -2.539547714072791784e+00 -1.354834027834812549e+00 -7.583394380083692266e-01 -1.623736477047016402e+00 -1.170682120786016078e+00
-2.519391795291869851e+00 -2.223471373903325610e+00 -1.871007206344411200e+00 -4.741629699968966105e-01 -4.446256086220924386e-01 -7.288655694323108447e-01 -4.775316703270065521e-01
1.859250763801545636e+00 -2.114707058518883187e+00 -1.379110847890364644e+00 3.904790933052218471e-01 8.719742535329971789e-02 5.791890124806493845e-02 1.879308595299044315e-01
2.600485460709522023e+00 -2.426968439463180527e+00 -1.925526394141682696e+00 1.326469370149761184e+00 6.503513307998205484e-01 7.545116400961721093e-01 8.564892776022918763e-01
-2.833584174637035158e+00 -2.038521745876507474e+00 -1.969844528506621284e+00 2.716561369514630897e+00 1.219754437648106427e+00 1.366059235289994067e+00 1.493359856588559076e+00
-2.029286310733159571e+00 -1.461804157492608391e+00 -2.242428190263702881e+00 -1.286420868346821456e+00 2.375393073967853319e-01 1.896947521155581740e+00 1.808457586724476984e+00
-1.324685635632762759e+00 -1.541462895895329144e+00 -2.796391978291492109e+00 -1.372993973702847925e-01 -4.142750771592684789e-01 2.403243851951367915e+00 1.227830435568068035e+00
-7.441429817800890856e-01 -2.454330699263024052e+00 -2.220301923494735430e+00 6.997885054194019627e-01 1.669264471215643753e-01 3.010313679960360478e+00 1.604506477157801037e+00
-2.725498066029050648e-01 -1.812096941819058005e+00 -1.489065052527157595e+00 -6.904646798499934901e-01 6.370609293247700977e-01 -2.490130608012859348e+00 2.323083907840476137e+00
1.392222183599156893e-01 -1.056453130816415120e+00 -7.329749039002345645e-01 -6.010465296576887884e-01 3.416032483661959329e-01 -1.585467391971299156e+00 -3.124240414180369907e+00
5.256591776147127026e-01 -3.186224386756385529e-01 7.898342569083781003e-03 4.289383506528424150e-02 -1.157670381839191881e-01 -6.983367538666931384e-01 -2.044627168100471515e+00
4.110384391060579179e-01 2.264469647444579958e-01 7.102005510867619442e-01 6.432486188608544930e-01 2.211489788548338387e-01 8.333593750894040253e-02 -4.835909012065602308e-01
-6.385553565931972875e-01 -1.854640075558127155e-01 1.336271932363763515e+00 1.183167500886639356e+00 6.603326365917231433e-01 7.737730406227487645e-01 7.633349031224949677e-01
-3.148455542994212375e-01 5.595891542427526046e-03 1.882717857978054798e+00 1.687963806888547191e+00 1.063865293110433097e+00 1.391546789830166109e+00 1.581295328002495060e+00
1.924123115353021662e-01 7.288676249853258682e-01 2.388934387413170768e+00 2.164475740290463968e+00 1.392245062869723382e+00 1.888829187927586695e+00 2.116799435540886787e+00
7.144043773349336712e-01 1.566217697801133513e+00 2.877636178630014641e+00 2.590614319041821823e+00 1.666369766123580121e+00 2.185132044937531770e+00 2.308195399824779948e+00
1.235929940299289376e+00 2.415141453062482846e+00 -2.929533285394310571e+00 2.964812006234861741e+00 1.964636350260527076e+00 2.374778609530265427e+00 2.457819951381392531e+00
1.745125017788681454e+00 -3.061046484723249250e+00 -2.465006409658951902e+00 -2.946817027266579014e+00 2.321454480536841114e+00 2.685192068093561257e+00 2.861549125774505598e+00
2.212855027384270645e+00 -2.297369493068173618e+00 -1.968837460668682704e+00 -2.524180384405538380e+00 2.711543775233665521e+00 3.109699650277931493e+00 -2.891621353037015396e+00
2.566969845015203422e+00 -1.608475275795766102e+00 -1.458631800152495606e+00 -2.054459687615831420e+00 3.121677098337788170e+00 -2.717083185661311795e+00 -2.334417440267253507e+00
2.656530922480015100e+00 -9.993811792118713067e-01 -9.650279609241644296e-01 -1.567650524148766600e+00 -2.734111875225769150e+00 -2.270800924764261541e+00 -1.797906635468632386e+00
2.456497112450863440e+00 -4.664955687175528221e-01 -5.072045536840501523e-01 -1.110857168940719841e+00 -2.341184470982979882e+00 -1.921760880484999934e+00 -1.323402141339767635e+00
2.405725885297121724e+00 -3.290922871597732474e-02 -1.204953916935717767e-01 -7.654373877800747517e-01 -2.216505601533193648e+00 -2.054496519307184244e+00 -1.023155365396838157e+00
2.715047652018495405e+00 1.150773443372179322e-01 1.266840453625900087e-01 -7.174707466301684100e-01 -2.574839794433104956e+00 -2.465419969634110142e+00 -1.180623319187941833e+00
-3.045568820533288257e+00 -7.485380962841051700e-01 1.160850727964383433e-01 -1.033651035813537788e+00 -2.489292158260033361e+00 -2.171504142568085882e+00 -1.365951946847657528e+00
-2.394152013604912366e+00 -5.518388808835710257e-01 2.213978262852121515e-01 -9.747687158336215685e-01 -2.067179773376574214e+00 -1.658258600379569181e+00 -1.100461341061077070e+00
-1.680243030126905124e+00 1.891045453803143553e-02 6.236420954509456216e-01 -5.667110057804007894e-01 -1.546487693275330866e+00 -1.086430540254342381e+00 -6.398678175663131684e-01
-9.434860031857335017e-01 6.873173069728368834e-01 1.191898025195774258e+00 1.151881442908489614e-03 -9.917632493479706657e-01 -4.972877632237816536e-01 -8.511059125240667822e-02
-2.159119445960858974e-01 1.380397838357650508e+00 1.830783982843529056e+00 6.556024641010826937e-01 -4.230848329270025521e-01 1.020699705301642141e-01 5.342873205694153027e-01
4.822574976700759741e-01 2.088453997992458344e+00 2.508694597570896523e+00 1.385841535228276467e+00 1.560451907591894616e-01 7.376926755385759815e-01 1.213442227518932492e+00
1.177530026631165683e+00 2.874624191100433102e+00 -3.048881436420435964e+00 2.230353357262678582e+00 7.496701811191868181e-01 1.462160318058508324e+00 1.974778004414701194e+00
1.884550121887570651e+00 -1.245156151585155246e+00 -2.226394331371934765e+00 -2.932641589840898622e+00 1.282342481884233498e+00 2.420906608204661747e+00 2.859575925901964855e+00
2.674788554130234974e+00 3.431421628118326295e-01 -1.069682400107432318e+00 -1.438939053960203385e+00 -9.992818893964761084e-01 -2.126667689787930637e+00 -2.385023222727513215e+00
-2.783726638194893369e-02 1.032489789995676643e+00 5.563302498577135102e-01 -2.302696678091256388e-01 -4.038537535764648578e-01 -6.131074494155047683e-01 -1.260265898394774986e+00
6.963144021359299884e-01 1.643266452673878941e+00 1.727924828008268188e+00 6.728025160298677365e-01 2.061641728925485972e-01 2.802416011893516523e-01 -1.976293130467643155e-01
1.320662680250267895e+00 2.225193953451155338e+00 2.583786585215013698e+00 1.460595266196039521e+00 7.891135501761865623e-01 1.012025472521233871e+00 7.668852030407976583e-01
1.880280924822052668e+00 2.764676962250866232e+00 -2.954851085538141575e+00 2.187462977336964265e+00 1.350967179067499746e+00 1.683779151771653382e+00 1.670985622163820850e+00
2.369007973870751016e+00 -3.058776791933967676e+00 -2.292531734960581158e+00 2.869521934736849467e+00 1.910581172131566419e+00 2.339359010803510497e+00 2.538966318082462426e+00
2.796368960210447785e+00 -2.646622736471179849e+00 -1.676617563525401255e+00 -2.757911344175819401e+00 2.485150500001949592e+00 2.999439204113732771e+00 -2.904024517289738316e+00
-3.052970748231749631e+00 -2.242669730911033721e+00 -1.062947045096620080e+00 -2.112769690200196226e+00 3.080034301577627698e+00 -2.622476576310403207e+00 -2.087438560796283760e+00
-2.592067421346677225e+00 -1.921495487733661633e+00 -3.766379046572186917e-01 -1.441494858286814118e+00 -2.591280191335253225e+00 -1.955847323414761751e+00 -1.291429479698428473e+00
-2.079481212671724144e+00 -2.246980529332757826e+00 5.342362591177289843e-01 -6.908627453884105263e-01 -1.941829340614523280e+00 -1.236209391352758313e+00 -5.067222806986957373e-01
-1.542247151699108310e+00 -2.320103262787526877e+00 1.965217358718394980e+00 3.626523486044662681e-01 -1.119391037830700153e+00 -2.899210694759021267e-01 2.820345301013669204e-01
-9.758449132769808632e-01 -1.779751663888110569e+00 -2.732568756622272499e+00 2.982782008573745980e+00 1.735699965470584472e+00 1.063826998400434709e+00 1.081584398789493306e+00
-3.806389899408032518e-01 -1.086344973927315438e+00 -1.709930594488227928e+00 -2.117553014227895325e+00 2.762598163104494464e+00 2.279654191989375356e+00 1.877464288912090717e+00
1.735037810731691055e-01 -3.588596170262342011e-01 -1.112500714141585911e+00 -1.260179665888667477e+00 -2.774567283621887981e+00 -3.073822013690923782e+00 2.615592991455280458e+00
6.027013877171304435e-01 3.108568211460319697e-01 -2.824711372523292852e+00 -4.645709550692294632e-01 -2.032735050956950396e+00 -2.232535251006043442e+00 -3.124676195050039684e+00
6.384778438488438734e-01 7.198772210099099178e-01 -2.386683765981578276e+00 3.490807288595472735e-01 -1.254018372345671706e+00 -1.395496773578702054e+00 3.104873057601811759e+00
5.458242794490709704e-01 2.753070242256104305e-01 -1.738321738801301475e+00 1.102610580728010214e+00 -4.374633386649047218e-01 -5.055870186322867221e-01 2.982203368423345768e+00
8.122296032027924717e-01 5.630907438875060178e-01 -1.070755083406522923e+00 1.278117245713708439e+00 3.770762094580284995e-01 4.796933849018856222e-01 -2.861241326308054944e+00
1.254454946435691998e+00 1.246076590925318417e+00 -4.393918529944396689e-01 1.260607333098023641e+00 1.116275875391870009e+00 1.449052944295741829e+00 -2.330857254149255375e+00
1.722465710948365425e+00 2.014853144044395084e+00 -1.866979038023289933e-02 1.851081842470774896e+00 1.712604859252721212e+00 2.212067565631058219e+00 -2.011633388193248440e+00
2.173331762731680161e+00 2.748938945767470887e+00 -1.249420508269165397e+00 2.554850940892037681e+00 2.215959863489288750e+00 2.828211438033047198e+00 -2.428251209879902284e+00
2.602025155133394385e+00 -3.061919828847320613e+00 -8.226531044273460713e-01 -3.046335105357981909e+00 2.732031096824158123e+00 -2.858850002505803900e+00 -2.377719212868321108e+00
2.991569982851873810e+00 -3.000733409659952500e+00 -1.339249033869036598e-01 -2.444477829706064309e+00 -3.020760595373118917e+00 -2.252126970250399651e+00 -1.846591110109833345e+00
-2.956444142632733030e+00 -2.721245786434032699e+00 6.678219189891165808e-01 -2.077816305949075293e+00 -2.543225782672177804e+00 -1.717199210401971543e+00 -1.154408185585031887e+00
-2.744566577692753029e+00 -2.089288877360253593e+00 1.692772999934740952e+00 -2.070637176208474983e+00 -2.248850912157671633e+00 -1.614116744444315854e+00 -1.905828023689690176e-01
-2.671866953227833186e+00 -1.395845439163755142e+00 -1.608886335953478852e+00 -2.122837454781402844e+00 -2.238016912962036198e+00 -2.212591848876840572e+00 1.797548152448381842e+00
-2.621866468053605459e+00 -7.677886483892810698e-01 -9.664764402482549643e-01 -2.101460808446775630e+00 -2.256360189625349122e+00 -1.934795142740272533e+00 2.891359563743726380e+00
-2.371587764642864915e+00 -3.522768890418691012e-01 -6.733644243018310771e-01 -1.951712466512451227e+00 -2.072525659707425305e+00 -1.415688393281720359e+00 -2.721014952605488979e+00
-1.949575989743589588e+00 -2.981878033284694474e-01 -4.320030635060591595e-01 -1.489307419536081589e+00 -1.756133258797976771e+00 -8.872607419525635475e-01 -2.060492329133285505e+00
-1.422887642929489660e+00 -1.050358279679196316e-01 3.365841458784726153e-02 -8.010699265176884909e-01 -1.341886032231396353e+00 -4.287500409925139033e-01 -1.325088204313803253e+00
-8.453387814243826792e-01 2.396329232605529658e-01 5.526325695676665983e-01 4.744512300426019513e-02 -8.447027610081782045e-01 -7.769234704249466938e-02 -4.545382165863849355e-01
-2.546967971202350745e-01 5.284064057379537216e-01 1.049091956942170611e+00 1.068678092069508923e+00 -2.681647656848900607e-01 2.858835817800508550e-01 8.057161913328598768e-01
3.550906711931453019e-01 6.925595601396757894e-01 1.437169752804674738e+00 2.120558989354891732e+00 4.721526407285538407e-01 7.967886016441916297e-01 2.550162173057956672e+00
9.870892204565729910e-01 1.011285619849338735e+00 1.807756575922161879e+00 2.946350235931278760e+00 1.535762471852749833e+00 1.476879206823804358e+00 -2.652818122132075018e+00
1.813702112680360523e+00 1.464536251194611616e+00 2.262037442382755614e+00 -2.712805140604196197e+00 2.688476578551243890e+00 2.237389350176280267e+00 -1.940786607445581291e+00
-2.848518299635426132e+00 1.944172542706697593e+00 2.758993697125136091e+00 -2.217418390423138153e+00 -2.703732295428901367e+00 2.916884798110338295e+00 -1.383306314936406212e+00
-1.382523322383431230e+00 2.320954929102711173e+00 -3.028135999578079662e+00 -1.849685297329562328e+00 -2.000022878665526527e+00 3.083866219425750455e+00 -1.017582889985172878e+00
-5.460159592104758541e-01 2.372011195945394224e+00 -3.121929328762856670e+00 -1.632495071276742316e+00 -1.468017321353948024e+00 2.699178307429270784e+00 -2.479688052486197947e+00
1.253352085325573906e-01 2.325936651351053985e+00 2.332258091073708961e+00 -1.371216177439676498e+00 -1.325343361375540763e+00 3.071801490760907249e+00 -2.271720582885115913e+00
5.265568576283747859e-01 2.573370882908740942e+00 2.710630401329946704e+00 -9.934270073946228630e-01 -1.914160358864536171e+00 -2.732111028086261495e+00 -1.687808411226798810e+00
6.027945140727120066e-01 2.994408548533868508e+00 -2.957517856746932239e+00 -6.664936760158709506e-01 -2.586166434348289300e+00 -2.394459299466284996e+00 -1.064088884803127133e+00
4.366883214383299738e-01 -2.900084879798946691e+00 -2.375386836280729774e+00 -5.288745106265082541e-01 -2.650772135343995473e+00 -2.282602924344228512e+00 -4.069105598438154670e-01
5.636616534578179349e-01 -2.607583939343994572e+00 -1.888457685568051048e+00 -3.715021918477203755e-01 -2.324558204812416928e+00 -2.137595351258156917e+00 4.022454403259562161e-01
6.599990664301496057e-01 -2.475894783630358642e+00 -1.826401208932904252e+00 2.491873852575285042e+00 -1.927028728967337790e+00 -1.892535670348864940e+00 1.534558549297920127e+00
1.016554612936815039e+00 -2.320412914669673476e+00 -1.903865661590194547e+00 -3.092112096481590466e+00 -1.831181080816622231e+00 -1.769343514925969751e+00 2.611395455080001593e+00
1.648308434653996013e+00 -2.095821737576098798e+00 -1.547512968789839682e+00 -2.555100962368934692e+00 -2.405245600461584754e+00 -1.882238668353038102e+00 -2.918690029179554113e+00
2.606181117492208710e+00 -1.770829321646488097e+00 -9.738707705848343998e-01 -2.012579452986485329e+00 -2.306222149350561690e+00 -1.741884698199866799e+00 -2.311679631570355831e+00
-2.407172635576402264e+00 -1.364736410305486203e+00 -2.398313972196590149e-01 -1.501018937002301268e+00 -1.880416220467360011e+00 -1.316467816054160744e+00 -1.764390689537589596e+00
-1.308542256579477314e+00 -8.948976065175996419e-01 6.078754038575145957e-01 -1.062524846276828860e+00 -1.418948363478629515e+00 -7.850414023186365053e-01 -1.298047911377479435e+00
-4.598652050755406284e-01 -3.832622965088068323e-01 1.815537873822683723e+00 -8.380615216634789144e-01 -1.042368066542982419e+00 -2.484194126462167529e-01 -1.075092516156153311e+00
2.490534176851257331e-01 -7.167244683611070921e-02 -3.064150145240362111e+00 -1.154253801993914808e+00 -9.056117995167483059e-01 -3.248898300789532789e-01 -1.503974463803749995e+00
5.626023178535896063e-01 -9.472637186651350349e-01 -2.012173824390972587e+00 -1.305299317045288898e+00 -9.810524646630716106e-01 -1.872553262160094434e+00 -1.647576501456658571e+00
-2.906960501551482112e-01 -1.058055868524856891e+00 -1.145135020777218848e+00 -1.078687075893223435e+00 -8.370243256161478129e-01 -1.431158222678852177e+00 -1.354672794216958076e+00
-2.520861200056484508e-01 -5.390358407806569163e-01 -3.569761256657309478e-01 -7.753137071042383033e-01 -5.058323047289871033e-01 -9.670858656004979181e-01 -9.840219210306948572e-01
2.432354411544322137e-01 4.943947741247032256e-03 3.407726337585780252e-01 -5.350675396904723824e-01 -1.306653841849558795e-01 -5.556559389646220648e-01 -6.208500397464634668e-01
7.245597984102730704e-01 6.116690254779403313e-01 1.053649430614306493e+00 -3.769444821348377217e-01 1.562394201829037099e-01 -2.351949229516230311e-01 -2.880261918624490991e-01
1.185374747868120693e+00 1.152224274868605125e+00 1.701547683272107481e+00 -3.727489188421307942e-01 1.626011383502552754e-01 -1.236266747787067438e-01 -9.697841623690686350e-03
1.518911723622728749e+00 1.622361151892355080e+00 2.229144215792598249e+00 -3.616201550970133960e-01 -1.871357123042999004e-01 -1.880043980312175178e-01 4.023529371171467861e-02
1.652271835528987376e+00 1.725058162560383579e+00 2.466281822365502752e+00 -2.106080472219101218e-01 -1.698284330764829042e-01 -1.410722212207441983e-01 -2.258302032783856828e-01
1.532079011518403533e+00 1.673131974607625638e+00 2.202126018566181287e+00 1.472698451081724536e-01 1.002923050174878289e-01 1.231034557403972995e-01 -2.143432026013614988e-01
1.414315555706309846e+00 2.210839649177536170e+00 2.632868632596403913e+00 5.610754834006254077e-01 4.721841648417547943e-01 4.623603927977873451e-01 1.136420364112055298e-01
1.442624936236736266e+00 2.858717891858665983e+00 -3.119318506184777018e+00 1.014928276198550083e+00 8.373400182539718628e-01 8.391975980193857598e-01 5.082179448214508843e-01
1.556704576266946471e+00 -2.456036602004998848e+00 -2.302498132585425683e+00 1.338473258036567914e+00 1.201301134947803995e+00 1.191401658211889814e+00 9.573485423760017543e-01
1.670363812898163491e+00 -1.618679045934770411e+00 -1.479803174240715835e+00 1.495508703364230696e+00 1.552519782549287353e+00 1.643977682143362706e+00 1.484322608733332327e+00
