-1.239229046838315584e+00 -1.145241197828091195e+00 1.391593056233199732e+00 -1.070741515598425897e+00 1.462806561606908806e+00 -1.506210458365265570e+00 1.021172066454639982e+00
-8.874519732911269054e-01 -1.596705277368275055e+00 7.086648323791181481e-01 -2.489944181812834945e+00 2.033214031330329519e+00 -1.956473702840597850e+00 1.716462219212788076e+00
-4.392502850411911242e-01 -1.048396859319561392e+00 5.472386734647280981e-01 -1.759599337789362394e+00 2.620355821614340552e+00 -1.711501725534283036e+00 1.691097629847498007e+00
6.579204455789350314e-02 -3.923236356786679591e-01 8.254403761330163514e-01 -1.069354416558818244e+00 2.954426110093873792e+00 -1.256502213582621374e+00 1.721824505854655518e+00
5.965680302175969674e-01 2.480534396230129057e-01 1.247092542101707613e+00 -3.984289993046852829e-01 1.006750734133578851e+00 -7.423634704247290550e-01 1.968753218599214261e+00
1.092081705465911545e+00 8.692367720025324651e-01 1.658887360357180096e+00 2.628849386309870528e-01 1.208482815590315118e+00 -2.246204545157244326e-01 2.256806132792850139e+00
1.522629418017689362e+00 1.406258118924360145e+00 2.036982386015153246e+00 8.497320616238758229e-01 1.617413464528071110e+00 2.532881418616071967e-01 2.514778044784705902e+00
1.871481948899293091e+00 1.830152799064465263e+00 2.399611922970720901e+00 1.395389476451509791e+00 2.026194966528576558e+00 6.771595218256060145e-01 2.698188500074788276e+00
2.169666038325405388e+00 2.150024585494537011e+00 2.758466388725829166e+00 1.897757384654277457e+00 2.439762047037965509e+00 9.223528777133224166e-01 2.905798558208489091e+00
2.480606225366586592e+00 2.441212712688205944e+00 3.117679884148069291e+00 2.359681146704565968e+00 2.832825105569801050e+00 3.991706323356200015e-01 -3.127942924464774954e+00
2.831683126196105516e+00 2.797533527742088744e+00 -2.824947429426192702e+00 2.809900408778716496e+00 -3.043257447351387590e+00 -2.938262119036723075e-01 -2.849588083069933386e+00
-3.065341836684264631e+00 -3.068714811422813771e+00 -2.486236078556209428e+00 -3.028084563902794901e+00 -2.656463704874695519e+00 -3.074512793083189477e-01 -2.598638782039846884e+00
-2.661822377570165266e+00 -2.553332184867535215e+00 -2.137383539079869887e+00 -2.511695231785196825e+00 -2.261094219066263289e+00 -2.426784893790602804e-01 -2.408412656517866512e+00
-2.247053985378825391e+00 -1.933571340693148510e+00 -1.775878160007668516e+00 -1.931681313898250041e+00 -1.897181972461704280e+00 -1.112361217338279917e-01 -2.380294604027099137e+00
-1.833408756937387141e+00 -1.131553115002036813e+00 -1.438560479432265726e+00 -1.118534766777829814e+00 -1.589083404378298203e+00 7.214661923793473652e-02 -2.530045219570026926e+00
-1.452262516444486673e+00 -9.504867675420461404e-02 -1.204666464734049702e+00 5.202857290834151938e-01 -1.570910418084136451e+00 2.854439716962408058e-01 -2.680144051214953915e+00
-1.213481340782708973e+00 9.205405832429387480e-01 -1.192955085786733038e+00 1.781356022262893468e+00 -2.609621125159849786e+00 4.997124149501572243e-01 -2.702084337101490430e+00
-1.396340744506511689e+00 1.656762095857859052e+00 -1.274395843901059644e+00 2.431002832332808339e+00 -2.712674659017536793e+00 7.077282341780598562e-01 -2.678768833701257179e+00
-1.635730009648739491e+00 1.878047774584058249e+00 -1.147426748279045450e+00 2.776220357614021417e+00 -2.386056727328851323e+00 8.533249822033729393e-01 -2.613727484163137937e+00
-1.392740240809626107e+00 1.135307765173506400e+00 -8.893246456252782428e-01 2.638391298372132265e+00 -2.023289764570475491e+00 8.770356414460482863e-01 -2.481634531390122245e+00
-9.040467306251810387e-01 6.591310478958481989e-01 -5.890347133453045503e-01 2.654968513675854513e+00 -1.689738708131214961e+00 8.867932610094177992e-01 -2.289245816451769500e+00
-2.354047220152550302e-01 8.975573178300891852e-01 -3.221763235386497781e-01 2.917155128224871330e+00 -1.514798904035737026e+00 1.050836324965523039e+00 -2.098668961730696836e+00
6.723797489634287805e-01 1.336108022398004858e+00 -2.686856523670064778e+00 -2.991849941124389733e+00 -1.808833745930621850e+00 1.311997039520143016e+00 -1.958830586513090388e+00
1.756222710595206404e+00 1.856233046728617220e+00 -2.397041011633862073e+00 -2.632325953934163021e+00 -2.249719134608058724e+00 1.556462265290253333e+00 -1.933061211559274017e+00
2.749874837422358720e+00 2.354847193443482478e+00 -1.945682357336924850e+00 -2.232862223276417701e+00 -2.107659496645530872e+00 1.702177872491886124e+00 -1.968801868271791378e+00
-2.666549630738700660e+00 2.232553562105668465e+00 -1.467060232579839196e+00 -1.805228782502643181e+00 -1.741994263680210375e+00 1.798538908781861290e+00 -1.844053140035987415e+00
-1.844835443503922257e+00 1.058701660229073083e+00 -9.854469217576142803e-01 -1.052004142123453834e+00 -1.293054924230312430e+00 1.986475592207856966e+00 -1.513978402760805198e+00
-1.021730852918372623e+00 1.456804430704277786e+00 -5.228599490001786254e-01 7.373176242682103476e-01 -8.243176313163108615e-01 2.286869187909801759e+00 -1.074345703408450259e+00
-1.971702808106907678e-01 1.977215373181919089e+00 -1.120814145183301885e-01 1.838909386264104606e+00 -3.992518289904350426e-01 2.665969073615733986e+00 -6.097723946634061587e-01
5.885365091674509275e-01 2.493463096576292948e+00 2.163490347138602721e-01 2.613243166025732034e+00 -4.366736337045677707e-02 3.096457387097458103e+00 -1.750931687619449728e-01
1.306050730380777569e+00 2.956517790704282334e+00 5.123717889970345052e-01 -2.991160593081259922e+00 2.640770856914969600e-01 -2.741015277243223469e+00 2.050902492236319763e-01
1.985955903772918640e+00 -2.984772700867734940e+00 8.566921091527345267e-01 -2.535700910292967070e+00 7.007827835827719065e-01 -2.342806976967713783e+00 5.543356719177694458e-01
2.669717095977341970e+00 -2.741457315150868101e+00 1.250026091017231833e+00 -2.942881444482626119e+00 1.437726633730106229e+00 -2.035948247986082649e+00 8.967881034155452680e-01
-2.915651460889660207e+00 -2.780224465219336860e+00 1.615146066533936553e+00 2.894528634772358888e+00 -2.182940236021523983e+00 -1.768167408975956034e+00 1.251192961151872840e+00
-2.204542634675384694e+00 2.682565615678704329e+00 1.877750371223900538e+00 -3.137801596006474458e+00 -1.134216580943216979e+00 -1.472619005035133322e+00 1.655257947582933653e+00
-1.469188044019631878e+00 2.847311565219143414e+00 2.070483172628725388e+00 -2.744514617376218268e+00 -3.921857527785569397e-01 -1.240901295714763153e+00 2.151698672416025193e+00
-6.730922245787320790e-01 -2.901234798714532825e+00 2.301484880692726165e+00 -2.257053983313131784e+00 2.945696195038445264e-01 -1.136595706492267377e+00 2.728169356452053496e+00
2.767759031376350598e-01 -2.315028401434622296e+00 2.565251612769108291e+00 -1.736030992146140983e+00 9.701542339920741220e-01 -8.510033500544069707e-01 -2.964884260973372765e+00
1.409191946151577612e+00 -1.755896603902432185e+00 2.763718222779760314e+00 -1.263060668697208122e+00 1.629895178458464100e+00 1.425471751468456172e-01 -2.457519056741046537e+00
2.402113727428950796e+00 -1.298484627250682033e+00 2.862661710097445411e+00 -1.091129814939433729e+00 2.332210299088701699e+00 2.779505655043510881e+00 -2.354877451620373652e+00
-3.140147396739877195e+00 -1.078410784238457154e+00 3.018592467605702101e+00 -1.750529796427610307e+00 3.088403154610216195e+00 -2.785345407342617818e+00 -2.685311167521649445e+00
-2.540756010826394018e+00 -1.170433908710668769e+00 -2.929659387631486478e+00 -1.725953777731896510e+00 -2.452712362351641140e+00 -2.173129196606880420e+00 -2.376683991523705242e+00
-2.005502698469192158e+00 -1.117132941421991710e+00 -2.478513354963400861e+00 -1.310401006178397720e+00 -1.727944014401738837e+00 -1.581560253083127421e+00 -1.795282295046222165e+00
-1.488834307826991221e+00 -8.096682841072810888e-01 -1.964167082028001277e+00 -8.105307649051449737e-01 -1.031012688926930432e+00 -1.001056044945888956e+00 -1.156844023570768876e+00
-9.720551267482735458e-01 -4.167519491169563994e-01 -1.367325578405233610e+00 -2.888471028438615584e-01 -3.630415121040810322e-01 -4.356329013254734983e-01 -5.321008951917433061e-01
-4.510634647692663424e-01 1.393267679773312626e-03 2.879314892753183017e-02 2.371552396836049681e-01 2.885625645828384100e-01 8.592045630616461371e-02 2.172763244999775453e-02
8.171974803571137314e-02 3.784414191747118572e-01 2.171418928330237197e+00 7.368225132998668103e-01 9.299481218966143548e-01 -7.573413591998677530e-02 3.862906902998954894e-01
6.615108402715315083e-01 3.617185946937331864e-01 2.821069541559888538e+00 1.161429275163249120e+00 1.607402497767526750e+00 -1.895651490477991086e+00 5.243651807340556914e-01
1.586937338389805774e+00 -1.531468822575261957e+00 -2.935811096261021547e+00 3.710811156234438690e-01 2.359386150686913819e+00 -1.639410327435068204e+00 7.349533146286381102e-01
-2.468027500380399974e+00 -1.376295842216285203e+00 -2.441117555382231075e+00 -8.833721574315498426e-01 -3.116346589526524991e+00 -1.327568222993136926e+00 1.242210299072995960e+00
-1.698655677388334562e+00 -1.071789816368422743e+00 -1.960548331095242069e+00 -5.972378384516803251e-01 -2.338589572394686122e+00 -9.277373806326436601e-01 1.993073722234926404e+00
-1.210048288743450717e+00 -6.736554659524081057e-01 -1.487389491513779971e+00 -2.737315035452045353e-01 -1.673532206114244802e+00 -5.034793175064045112e-01 2.748094613903024008e+00
-7.803679277295718641e-01 -2.365983526364231482e-01 -1.043666026187253237e+00 1.683691483021473867e-02 -1.085511878946212594e+00 -1.688739969838106980e-01 -2.858465270236028033e+00
-3.777204368532844359e-01 1.814417964487383406e-01 -9.720986022072601873e-01 2.624122528489157835e-01 -5.564344038082925659e-01 -3.798548664521628898e-02 -2.282525805636415939e+00
-2.110229517268653529e-02 4.975068095221525932e-01 -2.592440000165160185e+00 4.935778285724121139e-01 -1.472091925927112577e-01 -6.867765031063921555e-02 -1.827041577208929235e+00
1.568607312226932837e-01 6.438859700163235278e-01 -2.168581327657574942e+00 7.756709764910310057e-01 -1.428956326757640019e-02 -5.133492608264908497e-02 -1.467037706626131532e+00
-1.023946068689291361e-01 7.276507612069053055e-01 -1.592058340791500548e+00 1.109212880691871517e+00 -1.775059251077341638e-01 3.196819313004235080e-02 -1.079308294214399444e+00
-1.432068526186140167e-01 9.846288586762712569e-01 -9.881480688660994049e-01 1.467415398323224984e+00 -4.543241714952374333e-02 1.668656288906094909e-01 -6.095352159493254707e-01
2.553139303674059613e-01 1.404973928842341735e+00 -4.339242550376520291e-01 1.805615531380046823e+00 2.736177166364568425e-01 3.926003326542735761e-01 -1.215518473471184635e-01
8.016660237914550180e-01 1.918988775253272827e+00 -2.092126651503411205e-01 2.001867452732585928e+00 6.018021806446408606e-01 7.355666901178324890e-01 2.942586693015490917e-01
1.363740638779350922e+00 2.468254739016414678e+00 -7.338912164354888246e-01 1.235091941307181251e+00 8.724627398623991947e-01 1.155576703515604819e+00 6.024431070906054453e-01
1.742393740793129808e+00 2.384843568511795908e+00 -5.079929857007801086e-01 7.489778383887812918e-01 1.143781646955261966e+00 1.591899970722547630e+00 9.204150971627184097e-01
6.896174902183875854e-01 9.223341679878634958e-01 5.428818998789138039e-02 1.053338547893297505e+00 1.469252847536830275e+00 1.986212246604523113e+00 1.328602186114795192e+00
6.809090137331172965e-01 1.527851087911443084e+00 6.754672374947714442e-01 1.489599851603029768e+00 1.852829489396378815e+00 2.248827654643671181e+00 1.790202364153558268e+00
1.161699285191983400e+00 2.179947338107608434e+00 1.302327702647448238e+00 1.957497883234465608e+00 2.271832809518884666e+00 2.157804048806880814e+00 2.255784278708897528e+00
1.705438380260757336e+00 2.839771638241386675e+00 1.935294816320452638e+00 2.431222500445946455e+00 2.704789350893957334e+00 1.851699480147811050e+00 2.673873126626342689e+00
2.280062376396990942e+00 -2.755604488216925052e+00 2.636721350130218688e+00 2.904989531207387898e+00 -3.133621575971709650e+00 1.840874896894756585e+00 2.940377427802209453e+00
2.898089421309577585e+00 -2.010399815419311675e+00 -2.641553646010513123e+00 -2.929001321261669677e+00 -2.700098574219376601e+00 1.787795376205227216e+00 2.911142129366003140e+00
-2.654522428733858241e+00 -1.181297764143940610e+00 -1.291365965998802601e+00 -2.573728577039136489e+00 -2.331397937122544395e+00 1.542205331481220076e+00 2.876688035717200442e+00
-9.443443515438928459e-01 -2.943183453800366500e-01 -4.184390439225521563e-01 -2.459364466580243658e+00 -2.452057973336350116e+00 1.491401511171303707e+00 3.135285921791998831e+00
9.798537523595156618e-01 5.759586779996090922e-01 1.142584462412477575e-01 -2.408980766797078399e+00 3.029347559297667303e+00 1.697930229257072599e+00 -2.705576315647455932e+00
1.757646178991435715e+00 1.419445224677631456e+00 4.257810565944892267e-01 -2.064940181591624846e+00 -3.057392832329024479e+00 2.057937950184486553e+00 -2.187398648351650099e+00
2.422160259651987779e+00 2.320599364008445242e+00 2.939635002335776459e-01 -1.346663678038537260e+00 -2.594766468912666824e+00 2.490644620898169848e+00 -1.647047616177659934e+00
3.027665220647667521e+00 -2.520951304283261862e+00 -1.112160716284569667e-01 1.133645458312793619e-01 -2.090466072988220514e+00 2.893414862125135656e+00 -1.115148499653166203e+00
-2.784802905940137574e+00 -5.224783459358645077e-01 7.818936802011958176e-02 1.189040101312256015e+00 -1.624307328111696425e+00 3.070482901015867405e+00 -5.904293201406101144e-01
-2.706663404432477105e+00 3.685012409879095396e-01 4.343502582922568744e-01 1.828271952121972799e+00 2.475615382159338296e+00 2.695907681540141265e+00 2.802872249035941010e+00
-2.861127127667153935e+00 9.587253418803142191e-01 7.611928018266663765e-01 2.353702128193893905e+00 2.816141817197591379e+00 2.457068718622787085e+00 -3.013862952480597990e+00
-2.431745520066827648e+00 1.436739265225980056e+00 1.049468896009193575e+00 2.821127631248854239e+00 -2.986061822341259386e+00 2.618771126169922248e+00 -2.616867932119655737e+00
-1.572987984987880727e+00 1.876993417681041665e+00 1.398926056611488056e+00 -3.041690316880323319e+00 -2.515769907428006213e+00 2.942811074625995449e+00 -2.168089089787572199e+00
-5.136730654414650710e-01 2.328506981333301251e+00 1.849144311150202169e+00 -2.718452238424050815e+00 -2.138449557846746174e+00 -2.939397479225101417e+00 -1.684369537709675235e+00
4.131651104336518388e-01 2.820344062320942591e+00 2.356682167138694162e+00 -2.606252464381218825e+00 -1.875995540705544640e+00 -2.488922096912967508e+00 -1.207671512179961715e+00
1.134954615497244523e+00 -2.975715252425082724e+00 2.845192196114147976e+00 -2.891241672971951004e+00 -1.713904155176010802e+00 1.255177216814778562e+00 -7.806081952483561182e-01
1.702086880926353629e+00 1.084894968166066898e+00 -3.070694947344772885e+00 -3.017747679119221260e+00 -1.564147443404111160e+00 1.750203909128324797e+00 -4.498884911866345981e-01
2.150193740149458854e+00 1.533960835056279892e+00 -2.858627409828832011e+00 -2.748574704693997894e+00 -1.370010828807359804e+00 2.290692647076948418e+00 -2.137525089374560927e-01
2.507934608420658407e+00 2.104704649638506453e+00 -2.589763856579841761e+00 -2.328797344249574852e+00 -1.177603560730144938e+00 2.791523618262056416e+00 5.364694809091510863e-02
2.804400470291774639e+00 2.644216917194252225e+00 -2.010419931188564213e+00 -1.906835137277732795e+00 -1.270322917398686080e+00 -3.084720423135997702e+00 4.612480250354526468e-01
3.072082852547517007e+00 3.084017837434657405e+00 -1.225321126636387925e+00 -1.553397833108246973e+00 -1.968546237909814867e+00 -2.813395209274831110e+00 9.213619124185025155e-01
-2.947008489854141988e+00 -3.124483901998162505e+00 -5.121491301075217217e-01 -1.254548635940871293e+00 -1.957008668017370168e+00 -2.664343943781689816e+00 -1.097902210009039092e-01
-2.701970942657071717e+00 2.279689173439479077e+00 1.295743154801732300e-01 -8.944682785304555184e-01 -1.556034575455837565e+00 -2.537915800562557500e+00 -4.524019467706767439e-01
-2.510354929852336436e+00 2.341234628480443281e+00 7.626505500854988684e-01 -3.730930176495836914e-01 -1.018703243540647119e+00 -2.339241962242694761e+00 2.043285197779788620e-01
-2.338391547690199079e+00 2.853411738676187248e+00 1.404335447042737162e+00 2.963499704676785473e+00 -4.990818894284836937e-01 -2.020925396392862172e+00 9.539214353096246990e-01
-2.071162444043816109e+00 -2.785376518537346247e+00 2.046094233409527785e+00 -2.439464081576690813e+00 -2.254448918860231021e+00 -1.594322451162490717e+00 1.751394778792569884e+00
-1.677324836926910701e+00 -2.082427814902843899e+00 2.676227515376557786e+00 -1.732410090885719844e+00 -1.801486872449358900e+00 -1.111574874756545039e+00 2.575800713887437698e+00
-1.186344090253366623e+00 -1.355889394124180747e+00 -3.004432677794429463e+00 -1.033876456432042401e+00 -1.071238348233429116e+00 -6.377404035900755552e-01 -2.874037339390159929e+00
-6.117095653181633397e-01 -5.360091022997718335e-01 -2.475760548315023790e+00 -3.590144852770709161e-01 -3.106096151136200634e-01 -2.192759218942872956e-01 -2.042422580574903002e+00
4.499658462889928601e-02 2.874376591210227705e+00 -2.313420852976374231e+00 2.763747233532376502e-01 4.589373564223334090e-01 1.705310909677126008e-01 -1.219430257048445432e+00
7.753451058729444734e-01 -2.717837388220889938e+00 2.606152717535985985e+00 8.557212294135450037e-01 1.223355748267174192e+00 6.000791350605383379e-01 -4.100375816105519267e-01
1.563590048558491485e+00 -2.149615407735031791e+00 2.817371395185431560e+00 1.374982382717115481e+00 1.987747423869105079e+00 1.086534223293900370e+00 3.722281792823191604e-01
2.403405030788994701e+00 -1.627910537790300260e+00 -3.057061626946749211e+00 1.838721283242318982e+00 2.760302414890427603e+00 1.688446632207468490e+00 1.101264536599106503e+00
-2.968723236998213277e+00 -1.174625734350347894e+00 -2.666966327641904666e+00 2.257458875794685849e+00 -2.714546411540871951e+00 -1.360043091192854936e+00 1.771951414150701121e+00
-1.936408724239981893e+00 -8.785561487723104745e-01 -2.359198565790360469e+00 2.596735086260183678e+00 -1.550139220616589597e+00 -7.420974217910493165e-01 2.403413780513526721e+00
-7.924070289796656397e-01 -1.209055515089820121e+00 -2.181102332400429056e+00 2.814969674483669859e+00 9.165879624690425054e-01 -1.643473330894401618e-01 3.020129541911114046e+00
2.606611179755728980e-01 -1.953431293290534221e+00 -2.176693383659968895e+00 3.095752348735618664e+00 1.860989177151921137e+00 4.275088789106338827e-01 -2.650340458621356365e+00
1.118188315904653951e+00 -1.747588545683242733e+00 -2.254717894271307088e+00 -2.771301435522851797e+00 2.540380674782732662e+00 1.033402638888303970e+00 -2.136252357796656121e+00
1.850881479992255274e+00 -1.335917840447781391e+00 -2.210012022013971844e+00 -2.288041049286617667e+00 -3.105398621374563017e+00 1.675100594803501375e+00 3.012066276081221794e+00
2.524451662010458897e+00 -8.984905514451150266e-01 -1.954468516259154187e+00 -1.756087981298533496e+00 -2.484766271061365828e+00 2.424799839940107393e+00 -3.100010075431138379e+00
-3.118331424110843297e+00 -5.005837051652300973e-01 -1.528295687949479120e+00 -1.143891318306736515e+00 -1.877033964709319047e+00 -2.714466963696048563e+00 -2.159942669935012383e+00
-2.502586350932594073e+00 -1.612259313464303734e-01 -9.983236163227585669e-01 -4.630895028196334584e-01 -1.297876200333699437e+00 -1.602339632576179340e-01 -8.610079030559255608e-01
-1.879550670317077676e+00 1.217589780270194044e-01 -4.171176001226553076e-01 2.545912257846924542e-01 -7.525195136846942745e-01 1.092621851904219010e+00 4.601568484414873539e-01
1.002992425406355581e+00 3.181919417314753584e-01 1.828217029378942926e-01 9.936216558576699276e-01 -2.669767786713732605e-01 2.050950816044819103e+00 1.479148575579811498e+00
2.079074644560674034e+00 1.971742582407215449e-01 8.619102429219802630e-01 1.735473231404604633e+00 -1.404379252534163625e-01 2.931724712809419486e+00 2.300887137043164721e+00
2.616568597515513073e+00 -2.226001267800723216e-01 -2.171647997324491097e+00 2.458728463668854225e+00 -9.306825707019452665e-01 -2.571155280792732256e+00 2.986118374438241574e+00
3.102550155880770877e+00 -2.329392715290928006e-01 -1.554958455652718730e+00 3.131308712264817107e+00 -7.890325524946157909e-01 -2.035991358143215635e+00 -2.770087022036769042e+00
-2.740742135551061942e+00 4.157194959266818923e-02 -1.096715451137306063e+00 -2.578457022472314009e+00 -3.464271433019936453e-01 -2.115463644463934312e+00 -2.420393398211555525e+00
-2.372393081843137796e+00 4.204552651313349654e-01 -7.062302828597214477e-01 -2.026816105735556928e+00 1.342309822493299165e-01 -2.046965501960089640e+00 -2.089668544412385032e+00
-2.150997327001168635e+00 8.019284288486862033e-01 -4.044487906851511050e-01 1.273622204631394306e+00 6.424349622302343299e-01 -1.555851935164685562e+00 -1.637915293020796748e+00
-2.346789754361117364e+00 1.073477692994799559e+00 -2.303135561089987848e-01 1.804279393279802468e+00 1.149851522884346222e+00 -9.949516265638246315e-01 -1.091422721976237797e+00
3.010437302369557866e+00 1.238145388050165385e+00 -8.992070246880362605e-02 2.294821352109364554e+00 1.611352159083845548e+00 -5.722031940293524910e-01 -4.133859386954950588e-01
2.768736973951619440e+00 1.481704835615095472e+00 2.526768484139098603e-01 2.715320411030788250e+00 1.962000773680488752e+00 -1.774598146914478036e+00 2.256451433997965328e+00
2.995806933799225913e+00 1.865787214063930222e+00 7.773090196792338258e-01 3.073742675222010501e+00 2.229269203000226351e+00 -2.164999680556003891e+00 3.111759471255587606e+00
-2.886554410961989614e+00 2.345384017114918951e+00 1.370191505536867638e+00 -2.776666602869754197e+00 2.556032521049711459e+00 -1.934912570247720565e+00 -2.603126947215433695e+00
-2.404461674761513734e+00 2.899626753839309234e+00 1.936322773715677625e+00 -2.219957070766807927e+00 2.983492782002167498e+00 -1.493425441402947307e+00 -1.976872952162204600e+00
-1.891853385658026632e+00 -2.761413993798834898e+00 2.418764907719217483e+00 -1.583493099375936408e+00 -2.798822818481028651e+00 -8.913507210585474017e-01 -1.291854621481505649e+00
-1.392477730749928089e+00 -2.099872438250983464e+00 2.822910105521144075e+00 -9.261001928243689507e-01 -2.275705954136946652e+00 -2.673358126669718171e-01 -5.879469451813189584e-01
-9.520502378297895918e-01 -1.464467893635222451e+00 -3.083615520107938490e+00 -2.941063398526395645e-01 -1.758428385572860631e+00 -1.640898862130459657e+00 8.553379128356500272e-02
-6.043139965314220374e-01 -1.702586479754978344e+00 -2.693259519772889465e+00 2.851916937950612629e-01 -1.259050357831146050e+00 -1.629058692182123957e+00 6.626410381361748092e-01
-3.428626320268439720e-01 -2.753911559289938804e+00 -2.290863171833882994e+00 8.100295779870069213e-01 -7.542253857265329708e-01 -1.020520650560372333e+00 1.044548778585484561e+00
-1.657127694918942573e-01 -2.297617716944319710e+00 -1.902127218598401948e+00 1.320029226949130718e+00 -2.249460805235004301e-01 -4.576245450015724581e-01 1.223923315010087221e+00
-2.223915363036956527e-01 -1.910120674696276444e+00 -1.555177316342190030e+00 1.830908633400307739e+00 -2.723181011627656467e+00 -1.011423436638070675e-02 1.418046170312415200e+00
-5.287416511139177988e-01 -1.566289504769801777e+00 -1.235853092775073048e+00 -5.280887833188132596e-01 -2.119050544969209415e+00 2.481274648504600833e-01 1.668118386490947902e+00
-4.730846776762617223e-01 -1.191854379373121331e+00 -9.056125202913881678e-01 -7.574098682544541661e-02 -1.519631476599290654e+00 2.361564568370101147e-01 1.869450025071122790e+00
-1.611717024990995950e-01 -1.073809586243343439e+00 -5.755856762505070501e-01 3.842796151513099834e-01 -9.656989351633440410e-01 1.526518551110776778e-01 2.025839240474319070e+00
1.459257468380520673e-01 -1.209040764402107726e+00 -3.054418406793570351e-01 6.451841136880966943e-01 -4.818674399292612320e-01 2.207826675319546905e-01 2.152029450925610377e+00
-6.890008682214866786e-02 -7.888929335989199876e-01 -1.371722273819382665e-01 7.740054854415998609e-01 -6.352889124695923484e-02 3.360130771066782707e-01 2.156624821558521532e+00
-8.904050770602142117e-01 -1.090765849073772609e-01 -1.014915378908975985e-02 1.041822537715469288e+00 2.609905871563274471e-01 3.852511902042365377e-01 2.115215988485637855e+00
-7.788875019268781674e-01 6.582850010721025269e-01 1.633712855290965216e-01 1.482553844356008010e+00 1.368842664437533163e-01 4.400058852404208354e-01 2.263617032577950994e+00
-5.092468984134521648e-01 1.466664581657460831e+00 3.974365941335853414e-01 2.026395363173346453e+00 -1.727061550187562133e+00 6.396182513134693881e-01 2.599314294263621150e+00
-2.807553933622551345e-01 2.301813589974274876e+00 6.723326424492788167e-01 2.640181411734856542e+00 -1.566569869482216548e+00 9.384826201501507148e-01 3.048061063454311714e+00
-1.259605519234936744e-01 -3.138108363579862559e+00 9.738511218862414553e-01 -2.977742706700803321e+00 -1.302830617654663570e+00 1.201892595178418066e+00 -2.708753800213438367e+00
2.569477664281393306e-02 -2.314707837899106835e+00 1.292254354114438897e+00 -2.284806503921810616e+00 -9.989108334629062114e-01 1.367155780873776871e+00 -2.128135239096416775e+00
2.423455162942259877e-01 -1.538615540023730466e+00 1.638036027122431015e+00 -1.582870743931193314e+00 -6.531489204952798389e-01 1.570391091596544220e+00 -1.511218205743763310e+00
4.935532191563652415e-01 -8.323771250774587571e-01 2.027703057497731720e+00 -8.851931909075920757e-01 -2.707713333430941671e-01 1.927146787703752695e+00 -8.680291079593526193e-01
7.206548762008003761e-01 -1.930250520915602619e-01 2.443481431154663763e+00 -1.975060122620033165e-01 1.202492190286355150e-01 2.411540294097841652e+00 -1.889074396417825263e-01
9.137243356538186090e-01 4.370894314466653441e-01 2.826056257504657498e+00 4.860498227049068198e-01 5.152698223625240548e-01 3.030821930861681501e+00 5.966407438841797584e-01
1.105859908559180926e+00 1.169694561277640377e+00 -3.118386212308810190e+00 1.200102477186212546e+00 9.091707422235350000e-01 -3.898539544646098531e-01 1.778967429977272197e+00
1.263630826723034062e+00 2.152278226359231272e+00 -2.617779302318973045e+00 2.072532986386419029e+00 1.290605541463060613e+00 7.196667145970850887e-01 -3.044785307865764512e+00
1.185037163095452817e+00 -2.900104556281481116e+00 -1.888414746698505065e+00 -2.974516099309531647e+00 1.394008934117903831e+00 1.328501623710427015e+00 -2.122616912893202645e+00
7.816942815656039434e-01 -1.761621277683985687e+00 -1.099101137831313801e+00 -1.713854771557836720e+00 -2.221763532075825276e-01 1.797544082001708343e+00 -1.390970283065524837e+00
7.465399501422126383e-01 -8.192764643446747153e-01 -3.520434296560508436e-01 -7.594604657007639759e-01 5.414887721299805473e-02 1.957961879068596200e+00 -6.938175831556693263e-01
1.013990245286890080e+00 -1.630817391657609456e-03 3.260170115422036385e-01 3.979688742065250195e-02 5.222340839094306020e-01 1.839320643455147675e+00 -1.303456768498154408e-02
1.381885954306988795e+00 7.258771053005902418e-01 9.253417427476515744e-01 7.628221925286725602e-01 1.009059305211014390e+00 2.025038720051385965e+00 6.361973833631758835e-01
1.782606492596443548e+00 1.372534548235484708e+00 1.435611829365198711e+00 1.430271608614123169e+00 1.496431605065557724e+00 2.445812829145227241e+00 1.229589503188593946e+00
2.193817169568613945e+00 1.941564516135097174e+00 1.852844700512515930e+00 2.040276383454740383e+00 1.973940377177563210e+00 2.948036086851919979e+00 1.738127342079459403e+00
2.599243174025228420e+00 2.448964715045468310e+00 2.208362194263375766e+00 2.583962609764389295e+00 2.422733996906814458e+00 -2.812042192864665502e+00 2.152954580556345476e+00
2.974405623915754582e+00 2.933506574374288522e+00 2.573564065264166256e+00 3.061009026549942114e+00 2.822566546324771775e+00 -2.317114298568593522e+00 2.535225184180581515e+00
-2.983937487565623048e+00 -2.852036723022521425e+00 2.982651330893636210e+00 -2.791390454093469753e+00 -3.126457438326839089e+00 -2.020426242381887949e+00 2.975655095323005206e+00
-2.693258703794795483e+00 -2.336302843570938315e+00 -2.877074013390494400e+00 -2.376963963412114467e+00 -2.861474555259356567e+00 -2.702162712925460841e+00 -2.796695677736416474e+00
-2.382269804026771354e+00 -1.823154314393807152e+00 -2.476675816024811461e+00 -1.992352257287398176e+00 -2.655326451205173299e+00 -2.838005357097502124e+00 -2.276307731779929622e+00
-2.010750624785138996e+00 -1.315292731079187094e+00 -2.093023622798771299e+00 -1.706315546124493876e+00 -2.424802959023077520e+00 -2.437361118181544217e+00 -1.797232605621743140e+00
-1.567886449125884152e+00 -7.511697758495018418e-01 -1.651045493455928215e+00 -1.509751122313225169e+00 -2.071343585350802652e+00 -1.998393301745389428e+00 -1.291547846989123505e+00
-1.037442673628094392e+00 -2.111753397097274748e-02 -1.054572203835138167e+00 -1.053890804007111548e+00 -1.534818808544561097e+00 -1.653014389535592876e+00 -6.624176893372968333e-01
-3.333090904517654329e-01 8.571231728785398962e-01 -2.215039593300562604e-01 -1.584988532443609710e-01 -7.361668135798533630e-01 -2.049568064283986857e+00 5.274605918660121850e-02
8.487703018803255395e-01 1.716608144605447750e+00 8.582957160652007200e-01 9.134932211613241426e-01 5.406546812772362598e-01 2.686829258822708066e+00 7.733229730401859348e-01
2.229768584914614493e+00 2.486665771766489286e+00 1.878663824323942855e+00 1.827783868514258003e+00 1.853139328808973696e+00 2.918220978888474537e+00 1.442037550901174914e+00
3.095872946028670913e+00 -3.126702417009367352e+00 2.631860394888363430e+00 2.534543438211225741e+00 2.697490179010940903e+00 -3.053271495110378098e+00 2.027098350535917692e+00
-2.539538329078111278e+00 -2.599047639689157752e+00 -3.098292099747611328e+00 3.054874916943402408e+00 -2.983921298729330651e+00 -2.766907287378731262e+00 2.533982375519200136e+00
-2.003336991895022567e+00 -2.285962404376009616e+00 -2.672359899018611262e+00 -2.859183109921831445e+00 -2.550871030326014033e+00 -2.489763846334528630e+00 3.000996650425015844e+00
-1.589616050258294777e+00 -2.120477481805198128e+00 -2.334498062852144784e+00 -2.546985190600480564e+00 -2.286311229166023917e+00 -2.166399271865478759e+00 -2.834742974415869643e+00
-1.329696488798334020e+00 -1.848090651919403804e+00 -2.132725246989509937e+00 -2.174032299087360176e+00 -2.070890051258977849e+00 -1.793536561174676525e+00 -2.405244986524363693e+00
-1.158017459822732631e+00 -1.469139560661224087e+00 -2.192941318241298898e+00 -1.699557138160622927e+00 -1.758465870994972313e+00 -1.401525870524352735e+00 -1.931836473998566728e+00
-9.188066493462918594e-01 -1.114345187381306834e+00 -2.248306322354468811e+00 -1.134142449823130505e+00 -1.319474690032988340e+00 -9.929865539851744360e-01 -1.212066058406540581e+00
-5.565371843131157181e-01 -9.134759579520980166e-01 -2.030215321912062443e+00 -4.913045273916365474e-01 -7.663376522113737321e-01 -5.355059518936067242e-01 6.211905311535453195e-02
-7.392908291112125496e-02 -1.173518686623925777e+00 -1.736761628339134056e+00 2.558704610769511056e-01 -1.104458857236505359e-01 -8.015065965091448878e-06 1.376469821601606469e+00
5.718610238799689549e-01 -1.961784042783693227e+00 -1.615816577317154445e+00 1.395497580892835376e+00 6.573762223125353410e-01 6.336318898430095548e-01 2.265174048812034435e+00
1.601839220948769515e+00 -2.006168762407816164e+00 -1.841151887933234255e+00 -3.014077638802107550e+00 1.593383001591871295e+00 1.421104443180943644e+00 2.919329294831302324e+00
3.048370070854523384e+00 -1.791369856412784234e+00 -1.903251883940907163e+00 -2.100211953005612475e+00 2.785642611741804053e+00 2.478824845073582583e+00 -3.137718755410191296e+00
-2.288921860427702182e+00 -1.513860348670275080e+00 -1.651145620512209700e+00 -1.534399234751358199e+00 -2.355954134322659765e+00 -2.648291145002018787e+00 2.569479589124714192e+00
-1.655920870301414105e+00 -1.200772886709847498e+00 -1.266960224815393721e+00 -1.055426548721134727e+00 -1.546213113660253713e+00 -1.761751337412098550e+00 2.747012084426679657e+00
-1.158452408261868349e+00 -8.747063884618188068e-01 -8.367535681018060112e-01 -6.146013767870707190e-01 -9.480116736857371329e-01 -1.081032227265359635e+00 -3.077050880110316022e+00
-7.744560148273595956e-01 -5.479967444164348667e-01 -4.041861303326941268e-01 -2.455400432916253484e-01 -4.900991832029395479e-01 -5.152301369166324418e-01 -2.613502444710656292e+00
-5.278358420964718301e-01 -1.993230972872838125e-01 9.348602776059889222e-03 -1.042345351121318486e-01 -1.541299585356035451e-01 -5.884476578470787533e-02 -2.230691737027195476e+00
-4.112256387736841767e-01 1.933787038186388085e-01 4.001443348746578921e-01 -4.702298754300934247e-01 1.537004020436183727e-01 1.595577558175611532e-01 -2.075963929247145234e+00
-3.117178617106921013e-01 5.845648848856960234e-01 7.600373391567145642e-01 -7.622399989336132720e-01 5.509066594262641559e-01 -2.603514651660226997e-01 -2.451861854447082489e+00
-1.502924141251352208e-01 5.988450356957196741e-01 7.941485317620154971e-01 -7.410516465182303003e-01 1.115447848329087277e+00 -5.261202773142733546e-01 -2.613075312183983367e+00
-4.217096110356991640e-02 -8.430832801857528480e-01 -1.360577783050549439e+00 -6.385896436469549187e-01 1.883484288595490108e+00 -3.451464925179776877e-01 -2.302934531114924965e+00
-3.284323761328128977e-01 -5.827261537503553024e-01 -1.074211827407540065e+00 -4.266158454659237376e-01 2.953173361998048030e+00 -1.086512163917205953e-01 -1.819408643817499227e+00
-7.016083387894089807e-01 -1.231751409656124951e-01 -6.997238726134789033e-01 -8.534479557669628902e-02 -2.116965967441430951e+00 -1.643430507763344803e-02 -1.237984368161619830e+00
-6.326365853946939177e-01 3.959658935070265451e-01 -2.830479609035124189e-01 3.673868544407069558e-01 -1.177638746075504672e+00 -3.224467600008693036e-01 -5.834136859121838992e-01
-3.740987645165875231e-01 9.340586275259870064e-01 1.591592907790928269e-01 8.865503177374743915e-01 -4.441417782671663872e-01 -5.909244801306744455e-01 1.190053101092171106e-01
-2.295297707809164367e-02 1.430493662591721504e+00 6.069596145610572924e-01 1.407987595882144838e+00 2.002106973955622427e-01 -3.503626345554806121e-01 8.446253360488563677e-01
3.790064204154303673e-01 1.749793694462406402e+00 1.035668929472132405e+00 1.828224590919308001e+00 8.023865609055543802e-01 1.161160338848429840e-01 1.574619299226615698e+00
7.909813827643725759e-01 1.705305728389402864e+00 1.421536687306282687e+00 1.977789459529726068e+00 1.430761620382625221e+00 6.608069353312950867e-01 2.304263952771552493e+00
1.175432151228986033e+00 1.725617914340368042e+00 1.754256515427638830e+00 1.923030554657892743e+00 2.275955484474078805e+00 1.224844377686855390e+00 3.043418811179713579e+00
1.507106892005007914e+00 2.090193093646994793e+00 2.032268383927023248e+00 2.088801338059830925e+00 -1.126541306181440216e+00 1.786072505647573250e+00 -2.469679002190432016e+00
1.778861713288999669e+00 2.594429338581437872e+00 2.254692362028768216e+00 2.372598074563215143e+00 -1.452810525913725281e-01 2.332019766857560406e+00 -1.609771119228260217e+00
1.968621745366635700e+00 3.099825097374186100e+00 2.409462090592268790e+00 2.479487195708986569e+00 5.758985058484323849e-01 2.829792317927550815e+00 3.490125084747984774e-01
2.061824299347102762e+00 -2.889434112196967774e+00 2.477805064497652143e+00 2.288700232313469751e+00 1.229452913529492042e+00 -3.114376823615011780e+00 2.641709402300596032e+00
2.181325335057872739e+00 2.676525433873877535e+00 2.556928260040834733e+00 2.305964052484851479e+00 1.825700566469744546e+00 2.980085992882525847e+00 -2.731849821546467272e+00
2.420633800095838950e+00 2.496023427075499956e+00 2.771822587625978773e+00 2.571411131803609695e+00 2.360056407633179365e+00 2.574534318028023350e+00 -1.861040041951117496e+00
2.733179080552060380e+00 2.809670124173039962e+00 3.086340435399733462e+00 2.916931947164220773e+00 2.820005900847982083e+00 2.730879914388450125e+00 -3.515652256266789122e-01
3.070870819552915965e+00 -3.113581980191492349e+00 -2.881243630104441067e+00 -3.012458393096511866e+00 -3.092090944540309305e+00 3.069709012379872703e+00 2.181104891868679729e+00
-2.866919367898238757e+00 -2.772001114361704932e+00 -2.638107509056559774e+00 -2.687985850799438747e+00 -2.804243689447488030e+00 -2.835310585672620398e+00 2.984056961850721112e+00
-2.522524152152269217e+00 -2.432287089965799343e+00 -2.435288655797598345e+00 -2.391586736122716772e+00 -2.531160416709658634e+00 -2.462863965397782628e+00 -2.643211411799229804e+00
-2.185131583309953829e+00 -2.063490390696574472e+00 -2.168494206934699520e+00 -2.096811944211829370e+00 -2.218321129151923810e+00 -2.130687106308863488e+00 -2.085975828586370984e+00
-1.854037593657563709e+00 -1.662847494743741050e+00 -1.848067500308768096e+00 -1.773410088680206886e+00 -1.861073853266498990e+00 -1.889964665806939781e+00 -1.698833379815877231e+00
-1.514624519673844372e+00 -1.256417039081014098e+00 -1.561552829693247491e+00 -1.420662883972215074e+00 -1.500371084997385029e+00 -1.788654513737891527e+00 -1.641774504886264197e+00
-1.135470059568286505e+00 -8.641424858214159510e-01 -1.394475266503636623e+00 -1.058284917359927357e+00 -1.212332777893209590e+00 -1.781623395556056755e+00 -1.773342132362605739e+00
-6.609251247227019288e-01 -4.719256673753401965e-01 -1.366872602211164134e+00 -6.930699440635609276e-01 -1.131130385396942328e+00 -1.751336521384753597e+00 -1.679522898225043859e+00
4.739773493135090998e-02 -3.503331082001891889e-02 -1.333012497849301647e+00 -3.304362483712885989e-01 -1.245193272281022390e+00 -1.626206146700215571e+00 -1.537014135477440480e+00
1.352007605606166285e+00 4.998211840213560575e-01 -1.142077956482806300e+00 -1.047949401902461691e-01 -1.144150236647706098e+00 -1.349722896189837540e+00 -1.620524022151566212e+00
2.680168781782380716e+00 1.204635636189946402e+00 -8.011142682088825406e-01 -1.310440842094486413e+00 -8.098917604035577034e-01 -9.106714522799678191e-01 -1.662734040067999963e+00
-2.770909980920874371e+00 2.396860449610275001e+00 -3.731354426122803769e-01 -1.516371100947794259e+00 -3.979944697771027329e-01 -3.708660552859880388e-01 -1.397293097445900578e+00
-2.122100605593531863e+00 -2.486696327523032934e+00 7.828515742629690854e-02 -1.186224598837293476e+00 -1.326016209865969048e-02 1.837415799281709172e-01 -9.968240519377388198e-01
-1.605736926903309270e+00 -1.786495013287326517e+00 4.854585663205353008e-01 -7.730005249728694183e-01 2.970663999194842475e-01 6.820130582039738432e-01 -5.667049064398067548e-01
-1.310363129252935188e+00 -1.404778810059063465e+00 7.677209146739036871e-01 -3.197821003985765187e-01 5.624159570493654225e-01 1.106845935741190168e+00 -1.436241093212504150e-01
-1.395277088586460712e+00 -1.350739176143690434e+00 8.222330028978462879e-01 1.467442410325210111e-01 8.678509916148778869e-01 1.515000921839048553e+00 2.604576110492805574e-01
-1.614539677457865974e+00 -1.652120734217384035e+00 6.614311222621513942e-01 6.009275456567857443e-01 1.221653717722679167e+00 1.946452736921505888e+00 6.357976477619936562e-01
-1.554469566249151669e+00 -1.590934944549039498e+00 6.707748560168940166e-01 1.065720924543451797e+00 1.574969238265552907e+00 2.370046853012960586e+00 9.893528064360975760e-01
-1.275560868329037145e+00 -1.364384403900308795e+00 9.959442012837236291e-01 1.632794776726026020e+00 1.900007276975913761e+00 2.720072018460453656e+00 1.355778546497410586e+00
-9.231261915417053876e-01 -1.508066003321780757e+00 1.500373708075405599e+00 2.520255064479985929e+00 2.249289740933167803e+00 2.956919694489681394e+00 1.742404055382834605e+00
-7.090179079961115294e-01 -1.807469461331921323e+00 2.082994706180473443e+00 -2.132197291721072308e+00 2.701178893196097608e+00 -3.128474518041038266e+00 1.869081025216493996e+00
-1.003341296785724035e+00 -1.526797066571699002e+00 2.693716152324555413e+00 -9.167644546871759337e-01 -2.997676800785414208e+00 -2.866150325053276049e+00 9.037881132705585241e-01
-1.099940309258674587e+00 -1.024911866565932916e+00 -2.954887215591565752e+00 -1.772992009773396993e-01 -1.982281736318394438e+00 -2.507612896696772786e+00 1.304261700521469169e+00
-7.148418893890166048e-01 -4.540204451758872439e-01 -2.262719055874175655e+00 3.816476592145437441e-01 7.629846393015476957e-01 -2.032337027867912482e+00 2.292931142047160975e+00
-1.761064469773903074e-01 1.376836629567441406e-01 -1.485196568844189047e+00 8.035633710609935143e-01 1.459964715115202205e+00 -1.413697508585718632e+00 -2.284148327780286536e+00
4.043292710863807260e-01 7.306458762230098047e-01 -6.217800968368526471e-01 1.140110504631114186e+00 1.844729127494191934e+00 -5.570490712959216273e-01 -1.134698101206217391e+00
9.855794169252620751e-01 1.312268125654997508e+00 3.238364824120961716e-01 1.494208983847951755e+00 2.060247213524535326e+00 1.010291422744771239e+00 -4.961457282426176563e-01
1.556135708365874448e+00 1.876594501698393369e+00 1.375568724693540856e+00 1.933383639174095059e+00 2.378075888785438519e+00 2.395754380855576571e+00 -7.490980364224313071e-02
2.122817355110373505e+00 2.426399812125223043e+00 2.555953507808333747e+00 2.453618463901102054e+00 2.857791255204631842e+00 3.094569332002440110e+00 2.391728703269251355e-01
2.698021078929308203e+00 2.978686292028560612e+00 -2.558343910264309518e+00 3.013612778969068984e+00 -2.878990964782881523e+00 -2.704093008776977669e+00 5.343551982917994492e-01
-2.993130180283334330e+00 -2.684187959420321512e+00 -1.568808900915139803e+00 -2.776189612077513136e+00 -2.328166159944349278e+00 -2.278510187549555255e+00 8.637225995436818016e-01
-2.378979368975621789e+00 -1.183706917938903702e+00 -7.482687154696667786e-01 2.425029142549991246e+00 -1.810109327173536453e+00 -1.856337862583109954e+00 1.234246107276966375e+00
-1.734950497015828041e+00 8.651880897599562026e-01 -5.112142547033719786e-02 2.100869333707735542e+00 -1.310394348884703408e+00 -1.456641332592576665e+00 1.602441394009307629e+00
-1.053187617671953902e+00 1.485222839715546916e+00 5.471024728223294886e-01 2.331082057440016175e+00 -7.610388544554849144e-01 -1.109555695027955480e+00 1.910228475917778113e+00
-3.530095493992230771e-01 1.968415865738762260e+00 1.059859195546840160e+00 2.135403689339332889e+00 -1.029285663719988614e-01 -7.847963919407647815e-01 2.140649582767245374e+00
3.223060329736308072e-01 2.397389083800228970e+00 1.496692672323417961e+00 2.174232038138065093e+00 6.643907795931731641e-01 -4.251690051492878486e-01 2.358288039150403748e+00
9.521007736493900531e-01 2.800659012237099343e+00 1.895801447835766540e+00 2.601232709820488154e+00 1.470639018329231273e+00 -4.804203980396024032e-02 2.638685223674609670e+00
1.546358382565013345e+00 -3.090195852551991251e+00 2.326007653584666102e+00 -3.135287049486256805e+00 2.252339794043428878e+00 2.089608719999276332e-01 2.977090181263008173e+00
2.129621462327951686e+00 -2.701764163653504358e+00 2.817854895184936925e+00 -2.555074191294110175e+00 2.983887385531755143e+00 -4.579949247735319307e-01 -2.986515137213226367e+00
2.725719834820742093e+00 -2.339157177031753854e+00 -2.936279346607416407e+00 -2.006642141962625026e+00 -2.624824535015656934e+00 -1.042564633321563683e+00 -2.897215772816068569e+00
-2.919674578428181011e+00 -2.067735849987639707e+00 -2.421494189488783366e+00 2.429134060764492897e+00 -1.992921371181060053e+00 -8.044114075948661791e-01 2.958112353756877866e+00
-2.158353137712053726e+00 -2.154389220559494333e+00 -2.010889729784232305e+00 2.551954712808026660e+00 -1.384965918749923697e+00 -4.689559135641633292e-01 2.873597642928573670e+00
-1.028899911244546495e+00 -2.905168018722050771e+00 -2.008005995725625326e+00 3.071201523015540502e+00 -6.542709283365124584e-01 -1.599996950742303969e-01 -3.132600822111882177e+00
2.984539049669571176e-01 -2.980065008198167664e+00 -2.524806411517766858e+00 -2.760629439589945999e+00 2.015300390142557685e+00 8.732546737713375862e-02 -2.838951348801054486e+00
1.102531674558277608e+00 -2.720419025141400660e+00 -2.468130107053879030e+00 -2.414918433456498370e+00 2.957832673078537589e+00 2.901613464782896168e-01 -2.844307965839238062e+00
1.579627889382149819e+00 -2.390182241370292893e+00 -2.163571591976307218e+00 -2.113786183966690047e+00 -2.818893708143123789e+00 4.973785885599401602e-01 1.738342610072975303e+00
1.915192850031741889e+00 -2.031690053659444661e+00 -1.778342254809246903e+00 -1.790745912411341179e+00 -2.485806224309456969e+00 7.631305753395378755e-01 1.586212810327125133e+00
2.280305097988378993e+00 -1.662153789688200822e+00 -1.326639519417478708e+00 -1.627145974827787001e+00 -2.259703848623620726e+00 1.140227755306424395e+00 1.908087188645829269e+00
2.752102509775112171e+00 -1.311818007385629148e+00 -8.332637509613477489e-01 -2.067094012258291702e+00 -1.901910981583341265e+00 1.649847305852654822e+00 2.364246033822368087e+00
-2.960566203001887775e+00 -9.917890265217561563e-01 -3.300562847937084654e-01 -2.063410149956947048e+00 -1.376498333355467008e+00 2.364269453588094372e+00 2.847872752690430165e+00
-9.252921721102481678e-01 -6.328021058940369592e-01 1.807547200993827319e-01 -1.617811470789060069e+00 -7.421853358341869988e-01 -2.329730495970364856e+00 -3.007298001144294020e+00
1.122533246622290370e+00 -1.378524380057032928e-01 7.103760468038101683e-01 -1.082594662485215631e+00 -1.731405563897733119e-02 -7.726377563327859743e-01 -2.770641183332544166e+00
1.692884156348875679e+00 5.494733106942853995e-01 1.254747240462361635e+00 -5.960898069006645983e-01 8.511675683295256700e-01 -2.102546768925117604e-02 -2.974689093800991557e+00
2.222151991647546954e+00 1.563893491713399531e+00 1.792325073184968920e+00 -3.803959002615835416e-01 2.162678412295653274e+00 5.770191470473928774e-01 2.983987913798284541e+00
2.739254557010224911e+00 2.868981668624177139e+00 2.303698240942602560e+00 -5.977533110527291083e-01 -2.622663419842794053e+00 1.062415707125062392e+00 2.987887837540470048e+00
-3.028712618705700077e+00 -2.433547419521514765e+00 2.752990353167285686e+00 -2.400667103097555433e-01 -1.670267748915388539e+00 1.370715150844783237e+00 3.074877794479828452e+00
-2.500087850662492173e+00 -1.744179549506242877e+00 3.037295223283123402e+00 7.069581397966028247e-01 -8.974619063065180091e-01 1.510875464487110742e+00 -3.124479680506611956e+00
-1.910039659919741117e+00 -1.198110914522812154e+00 3.081664208075349354e+00 1.745586950496941459e+00 -1.377482502974133327e-01 1.362910004278459875e+00 -3.016248950791040606e+00
-1.090240327776735629e+00 -7.516223966542731061e-01 -3.087091925261490122e+00 2.461843105669796916e+00 6.468681953443360388e-01 3.213024652272969406e-01 -2.880176313462333049e+00
1.154366327679962501e+00 -3.633075862852570559e-01 -2.745963739951176485e+00 3.005760552497256377e+00 1.475945349472794987e+00 6.167288673012957245e-01 -2.745048357613140588e+00
2.420712597826290224e+00 1.611538823556055502e-02 -2.293894998704642418e+00 -2.774790728808099960e+00 2.332921992548509404e+00 1.240585950965687578e+00 -2.597903147746349006e+00
-3.122674560329148807e+00 4.108839170885915659e-01 -1.778346101965331050e+00 -2.270631611656979576e+00 -3.108578842674388554e+00 2.126019533103696624e+00 -2.392502632271113594e+00
-2.469869481843679271e+00 8.867216606397272383e-01 -1.197308725863545309e+00 -1.752146858229267856e+00 -2.320149257564200873e+00 -1.089566555723405106e+00 -2.094777838873870923e+00
-1.877571620798423435e+00 1.586419195975833585e+00 7.099209508252927181e-01 -1.229768552104657964e+00 -1.625257177724502622e+00 -3.418186308952925745e-01 -1.715602885565702174e+00
-1.386057038858000023e+00 2.514833008156030836e+00 3.037650691080889143e+00 -7.504988371774310441e-01 -1.075728786140618176e+00 1.682836677843568551e-01 -1.306156745296433552e+00
-1.073079334362352810e+00 -2.784489669202742768e+00 -2.563551383199567102e+00 -5.697115243079142743e-01 -7.991526957698140698e-01 5.443995796779478313e-01 -9.781665598120514726e-01
-8.986812443597254063e-01 -1.868232254366224865e+00 -1.862882770340475558e+00 -1.239545001658938661e+00 -7.788402886979532980e-01 7.628417727590186548e-01 -1.030077809263414856e+00
-5.972760564415794393e-01 -1.024330706231295629e+00 -1.130676118575418831e+00 -1.055486311016190282e+00 -5.413488065417414452e-01 8.452378362812925650e-01 -1.355780478153966406e+00
-1.047730138381453013e-01 -2.369210884824193841e-01 -3.777802799000364309e-01 -4.953748883641039824e-01 -7.148939319806602022e-02 1.009380401454472276e+00 -1.176003952337721481e+00
4.887028392991122350e-01 4.941874153213834941e-01 3.756825378283250583e-01 1.434308397265475488e-01 4.996240125251701913e-01 1.355691115877134756e+00 -7.787457527741286079e-01
1.113286504603062887e+00 1.157879132097378028e+00 1.106868478479012596e+00 7.945203848768546129e-01 1.100104385804735463e+00 1.813450607920087609e+00 -3.419970000265165067e-01
1.730934601932884176e+00 1.747071683127473074e+00 1.794235168565555760e+00 1.440398208023794480e+00 1.706045632139955082e+00 2.323251995127593617e+00 7.571810156059284591e-02
2.325695426767348195e+00 2.266968551590328396e+00 2.431619939568254729e+00 2.083890279549585944e+00 2.312122018476966190e+00 2.853140873558986268e+00 4.408988749791585837e-01
2.887181659019479874e+00 2.732817357676616599e+00 3.031870407814587054e+00 2.742660700231044135e+00 2.920558814685413562e+00 -2.903387677582207171e+00 7.189705189884167957e-01
-2.880512239557752263e+00 -3.125226064958210870e+00 -2.678459623884947405e+00 -2.839913028005768947e+00 -2.745162021080894910e+00 -2.406121602228688872e+00 8.103811545592602972e-01
-2.421249070848470186e+00 -2.765070187636593513e+00 -2.142514974395086202e+00 -2.092017117660121883e+00 -2.116018427172723371e+00 -2.018543311251428385e+00 3.091346066990352526e-01
-2.020637902481444481e+00 -2.677453517854136766e+00 -1.671637327682897078e+00 -1.338134265724864935e+00 -1.447470692915596269e+00 -2.846276477900938850e+00 -1.502146496644176654e-01
-1.668234033854533838e+00 2.975568997463784005e+00 -1.286000536274407136e+00 -6.347404624141582685e-01 -7.186669896858000062e-01 2.784363565625760373e+00 3.481072805685882926e-02
-1.336025136729638296e+00 3.040272491036980718e+00 -9.622721653462067426e-01 1.598527121903950063e-02 6.332647464199687992e-02 -3.135448692508054247e+00 4.284206207154315216e-01
-9.874152901963926254e-01 -2.763703439872272405e+00 -6.404811202169984341e-01 6.485433448305732984e-01 8.790896162205562581e-01 -2.714435108021952203e+00 9.153499305458026036e-01
-6.166489078939384472e-01 -2.188351498349669466e+00 -2.856457764901812468e-01 1.278867157642892494e+00 1.690345643460343883e+00 -2.307344921994189946e+00 1.454474690419708116e+00
-2.775513625201663781e-01 -1.623075010139691576e+00 9.237752910943419771e-02 1.921043494009233799e+00 2.477093558661634720e+00 -1.923754381500297095e+00 2.033265798879307695e+00
-1.011104723077298623e-01 -1.145041812313431828e+00 4.699868602737097834e-01 2.616534927645391306e+00 -3.024489409773435167e+00 -1.553178816605753632e+00 2.718618813801002787e+00
-2.347688508876521196e-01 -7.994225306267920272e-01 8.314188917521441180e-01 -2.818802106938071983e+00 -2.221323541893169828e+00 -1.175159381868289055e+00 -2.159102263184034420e+00
-3.368986178780179475e-01 -3.434263546430703085e-01 1.182086316856400421e+00 -1.681160784870932234e+00 -1.394259521280604819e+00 -7.663295096168740717e-01 -4.352151875773752621e-01
-1.536622364539679542e-01 2.551711353308299124e+00 1.509274050538449208e+00 -4.983651894841075181e-01 -5.788773819408916665e-01 -3.210928495975126640e-01 2.810659721131822941e-01
1.604177511763648645e-01 2.976945243237151928e+00 1.718796625248647736e+00 3.784727488937431605e-01 2.065614025557379885e-01 1.175703021277797189e-01 7.938967456694049352e-01
4.801104934851789241e-01 -2.906778979105597571e+00 1.593604022882598281e+00 1.013527984844516894e+00 9.846216771241151910e-01 3.494321103423803643e-01 1.178561027341956668e+00
6.901936866824387451e-01 -2.454299570766085736e+00 1.106164543417725854e+00 1.137049836178504192e+00 1.837003052607864895e+00 -6.714078052641953009e-01 1.313339884284321357e+00
6.706366138382197084e-01 -1.926940532172930487e+00 5.700363037294041701e-01 -8.625598755078383445e-03 -1.950829577719255692e+00 -7.609507265421122657e-01 1.119719597994486726e+00
5.843548073371098717e-01 -1.331860103433497589e+00 5.378501350956657046e-01 3.582464829059282541e-01 -4.969010873951421603e-01 -3.520525739581731317e-01 1.210930545441954775e+00
7.108591894730506011e-01 -7.023277416757441882e-01 8.465950819540840611e-01 9.176362802931927742e-01 1.838321775820759563e-01 1.574535612068949098e-01 1.614417812653666573e+00
9.925650962577379222e-01 -7.379463336684008445e-02 1.250713649683711903e+00 1.473856496333823207e+00 7.229837970249549661e-01 7.162701067694769996e-01 2.111363241803040136e+00
1.341022330151359965e+00 5.325849597023778470e-01 1.661138252330522702e+00 1.989356808674719979e+00 1.194020531167671484e+00 1.306988327202453837e+00 2.595621502166481687e+00
1.715433076616645902e+00 1.105118756665969704e+00 2.060957750104619457e+00 2.471060821814030195e+00 1.653048005907445051e+00 1.907520640159455771e+00 3.012320943605160117e+00
2.088592557814016981e+00 1.634172116524426288e+00 2.455165092807200633e+00 2.931237672147536610e+00 2.123026776079695477e+00 2.482942218829057079e+00 -2.936578704193884448e+00
2.436385584893577150e+00 2.106867157685585745e+00 2.837308539435056343e+00 -2.938815896531990379e+00 2.589973921909393351e+00 2.975478617961685224e+00 -2.676948589735761441e+00
2.757209978701493647e+00 2.558799285516242250e+00 -3.085247055978691311e+00 -2.665261017317498649e+00 3.034638759324145951e+00 -3.011838397543316503e+00 -2.528240850704770448e+00
3.085038448512072762e+00 3.092384617857629525e+00 -2.736066011142345822e+00 -2.603724755165022220e+00 -2.824123607780945733e+00 -3.028461829116994686e+00 -2.479486156824288301e+00
-2.826646981608400999e+00 -2.519410254461348142e+00 -2.369439045934312205e+00 -2.514236335260792377e+00 -2.406078030881026564e+00 -3.007529363820740098e+00 -2.313370596825830461e+00
-2.403517678210670638e+00 -1.718919869717319582e+00 -1.964597992523847036e+00 -2.172100879795156203e+00 -1.951492489325192814e+00 -2.706210932577374439e+00 -1.942479385256261404e+00
-1.936765110708022819e+00 -8.489940259331165695e-01 -1.506876728600090143e+00 -1.661974601734019563e+00 -1.428727086754997488e+00 -2.281898272978487796e+00 -1.457146183480306334e+00
-1.435885081748638381e+00 9.006982765935504440e-03 -9.856373105410580759e-01 -1.070537802307608644e+00 -8.315838302307038132e-01 -1.844720766190326433e+00 -9.643423224325715637e-01
-9.057828234882010499e-01 8.033604422878631857e-01 -3.937576987894560454e-01 -4.383635593043381240e-01 -1.688556106294284431e-01 -1.448419095432510462e+00 -6.737936992384101487e-01
-3.417065467662470102e-01 1.524493641438971148e+00 2.890781272666064217e-01 2.413402278639884824e-01 5.399791008139632753e-01 -1.106389765885562815e+00 -1.101916849145282207e+00
2.772612783982058016e-01 2.188340608375590080e+00 1.120607083803486947e+00 1.088839712622374556e+00 1.273354658608471857e+00 -8.141988660943710876e-01 -1.156527803561425927e+00
9.937967295998627604e-01 2.790647943885008697e+00 2.149254439955565310e+00 2.297270703796647329e+00 1.982236598955410045e+00 -6.218255646722646857e-01 -7.819255103914362071e-01
1.838849141893253769e+00 -3.031114502475753536e+00 3.131665981641392094e+00 -2.757954929155725488e+00 2.626125506901266338e+00 -7.732986229412756041e-01 -3.677803044010344857e-01
2.705696172483833983e+00 -3.024466433331407078e+00 -2.464798481404954611e+00 -1.785599111020537144e+00 -3.090007633422494404e+00 -1.377463403726877367e+00 6.590591668482147225e-02
-2.879843322792861926e+00 2.837633035732017195e+00 -2.092027653188371694e+00 -8.996582116784987981e-01 -2.601702548534306381e+00 -1.672288363853692950e+00 6.010776305196685598e-01
-2.375020866029672550e+00 3.008914494244484761e+00 -2.043567545691832965e+00 2.245237380923828407e+00 -2.166656412075090188e+00 -1.838970215943060760e+00 1.215220318181377657e+00
-1.978543468915103354e+00 -2.894998369981672148e+00 -1.963022091024809956e+00 -2.833496268451704658e+00 -1.771359278200082654e+00 -1.792421107709371686e+00 1.806725211286541288e+00
-1.615239652704706375e+00 -2.489721685668022211e+00 -1.643238580951980055e+00 -2.326922119480334672e+00 -1.404945230973545289e+00 -1.526343947808406654e+00 2.250090447822290507e+00
-1.244944759758553010e+00 -2.098584834614866335e+00 -1.204627512590691341e+00 -2.178784997214378460e+00 -1.054557547550115437e+00 -1.159002337356622947e+00 2.624056974459861191e+00
-8.417315954673653122e-01 -1.702365071877501634e+00 -7.257356492490012467e-01 -1.995296898391216489e+00 -6.996207975167644255e-01 -7.495408540032719724e-01 -3.054486575856437458e+00
-3.941819506069508816e-01 -1.286685960285148811e+00 -2.448560036197414969e-01 -1.567001752026577766e+00 -3.329932740800964908e-01 -3.270275611373417712e-01 -2.249688649140368479e+00
7.938752641462441806e-02 -8.701055107312477555e-01 1.925885934918381281e-01 -1.050211900340938032e+00 1.158086027093965797e-02 7.126310064790981891e-02 -1.401499755652070522e+00
5.343207760700574571e-01 -4.713197863326092363e-01 5.064653129178211532e-01 -5.165419303576437304e-01 3.213879982690253101e-01 4.225272187128094603e-01 -6.126178212435425818e-01
9.211252863543178959e-01 -6.821634801619855248e-02 6.655056995745737281e-01 3.188631657781418327e-02 5.746148559477649576e-01 7.702939484849482543e-01 8.997348348939945839e-02
1.222143043724409184e+00 3.888721194108878398e-01 8.323898609525711700e-01 6.111683538238876778e-01 7.771221691963063893e-01 1.225760331070969045e+00 6.930308087813025208e-01
1.500592662485587869e+00 9.076655055629901936e-01 1.120863924061382022e+00 1.190776968292193372e+00 9.731977900803571169e-01 2.078357603584028102e+00 1.122665634926094835e+00
1.833645345453605913e+00 1.454507480786259244e+00 1.455823245422024570e+00 1.164142630409382928e+00 1.240290118900023275e+00 -1.884338676073074259e+00 1.265976884758060583e+00
2.203769091599478536e+00 1.929825313722434599e+00 1.707612699092683206e+00 -4.079666325585957765e-01 1.501838711687605299e+00 -9.711927266438703521e-01 1.288309138346695137e+00
2.498615777963775653e+00 2.030450524969833470e+00 1.641821141522528560e+00 2.282890926104630125e-01 1.518990185157623518e+00 -3.323953352046327692e-01 1.444597799422826734e+00
2.473345991411149303e+00 1.706295485300810100e+00 1.249760165866977468e+00 9.377487400187394240e-01 1.077183273420322385e+00 2.516206344912927384e-01 1.638331553689142961e+00
2.140886939489443197e+00 1.911411088293876626e+00 1.224541700172733227e+00 1.712619680654217991e+00 1.149864887575751560e+00 8.252758460225197990e-01 1.836959829406364708e+00
2.173371669301425779e+00 2.364584278805623274e+00 1.475263053971845650e+00 2.579574011501914566e+00 1.623122474035205487e+00 1.512299408341595708e+00 1.943168737069532304e+00
2.460133848846603577e+00 2.869119455697353605e+00 1.805024778452605894e+00 -2.637506489904707152e+00 2.241090008493593633e+00 -1.814359183669261188e+00 1.477759989992606826e+00
2.831615756242902293e+00 -2.911298163997626531e+00 2.132241555007019063e+00 -9.548694006329954131e-01 2.914735543220007497e+00 -1.129287682161424833e+00 1.296335444417122895e+00
-3.052659057917891161e+00 -2.457515945098340815e+00 2.466842359979437571e+00 7.511080532062384130e-01 -2.703828809106604947e+00 -8.255559693798518728e-01 1.636697293830720712e+00
-2.641657429018660963e+00 -2.084135900251445239e+00 2.886535518970534842e+00 1.897895039868022105e+00 -2.072627038709099256e+00 -9.089652043856539798e-01 2.116863675793887456e+00
-2.208951203183109779e+00 -1.774211223970441065e+00 -2.811009966792461068e+00 2.908365918656313998e+00 -1.503862125419740403e+00 -1.015675456472009630e+00 2.639632762817818890e+00
-1.735360395687564505e+00 -1.406227684992684690e+00 -1.953820289948482891e+00 -2.389466629760140570e+00 -9.945923848813841284e-01 -7.814261074254484907e-01 -3.128586244349955248e+00
-1.191505188126078307e+00 -9.313431290300442367e-01 -6.738357270118531250e-01 -1.423804645356394616e+00 -5.274199301877658952e-01 -4.052295009682317928e-01 -2.701912683791829473e+00
-5.188464489379459588e-01 -3.836947031785213902e-01 4.420576254313099973e-01 -4.852321634226318681e-01 -1.014668945515573156e-01 -2.732547844188659703e-02 -2.541534007521750738e+00
5.307719185598182010e-01 3.455211860662019130e-01 1.099903169703119188e+00 4.075964179824649314e-01 2.813699524579676425e-01 2.623689249536811929e-01 -2.816077731261836359e+00
2.151953199493780389e+00 1.941121095687235343e+00 1.465344151198763267e+00 1.103679920173187057e+00 5.881673508430246278e-01 4.062553837258200407e-01 -3.015955058618859930e+00
3.088538709940908067e+00 2.873948140449983146e+00 1.616347632308198889e+00 1.020798267397349024e+00 8.207656439131119086e-01 5.068507259205343729e-01 -3.137063424024725489e+00
-2.592249557775389235e+00 -3.134988969302910711e+00 1.795179119493418129e+00 1.377053315827063473e+00 1.037826587430772829e+00 7.587093582851029971e-01 3.129974486178484838e+00
-2.061215139061163715e+00 -2.867872557699831848e+00 2.202836612041973563e+00 2.204511812665032267e+00 1.397341233670185145e+00 1.184284538610371529e+00 -2.904203379054564937e+00
-1.548581114624850263e+00 -2.400131686610343262e+00 2.787700279715126239e+00 3.068020414649687666e+00 1.977682208336174474e+00 1.718366212686720518e+00 -2.499525464286793230e+00
-1.065030668523074597e+00 -1.811189782254637670e+00 -2.815799449214365868e+00 -2.383059673860944638e+00 2.832778669149498718e+00 2.300839257877858479e+00 -2.034947897059057098e+00
-6.244746503274443139e-01 -1.176456647331003413e+00 -2.091545864341799899e+00 -1.586147896531727941e+00 -2.171593244417256763e+00 2.883726302957474452e+00 -1.539997330466355008e+00
-2.001764206281633485e-01 -5.329938706421278871e-01 -1.348835747410654928e+00 -8.248462875456136212e-01 -8.072162684495305385e-01 -2.861657853929706619e+00 -1.022030495786968585e+00
2.594327764932562452e-01 1.048994561495160405e-01 -6.016794580026432193e-01 -9.835947662315588924e-02 1.930791227706238067e-01 -2.463495568448405670e+00 -4.965252260159352393e-01
7.692610790768225071e-01 7.304345473757410945e-01 1.404809279921078735e-01 5.947284713214165963e-01 9.801320545489329294e-01 3.102398543141555720e+00 6.887759990524788302e-03
1.309457990964844720e+00 1.331139265587443665e+00 8.706224594164885255e-01 1.252271985057370696e+00 1.645645090657814391e+00 2.436736823848435485e+00 4.487329616074994809e-01
1.856724142584847526e+00 1.892356560228891871e+00 1.587830237449793014e+00 1.874004835627732124e+00 2.231316509595832276e+00 2.773844891294312109e+00 7.906939203281462270e-01
2.396711804742692742e+00 2.404926357312015206e+00 2.306069427997322396e+00 2.456709397941179152e+00 2.771390791632275086e+00 -3.080042710049381238e+00 9.771125764875855380e-01
2.919046163063873323e+00 2.868979753113522602e+00 3.041755472271460370e+00 2.990291963254712915e+00 -2.996253977153264803e+00 -2.643323967563210530e+00 7.553595201996941011e-01
-2.872274229924085542e+00 -2.993189008343291491e+00 -2.498946158416912144e+00 -2.817208775522740183e+00 -2.492459716506806977e+00 -2.236160277046562062e+00 8.114095028705832491e-02
-2.426395772045248478e+00 -2.611641574664614218e+00 -1.778523048258455308e+00 -2.400778823861591249e+00 -2.012287026469070206e+00 -1.909489024461618722e+00 8.999380979051713192e-02
-2.047109855300114578e+00 -2.255239199905689773e+00 -1.099325080408676047e+00 -1.980365333901579650e+00 -1.583750733428250790e+00 -1.769088482895211811e+00 3.759788238474179867e-01
-1.757116265050736814e+00 -1.920371601485657109e+00 -4.604831691163353558e-01 -1.366058879522447755e+00 -1.285947444568642517e+00 -1.910225993165797886e+00 7.237552051902376160e-01
-1.549317351689619704e+00 -1.677541559710522989e+00 1.325476791027622170e-01 1.736270067671265904e+00 -1.191017583816695646e+00 -1.963933195648888352e+00 1.078908266923643389e+00
-1.346461043459689311e+00 -1.956656168038210408e+00 5.116327735421963840e-01 2.547039841914752856e+00 -1.091189697356442778e+00 -1.734326502654629287e+00 1.421504325169225424e+00
-1.073881815693566111e+00 -2.427599993853579274e+00 -1.054465763489272456e+00 -3.019143063226292334e+00 -7.912708937864577630e-01 -1.368055280651014893e+00 1.698223190872047095e+00
-7.330707344016305083e-01 -2.229242704179959400e+00 -7.880719047420470247e-01 -2.311014902107055846e+00 -3.458319033211413873e-01 -9.702203494641848947e-01 1.849779098295627255e+00
-3.560216565119300181e-01 -2.168900431623217884e+00 -2.775114235174490629e-01 1.129686614398706324e+00 1.571808930113814118e-01 -6.206300465405814037e-01 1.989125141069270297e+00
4.417089303311805271e-02 2.162654391158342904e+00 2.642093390226895600e-01 2.034375002078432360e+00 6.975147685177750523e-01 -3.604406547869157817e-01 2.243157521296226253e+00
4.846347034456457981e-01 2.539184808330540388e+00 8.399899201210732080e-01 2.430498406565079428e+00 1.251429427161423469e+00 -1.053897268868144721e-01 2.502247318628600947e+00
9.807609450334703327e-01 3.012566814884481303e+00 1.439506848154283647e+00 2.679579300543947884e+00 1.809427807829040225e+00 2.881930581455289242e-01 2.629992900819658974e+00
1.529827489493961412e+00 -2.780797384077172918e+00 2.050967509541346434e+00 3.067930875958850834e+00 2.340817950403907499e+00 9.181806062279896929e-01 2.844125947409755550e+00
2.121864678353078126e+00 -2.312734407251979096e+00 2.681487196122071204e+00 -2.664527410611006175e+00 2.819495017196612885e+00 1.969212022641773308e+00 -2.842991499266679156e+00
2.749806127558603208e+00 -1.874676048919161619e+00 -2.939209901812804837e+00 -2.032513261757120215e+00 -2.992099809770930374e+00 -3.106269814226633841e+00 -1.521262269896048958e+00
-2.898763981048076310e+00 -1.485014151379359992e+00 -2.248121566085996115e+00 -1.396637997864757175e+00 -2.541755229313507947e+00 -2.290729649079819463e+00 -1.350272412888420259e-01
-2.337349839082106584e+00 -1.154693053825990079e+00 -1.556530165341190486e+00 -8.167218420645816490e-01 -2.162517527338827517e+00 -1.825702140833789455e+00 6.158244030025413762e-01
-1.815597459394396207e+00 -8.358871739748796603e-01 -8.810564995785017395e-01 -3.333242454602399207e-01 -2.300822023012179418e+00 -1.896563677649542923e+00 1.122094680804197164e+00
-1.236864085839950000e+00 -4.882969235022934784e-01 -2.329251839872620300e-01 7.750737433152454781e-02 2.915175155116582761e+00 -2.045471380866356714e+00 1.467134607854091888e+00
-6.102066728182072852e-01 -2.493300855421811402e-01 2.911938986662551687e-01 5.689763832335269500e-01 2.835721409592200981e+00 -1.745872858101973790e+00 1.731800691685128069e+00
4.017459531023227781e-02 -1.110913982893316554e+00 3.609868891186701068e-01 1.248175162431707008e+00 -3.067174501010077492e+00 -1.314729767448718389e+00 2.069797481347401380e+00
7.479425079260558773e-01 -1.428788355423205703e+00 -2.455754022712397511e+00 2.210054198427714223e+00 -2.644543886270475319e+00 -9.385798785157528634e-01 2.546859239075482062e+00
2.124145011279534589e+00 -1.189168121448186843e+00 -2.254059535727012342e+00 -2.769866178489695852e+00 -2.212767142172407997e+00 -7.395518720287116432e-01 3.127780201326507470e+00
-2.252177044586495036e+00 -9.326097323148934137e-01 -1.651029656700429227e+00 -1.384409558128824047e+00 -1.871562387052843057e+00 -6.682347580540973775e-01 -2.541744454497991246e+00
-1.643665412975370277e+00 -7.509898788865009278e-01 -9.801707666257071239e-01 -1.389638363394875287e-01 -1.563424939906760125e+00 -5.396087049199845831e-01 -2.100406805722538017e+00
-1.203636831449635514e+00 -5.782820756361131131e-01 -3.056457730712764387e-01 1.214981967932564855e+00 -1.197748028460787761e+00 -3.204215089091483892e-01 2.336604152202293339e+00
-7.821969432991053850e-01 -3.924608365484877903e-01 3.328296962937524750e-01 -3.055249568653742198e+00 -7.512938041941923384e-01 -3.087125996885062285e-02 2.792818829954944349e+00
-3.575921869457040492e-01 -1.665144454113366979e-01 8.559771519633788683e-01 -1.586341742511083730e+00 -2.446119024066355785e-01 3.238999794884886430e-01 2.624205507648346369e+00
6.720024324549356276e-02 2.008161414690431135e-01 1.158123744669130817e+00 -6.220699185571239020e-01 2.589713774454046602e-01 7.299204753406597357e-01 1.901586766216798230e+00
4.851379851739628379e-01 7.621677135519080437e-01 1.296228096735379642e+00 1.373971371413659215e-01 7.852512715930946019e-01 1.182817916332385533e+00 2.520169415044083649e+00
8.948373580514731307e-01 1.435552949969636449e+00 1.529540310348880050e+00 5.060330883470516294e-01 1.287646097239768750e+00 1.642652894826081234e+00 -2.901996693101308811e+00
1.297016266485613967e+00 2.160030048742404674e+00 1.758972500132383709e+00 6.508836047084346488e-01 1.751519186841695941e+00 1.755425895658173641e+00 -1.688948457575738749e+00
1.701940488483689506e+00 2.883107408671938821e+00 1.656048894419018147e+00 1.146714131326975972e+00 2.142873793589926468e+00 -8.721040364639781606e-01 2.593897003991407768e-01
2.114456074686332787e+00 -2.737769412322361706e+00 1.602357666579044437e+00 1.846959085179959326e+00 2.418600414095316786e+00 -9.650886804892822024e-01 1.518229933456959335e+00
2.535563771682838308e+00 -2.149963798733564246e+00 2.099317795465426961e+00 2.578818616133062847e+00 2.674699151707911948e+00 -8.141950049385996424e-01 2.347098039646491774e+00
2.992549313264857069e+00 -1.598605929162535855e+00 -3.118738935069150564e+00 -3.012262372887692052e+00 3.056559693815931844e+00 -4.952131153999591584e-01 2.968278666203505445e+00
-2.751590250804903270e+00 -1.011886466716833022e+00 -1.120738744754680161e+00 -2.368222262977592418e+00 -2.673875235434559627e+00 -1.544210346376921339e-01 -2.927430103287401053e+00
-2.098460433563850813e+00 -3.741431165636661671e-01 -4.726018309105316229e-03 -1.837305217615337938e+00 -2.039607734071825274e+00 1.947360066893547292e-01 -2.625131529126250918e+00
-1.359571678074785739e+00 2.980367256825395272e-01 7.632295624887608376e-01 -1.437767606264914289e+00 -1.358470684220888680e+00 5.784883296264973218e-01 -1.969268237100703089e+00
-6.384654810827042892e-01 1.039080589396510268e+00 1.437465888501298528e+00 -1.140789572796039542e+00 -6.618361492661729573e-01 1.017502822604895441e+00 -1.020362106086919018e+00
-9.173896242911565302e-02 1.920864648088329574e+00 2.073871913752147744e+00 -9.216539601932071113e-01 -8.166793254634497614e-04 1.510788255744093256e+00 -4.775201041122336537e-02
9.610053111272523485e-02 -3.128961587679872647e+00 2.684061448410156814e+00 -7.247274841226092335e-01 4.695747261613295587e-01 2.158739736250194330e+00 7.928047000636377906e-01
1.529615841991580905e-01 -1.632806244941020779e+00 1.054813046922943864e-01 -4.396068487542231784e-01 -7.553337443022100084e-01 -8.318477176462593103e-01 1.500836128090426325e+00
4.746249659270143639e-01 -5.003776288965687824e-01 6.290659539216743035e-01 3.306186242014378524e-02 -4.681427898228374129e-01 -5.663355274254056743e-02 2.132022496053523675e+00
9.416203654540695744e-01 4.116826704541534099e-01 1.145406015262468324e+00 6.197027195983660919e-01 1.419198561266746261e-01 6.557583255212310336e-01 2.710281715870670460e+00
1.440144800250783730e+00 1.232784084208339959e+00 1.669347437042897786e+00 1.254582566168275681e+00 7.935630687555021989e-01 1.361795577191539763e+00 -3.065065419465256014e+00
1.930012461512321309e+00 1.973833808800470990e+00 2.192347090133827781e+00 1.865067219270690080e+00 1.428397911988724012e+00 2.028257541113230644e+00 -2.588532022295161550e+00
2.397917090762950121e+00 2.624918647025487939e+00 2.687188276287686861e+00 2.399672406891658394e+00 2.048533375132856271e+00 2.622126107518048865e+00 -2.054242975265412774e+00
2.839593090928713703e+00 -3.102127295623472225e+00 3.130665493408090416e+00 2.840605764388842935e+00 2.658326978660396467e+00 3.133366850511350332e+00 1.619812635327761541e+00
-3.033826546791199785e+00 -2.650212548009349689e+00 -2.760672872080898621e+00 -3.064513991589755904e+00 -3.037865331609290287e+00 -2.715944835371595811e+00 2.310124557045366789e+00
-2.677379727899716677e+00 -2.316539044029471306e+00 -2.426076588288446523e+00 -2.674353458761776992e+00 -2.468026912383328053e+00 -2.371987190874059070e+00 3.047530429632946625e+00
-2.397116156681339483e+00 -2.147125144661855778e+00 -2.163222532890665128e+00 -2.296448868706540303e+00 -1.947933668351556014e+00 -2.199806683368079163e+00 -2.502883559594555329e+00
-2.169289426531362253e+00 -2.055338829353992480e+00 -1.960279040730057432e+00 -1.976621777943403657e+00 -1.491798779864189628e+00 -1.930420130397818346e+00 -1.805817442845402576e+00
-1.895217221764045279e+00 -1.800602487489665116e+00 -1.703317482191179177e+00 -1.679562712971212735e+00 -1.138125728710895679e+00 -4.680653199915157381e-01 -1.173051376828760706e+00
-1.510371936319527375e+00 -1.341691162421835726e+00 -1.313196804271948848e+00 -1.279954505485948912e+00 -8.702537274283603796e-01 6.037723321964556522e-01 -6.016014222269975287e-01
-1.027081305533376065e+00 -7.666113841927191253e-01 -8.237885377748667137e-01 -7.636280214081483386e-01 -5.444564720356587229e-01 1.255072428530869200e+00 -7.422879419212681518e-02
-4.830777532925786821e-01 -1.479751213872396720e-01 -2.993540601594406048e-01 -1.853155743490989826e-01 -1.318269446681258616e-01 1.758090992028107813e+00 4.054334960440851843e-01
8.576884966528894316e-02 4.745012103707182405e-01 2.088942723748360986e-01 4.308306852504314444e-01 3.650439861391151508e-01 2.128911808047669663e+00 8.446186415626100175e-01
6.598363921941914345e-01 1.075547167784829616e+00 7.112571413966801703e-01 1.058866696307574795e+00 8.944294079776161643e-01 2.474545875489754465e+00 1.239654431485375685e+00
1.249146357691072406e+00 1.693080335987670715e+00 1.267839344717339944e+00 1.695900459158709461e+00 1.471260009000365576e+00 2.909835918350818229e+00 1.612805535680759572e+00
1.912184537771159487e+00 2.397290773168817335e+00 1.939284403225258524e+00 2.316552987211207171e+00 2.083760740189677385e+00 -2.859440060679083739e+00 1.987554521189503376e+00
2.677005732714034636e+00 -3.117840326892967973e+00 2.743222674831635288e+00 2.882913917001316495e+00 2.726067015053083242e+00 -2.332706255713374865e+00 2.371751008010426265e+00
-2.850481362746721814e+00 -2.397899111602015410e+00 -2.645988455067825207e+00 -2.827316398030044642e+00 -2.814816228643430840e+00 -1.837095318234818642e+00 2.795483550850835552e+00
-2.198766541626727467e+00 -1.831174909303235232e+00 -1.790411803461633422e+00 -2.176977621251287687e+00 -1.909685071830347969e+00 -1.385438242472239789e+00 -2.865084324912335223e+00
-1.641062104340553995e+00 -1.384910060663130160e+00 -1.135419281072031383e+00 -1.424544959708368141e+00 -7.868455358572661318e-01 -9.278679283710151715e-01 2.643243703627669028e-01
-1.143217577773712135e+00 -1.002215560337621936e+00 -6.902699704772237155e-01 -6.503962170835687617e-01 1.650914418715709042e-01 -3.720260197063717800e-01 8.736062517359621804e-01
-6.976986372744256037e-01 -6.544511706243463234e-01 -3.428082625362793845e-01 7.027939517563169813e-02 7.808235973241794969e-01 4.121030718021015948e-01 1.387143185652783828e+00
-3.056528272639308930e-01 -2.909767721581851818e-01 -3.209327999753922109e-03 7.488966881939129738e-01 1.313080155180055275e+00 1.739900461730879755e+00 1.854858446710253572e+00
5.830300493856462735e-02 5.368620346670176929e-02 4.223838295714416602e-01 1.379455334118459220e+00 1.811258392659119032e+00 2.841680200715137161e+00 2.268246997830803746e+00
4.097797974480886229e-01 2.988161781232362979e-01 8.730722754374855565e-01 2.009938433446326389e+00 2.333212279768416497e+00 -2.850443104023363983e+00 2.580937326414245447e+00
7.332901688052798628e-01 -1.028011431075246618e+00 1.216589764832499032e+00 2.661912674056385431e+00 2.962126769123110570e+00 -2.410956940734936271e+00 2.681698014618759451e+00
9.380558593632420950e-01 -1.045829156237729318e+00 3.155644819201542939e-01 -3.009455867410696150e+00 -2.657631458228299604e+00 -2.068239885506575781e+00 2.463357172944500295e+00
9.499792560408778508e-01 -6.525045092475115771e-01 1.306223915999778218e-01 -2.422321713643922791e+00 -1.818493286035460565e+00 -1.807636724337037482e+00 2.404902804839716968e+00
8.084421190663518830e-01 -2.088299222523617715e-01 5.327061758935929259e-01 2.107768542732007866e+00 -9.489264530515861829e-01 -1.682792413218118677e+00 2.537464017833892083e+00
4.243534085603137829e-01 1.645282896308280229e-01 1.021467359080199255e+00 2.538264525951551498e+00 -2.463404969843103198e-01 -1.874317655877000277e+00 2.788306244604600970e+00
1.155445301513960887e-03 5.664979789481472405e-01 1.483914145084634040e+00 3.095634632675680287e+00 4.312782729862164599e-01 -2.201779895655664898e+00 3.054265378834515321e+00
1.077088810499247234e-01 8.318132471931173333e-01 1.912032170684109023e+00 -2.551262710206199102e+00 8.556559231972858948e-01 -2.123385024346687189e+00 -2.907784604107786386e+00
3.762748182967409205e-01 1.007199389919357202e+00 2.264133968541463204e+00 -2.087468382147027679e+00 1.310514327588215400e+00 -1.863607372557914754e+00 -2.683775622916613646e+00
4.334692905496922433e-01 -1.300470278385710943e+00 1.460516764051506877e+00 -1.602150970139685437e+00 1.688459348850396058e+00 -1.549351760477480466e+00 -2.274208130464985711e+00
