1.589404203742971866e+00 1.576487273680791779e+00 1.568253428128214111e+00 -2.024550630914288440e+00 1.663282901989260765e+00 2.687906440540789976e+00 1.683436227349894398e+00
1.830430513301978479e+00 1.260392829080811294e+00 1.933084456455839595e+00 -1.117603042514824008e+00 2.145986574628120813e+00 -2.883856336814258903e-01 2.294268750292778325e+00
2.143658427102412389e+00 1.218983557487531844e+00 2.279172450612673373e+00 -9.514884113767635432e-01 2.627605721034951269e+00 9.077857930120993846e-01 2.780987360092888050e+00
2.496374284551265976e+00 1.344366261561306342e+00 2.407638265208609685e+00 -8.592910952359775756e-01 2.980612100622245020e+00 1.792628160635752366e+00 -3.128032194371658914e+00
2.922073005323759798e+00 1.592667144418612457e+00 2.500281890777329874e+00 -5.128784988257351074e-01 -2.848192715863284263e+00 2.643790128161146669e+00 -2.773358094086160630e+00
-2.977843653011290836e+00 1.962081275521111001e+00 2.588499159083122336e+00 -4.478894975241987098e-02 -2.433283737950415304e+00 -2.896989969775798812e+00 -2.446548249231848438e+00
-2.657449073251604954e+00 2.385353953391351034e+00 2.764143717478765971e+00 4.719997908207404502e-01 -2.054208728973369702e+00 -2.884840496817710154e+00 -2.147141762817935895e+00
-2.524515293487906042e+00 2.781777042910163367e+00 2.761790210506461563e+00 9.817821084458646652e-01 -1.853803983974189773e+00 -2.708887528978801473e+00 -1.971716265546636704e+00
-2.414481141592232039e+00 -3.029893351122061596e+00 2.792008719271756867e+00 1.287439350253188897e+00 -1.703210675323745926e+00 -2.188383398952955972e+00 -1.957264550301772710e+00
-2.165827621757921317e+00 -2.343797050803585746e-01 2.682308207580589521e+00 -7.039128736481788107e-02 -1.437272649251914780e+00 -1.554941656973542585e+00 -2.021821694168852712e+00
-1.761819455255998923e+00 8.458212045700086446e-01 2.583670966176296435e+00 1.695282325144632785e-01 -1.099799208442725273e+00 -9.374924845645603577e-01 -2.109279925535181732e+00
-1.322069248136820141e+00 1.481794765317307583e+00 2.661676209833867102e+00 7.344431853937739563e-01 -7.919477671757541026e-01 -3.831256403589085036e-01 -2.203471114155752364e+00
-1.211247912131029114e+00 2.146465916240057670e+00 2.977128676783282302e+00 1.330032567703213875e+00 -5.789741308480279569e-01 1.215462098329055940e-01 -2.124489424651266223e+00
-2.895513912698254977e+00 2.805853198677427329e+00 -2.989167044802272688e+00 1.900642921670532282e+00 -3.017464485400189744e-01 5.775890869150489548e-01 -1.930940455526195088e+00
-2.526684126109024486e+00 -2.874741152435608349e+00 -2.757810512279876836e+00 2.710575937951674508e+00 2.356686707442438508e-02 1.104967257841910078e+00 -1.734498472780610978e+00
-2.061160022944443782e+00 -2.386335406020239525e+00 -2.641214771368011860e+00 -1.115884154569732889e+00 2.470264557295632490e-01 -1.672099066501788744e+00 -1.518919948685815369e+00
-1.582255937648173072e+00 -1.841650892438605247e+00 -2.380350636108094609e+00 -5.637758554659002552e-01 -1.859311511587253551e-01 -1.009249476622988029e+00 -1.232932324557137527e+00
-1.131213594217559404e+00 -1.229992787911063257e+00 -2.021091654856532749e+00 -6.718673214149914474e-02 -3.464788827054888776e-01 -4.685635236579266394e-01 -1.019712984786945942e+00
-7.635583004078067004e-01 -6.683604683876600561e-01 -1.638624098709027921e+00 4.043194572562580080e-01 -1.050667229425662486e-01 -1.709853470638763098e-02 -1.202839490749110896e+00
-6.777743484552050113e-01 -1.504761442186202114e-01 -1.226712984326987277e+00 7.723179168621648882e-01 2.810438831229188916e-01 2.588130159694486676e-01 -1.392722493678943518e+00
-2.177522826652317889e+00 4.235109167563739785e-01 -6.800779951376868526e-01 5.468776151595129420e-01 6.623914930246641575e-01 4.032286292702253472e-01 -1.320116418773430222e+00
-2.187641698501013643e+00 1.118115588427380569e+00 1.967896124008660652e-01 -4.826782340206027255e-01 9.766189890551582042e-01 5.295955121416306977e-01 -1.107222349261478778e+00
-1.856914704640733715e+00 1.906674812071925240e+00 2.103449074338477054e+00 -1.520643139912832564e-01 1.152932548960593273e+00 7.445787799849613586e-01 -6.891684300711368172e-01
-1.445318784870974982e+00 2.800433440550603947e+00 -2.699965322257542155e+00 3.617553802832125243e-01 1.338182317614185379e+00 9.899152259891372818e-01 -1.385445349986592078e-01
-9.633897481141369123e-01 -2.347093460040745150e+00 -1.823572319066362857e+00 8.870746115620986583e-01 1.602912954665153489e+00 1.239528625192305666e+00 4.246159200038095438e-01
-3.964869490371553673e-01 -6.793223435440457481e-01 -1.116446045760435712e+00 1.374095563628070504e+00 1.926768584096865355e+00 1.521905380173147471e+00 9.586889242597314009e-01
2.494785695612931065e-01 7.841196035438483536e-01 -5.627108722752005576e-01 1.821901126676750859e+00 2.316970192626919278e+00 1.883967941040228800e+00 1.523050710404236785e+00
1.145618119025879844e+00 1.839088465352420432e+00 -1.933636464000579036e-01 2.257172367903801380e+00 2.750645794841525937e+00 2.306615052039253211e+00 2.172475476537442773e+00
-2.642915136774231399e+00 3.043961861680771541e+00 -2.943792637739421278e-02 2.590247363719734519e+00 -3.102588870195674531e+00 2.728082693788361546e+00 2.848696425611725758e+00
-1.435447344087924515e+00 -7.346198404461866671e-01 1.465492712252813301e-01 1.300664809045874115e+00 -2.907319489796328149e+00 3.110198518132097245e+00 -2.832229808593968112e+00
-6.870894372728695298e-01 5.403047244989895859e-01 3.827976777730713875e-01 1.299714173848475873e+00 3.040774059990780209e+00 -2.909505272240091145e+00 -2.358299911160039120e+00
3.355409524900049983e-02 1.577491329314239188e+00 6.880665479220653413e-01 1.771910206411140942e+00 2.686481108182428468e+00 -2.634927885880898213e+00 -2.058112754833298919e+00
7.866928021648911251e-01 2.699194438317162881e+00 -1.266744212865613950e-01 2.239865159263916716e+00 2.826983463524908924e+00 -1.804010943239247711e+00 -2.164728780571054667e+00
1.703201256804237174e+00 -2.464575940027044165e+00 -3.019864221441007079e-01 2.677282216221441580e+00 3.104312602168100899e+00 8.024080026558583212e-01 -2.441667805974719663e+00
2.944306398348691012e+00 -2.450572907110986076e+00 3.425625067567796278e-01 -3.136401290077580839e+00 -2.830429009193688117e+00 1.533735118806244024e+00 -2.123527836185730600e+00
-1.937207729910145337e+00 -2.239726923295107586e+00 1.573315971859496232e+00 -2.562505970433316627e+00 -2.433052473676494021e+00 -3.499282220988135239e-01 -1.587718323446427382e+00
-8.289774805094566323e-01 -1.491377623255935037e+00 -1.747599962974917043e+00 -1.828707104098372449e+00 -1.907565993950214533e+00 6.876203573961146842e-02 -1.023646546149476144e+00
7.516868737726666028e-02 -7.491835577227677900e-01 -9.052415783475064037e-01 -7.831791036206197099e-01 -1.219922307346969381e+00 7.161397201439568816e-01 -5.035395938815684369e-01
8.646239115059156655e-01 -7.659534945392736105e-02 -2.698461172105472983e-01 7.764398589153599373e-01 -1.480446319682829359e-01 1.362332532064653323e+00 9.881183419925382641e-03
1.645849263043505095e+00 5.236475910115681032e-01 2.326274687958395648e-01 1.911758704054683733e+00 1.466885592546037120e+00 1.981327413364167178e+00 6.931272191807930083e-01
2.397662213983592583e+00 1.051687191105966201e+00 6.183630456068971437e-01 2.593565034043782358e+00 2.613316128194916654e+00 2.557571505024895053e+00 1.749303471853259628e+00
3.072402666568174734e+00 1.484558096811446903e+00 9.939124517625026467e-01 3.040744769886832621e+00 -2.851935297212184750e+00 2.962231223035681094e+00 -2.922816217586021725e+00
-2.668973564776112362e+00 1.660830317283010116e+00 1.288217071800291436e+00 1.649695196656375762e+00 -2.227996529142232784e+00 2.711629693362174187e+00 -1.696683505110907708e+00
-2.420661298311173493e+00 1.578452621107570231e+00 1.425014746405460997e+00 1.932214704356563617e+00 -1.898356659714186989e+00 2.777136742036996786e+00 -1.975055479222837862e+00
-2.229586092359149063e+00 1.784972145479357009e+00 1.509423367408248895e+00 2.665995734172931897e+00 -1.654892942555027169e+00 -2.914622392077284019e+00 -1.849849533110861755e+00
-1.796573658975904708e+00 2.133264224538910181e+00 1.619282131107637523e+00 -2.798268937961330138e+00 -1.169427914365259280e+00 -2.162946778312749618e+00 -1.017202226016343802e+00
-1.208216629852962187e+00 1.614183274897285747e+00 1.386262922205428794e+00 -1.860232920855296568e+00 -5.173025362877312627e-01 -1.342332361494562587e+00 -7.144119681587314530e-02
-5.703241170302144614e-01 1.062756284884255109e+00 1.133805481271676907e+00 1.279179560434597462e+00 2.300347828361633262e-01 -4.638674523341349554e-01 9.297454741114536958e-01
7.762536146942507209e-02 1.542483148546526461e+00 1.446705613027463810e+00 2.397687138270220508e+00 1.053354010327228307e+00 4.725973663730184127e-01 1.958489251643246387e+00
8.031814266600488805e-01 2.160350301462894862e+00 1.976588616692527278e+00 3.109681292791024454e+00 1.989921209558333848e+00 1.439332480572597772e+00 2.973686681577960567e+00
1.687517797774363393e+00 2.824481860569273195e+00 2.548996460476918635e+00 -2.616749785011956764e+00 3.035936175129207992e+00 2.424103534802737325e+00 -2.362109848358166175e+00
2.719964005352133452e+00 -2.767381308981466947e+00 3.052515004117267949e+00 -2.199849708277385574e+00 -2.298716462739570865e+00 -2.863236286868991343e+00 -1.535930362712924824e+00
-2.629695712626918702e+00 -1.964123907053034523e+00 -2.793252532429512769e+00 -1.816372875241291984e+00 -1.597989052091798756e+00 -1.893822300999586927e+00 -8.543382616757410064e-01
-1.891995279397036933e+00 -6.238261303593454210e-01 -2.493306932636539130e+00 -1.370020255919494945e+00 -9.829392901266199578e-01 -9.861283653581681685e-01 -2.759510498641644105e-01
-1.224813299839931924e+00 9.389522150735424288e-01 1.787264661327820248e+00 -9.158681054134442112e-01 -3.233778784389788052e-01 -1.826969025340804409e-01 2.907366741682491096e-01
-5.666928306785994351e-01 1.844252340526070233e+00 2.321163343641279742e+00 -6.800737219079149298e-01 3.571723327329534570e-01 4.742869893008211934e-01 8.918230521383873066e-01
8.244675671952671203e-02 2.528637846442221893e+00 2.999810949003363536e+00 -1.177117548242616385e+00 9.984836145099026394e-01 1.012999008527372791e+00 1.469919381054100249e+00
7.371562517874064024e-01 3.089459483781896054e+00 -2.613057258055984100e+00 -1.429483339422437993e+00 1.611295644011947248e+00 1.517781058615441436e+00 1.926655632093009274e+00
1.388809771454516895e+00 -2.751784358246512685e+00 -1.928805783400745266e+00 -1.210004720413198731e+00 2.218807498690589686e+00 2.039916634810293505e+00 2.206382382727608782e+00
2.061589527455334192e+00 -2.664699601148773134e+00 -1.177780120359069871e+00 -8.338037038899769327e-01 2.820434427588607740e+00 2.566861775083473240e+00 2.500428829746552672e+00
2.780493317320860136e+00 -2.987998875060169812e+00 4.702019874375941710e-01 -3.966558030570802029e-01 -2.888819084903527568e+00 -3.053731001461169381e+00 2.921200601231670024e+00
-2.722570578836187138e+00 -2.643142976752479445e+00 3.023220569082671894e+00 5.586670537346254822e-02 -2.422589316122322423e+00 -2.703328262259277470e-01 -2.958663718668010478e+00
-1.720611109935898053e+00 -2.018414620677057680e+00 -2.511713628898221806e+00 5.432618225708215620e-01 -2.123859093167078438e+00 6.779231381585074656e-01 -2.606357295005921504e+00
-5.633735271457824823e-01 -1.646900972455991985e+00 -2.064529732834174514e+00 1.099814168376698875e+00 1.605004225489295555e+00 1.367572079887787284e+00 -2.108436667493108096e+00
3.376430135532714760e-01 -2.445436810304888464e+00 -1.812066548367416541e+00 1.459213484024504126e+00 1.991085691308352335e+00 1.977599119751528356e+00 -1.265156543748551909e+00
6.692883812095848928e-01 -1.884346068963102860e+00 -1.336825149440671323e+00 -6.113013703689731404e-01 2.420397719230739764e+00 2.450595278564072110e+00 -4.108414425421542948e-02
2.715358711755662680e-01 -1.009980220877116475e+00 -6.498418669215464405e-01 7.826481747274822987e-02 2.805321451081606465e+00 2.779730235378342407e+00 1.114632737255670358e+00
7.602939853082196775e-01 -5.569152941212316549e-02 1.048396441004021962e-01 7.618840355806825171e-01 3.008138088624838336e+00 3.095302227811652873e+00 1.936920988037110325e+00
1.442715862144866801e+00 9.246956609468961474e-01 8.284583795801573336e-01 1.423714298265542189e+00 3.005132896675651200e+00 -2.888743559326129251e+00 2.546476339428005442e+00
2.157243281355328612e+00 1.905359461519781750e+00 1.508759164860675517e+00 2.111154837472858148e+00 3.123659187930123871e+00 -2.675148128947633541e+00 3.091904818534645827e+00
2.878147724143426345e+00 2.876490574623160601e+00 2.236169187926698942e+00 2.895496593682171493e+00 -2.789044854109107519e+00 -2.428278127903668260e+00 -2.618782712617536923e+00
-2.343752388180734947e+00 -2.416536291921212776e+00 -3.052898971604373735e+00 -2.475955955003808828e+00 -2.375655797055469254e+00 -2.100980710261847406e+00 -2.058743549580300147e+00
1.014079973863736717e+00 -7.697175428504936523e-01 -7.045034763673528877e-01 -1.469526859619725068e+00 -2.178938205782052773e+00 -2.076153101620437536e+00 -1.691801676685223299e+00
1.688645018155038757e+00 2.251333744805448678e+00 9.374615982484176824e-01 -6.677862142304257231e-01 -2.518158600632260491e+00 -2.359092676732496230e+00 -2.052456739678495179e+00
2.341837860025572482e+00 -3.083988276868472767e+00 1.897776432151968784e+00 -2.383630224143078014e+00 -2.656262081452378077e+00 -2.171676751692971141e+00 -2.459800623115792728e+00
2.982222898204285766e+00 -2.297140536024575130e+00 2.424067878800699294e+00 -1.931225461532763976e+00 -2.479047292039366468e+00 -2.181364492227817475e+00 -2.439437944266194425e+00
-2.671146610368166918e+00 -1.759621419611608228e+00 2.015323201987109236e+00 -2.009195228805282785e+00 -2.129896576555097010e+00 -2.401682688902015528e+00 -2.097887567162181721e+00
-2.063511697057201832e+00 -1.727827077414580748e+00 2.376614315938584632e+00 -1.559569268402493325e+00 -1.655960137993030656e+00 -1.978345237437370896e+00 -1.491714149244703691e+00
-1.489950149664896140e+00 -1.595807473488741968e+00 3.067654811361254730e+00 -8.334989879949886715e-01 -1.125157773577570630e+00 -1.318212506070443935e+00 -7.351107919165530413e-01
-9.794775732436443727e-01 -1.102727039269809417e+00 -2.509997484413602820e+00 -5.376738928416765345e-02 -6.103958019023285608e-01 -5.715423375005193041e-01 1.285373824640375640e-01
-5.779349178076947924e-01 -5.195694319263591821e-01 -1.875348138088110961e+00 7.188747215086552789e-01 -1.836057298631545709e-01 2.845719427857023032e-01 1.122403770408684442e+00
-2.910312085740910382e-01 -4.823425115612542217e-03 -1.629539989598403960e+00 1.451283656337094552e+00 1.210062957460288080e-01 1.510904399749035898e+00 2.348112993069871202e+00
-1.679815825913439156e-02 -2.189211720467669764e+00 -2.168403854598285996e+00 2.087919886784913359e+00 3.864473812020332577e-01 -2.926245833460867640e+00 -2.465932270408028870e+00
3.353597609491396625e-01 -1.609085952836951661e+00 -1.854639367072155709e+00 2.422427841863252329e+00 7.605673056038662061e-01 -1.797862768231225150e+00 -1.119867319450917442e+00
7.076862297067504359e-01 -9.709251961714586709e-01 -1.255644377182707272e+00 2.100582089267541086e+00 1.256876841564109837e+00 -1.156182821760685320e+00 4.723677844835459660e-02
9.818485237887580874e-01 -3.935754860667502464e-01 -6.403412936460229909e-01 2.281591970314393869e+00 1.803378305790861225e+00 -1.258607995964867943e+00 1.240417336341651522e+00
1.028462517939432441e+00 -1.296950600332992531e-01 -1.042625663201041525e-01 2.915648957664196850e+00 2.125565139395801939e+00 -1.451618071473355975e+00 2.796371864585743605e+00
1.111461544309825022e+00 -7.088419842600417464e-01 2.255007283327061796e-01 -2.041738607819033047e-01 1.267701833157115932e+00 -1.037547623375171035e+00 -1.672456838470400609e+00
1.477577811554723786e+00 -6.563339584489711331e-01 -1.033967443422393294e-02 9.080026640914753422e-01 1.616302079627666144e+00 -5.086808632145961573e-01 -4.006958489954504099e-01
1.998583143758685621e+00 -2.197924177455391759e-01 -1.730673777958518234e-01 1.652455443116916056e+00 2.376965895624856273e+00 3.259907344468157553e-02 5.964262281025826118e-01
2.534100486293732857e+00 3.105270978053753517e-01 1.869186301413020834e-01 2.347514010741786006e+00 -3.015589576946916317e+00 6.051674646602529517e-01 1.448640767080638270e+00
2.881032435551737159e+00 9.147957759958571522e-01 7.335680225019888256e-01 2.993884366355286097e+00 -2.141517681580721089e+00 1.243891346127488751e+00 1.855634544354947568e+00
2.716994959677804022e+00 1.605668242455832839e+00 1.350789827190791437e+00 -2.679584014402244474e+00 -1.435152319345128102e+00 2.044105380167466013e+00 4.196153800304208703e-01
2.723675833590981643e+00 2.411532947075742950e+00 2.006861802831489072e+00 -2.057066195943681564e+00 -7.905596956854982205e-01 -2.528732360021667791e+00 9.131153052345752918e-01
3.117108615234104985e+00 -2.895269753223014941e+00 2.693868935457469416e+00 -1.370322386217835309e+00 -1.338481338842315849e-01 -9.526943374234095874e-01 1.410198347947932085e+00
1.587976712483400110e+00 -1.787770622733985570e+00 -2.858655353816267564e+00 -6.165820603810192591e-01 4.925307474920025408e-01 -2.709914157114611810e-01 1.917630651369593542e+00
1.493718907414010033e+00 -8.416355559520670715e-01 -2.052597247721882123e+00 1.501332877962712753e-01 1.014990335919720099e+00 2.571609039688786957e-01 2.488064075662208552e+00
1.933001614964506398e+00 -1.579183051934014981e-01 -1.220049938885797713e+00 8.233310704807403901e-01 1.424070641313249785e+00 7.736916090946186486e-01 3.027545681824430623e+00
2.190032554003819687e+00 3.797335213321993974e-01 -4.580217969685184687e-01 1.335568980384948423e+00 1.844932560920849340e+00 1.343750399253768713e+00 -2.910008753669866000e+00
2.259271269615493516e+00 8.801307340609479946e-01 2.332777423386874494e-01 1.880574739938244422e+00 2.362970941977376782e+00 1.986127937627888196e+00 -2.705560240151066331e+00
2.474000699118056978e+00 1.393033201913788099e+00 9.022950275420420496e-01 2.600357908711061317e+00 2.919264939773519973e+00 2.732811622322297573e+00 -2.340199254254185401e+00
2.837720173629382447e+00 1.937237376122442623e+00 1.583948781981156850e+00 -2.837417503976422228e+00 -2.867258952646850378e+00 -2.539004741410834765e+00 -1.898751607426291343e+00
-3.020282548577727155e+00 2.507656897390624806e+00 2.273098709672926265e+00 -1.835865004875462558e+00 -2.449054968992589565e+00 -1.141597421005777990e+00 -1.528376272135438807e+00
-2.569295461182353524e+00 3.053468166041979792e+00 2.933025432355581330e+00 -3.627674338052672143e-01 -1.988500505610454328e+00 -5.528365027116833447e-02 -1.147751560351917943e+00
-2.102610732430786999e+00 -2.940998821670866903e+00 -2.963478952231399788e+00 1.263812016414725070e+00 -1.381524168882777515e+00 7.230578585783272727e-01 -6.387159404275271068e-01
-1.755027768803066435e+00 2.604979087830995965e+00 1.527710564323176978e+00 2.339924614736267561e+00 -5.627420435062303605e-01 1.375947211037130469e+00 -7.135601647778899714e-02
2.996952688655035946e+00 2.586908944080526407e+00 1.979963657301949675e+00 -3.087590533212012378e+00 9.107310369101828673e-01 1.936769919666753825e+00 4.573844675272167870e-01
3.130545693706924482e+00 2.836038594359972187e+00 2.472254579874860081e+00 -2.366464701814241511e+00 2.644216069408571901e+00 2.408298722226758670e+00 1.080419484621040427e+00
-2.617454842512015656e+00 3.012774160192169148e+00 2.937077933971969035e+00 -1.787129719571015407e+00 -2.622494224546457975e+00 2.825375369452917784e+00 -2.986795906142247325e+00
-2.059575287942357669e+00 -3.034602792135503879e+00 -2.862715207436566711e+00 -1.285545050444420578e+00 -1.784261188904814333e+00 -3.060628006553489655e+00 -1.724249296103427476e+00
-1.537713398605770276e+00 -2.729126156366731504e+00 -2.333801611157510170e+00 -7.571865141143435673e-01 -1.020495991047097872e+00 -2.737156257771650392e+00 -1.032908759067629356e+00
-1.059234560105844603e+00 -2.468645061493466741e+00 -1.801183828775223539e+00 -2.225439123763678362e-01 -3.255221080945398526e-01 -2.602389155952108180e+00 -4.801663228885232892e-01
-5.796495737562230577e-01 -2.225031544486964830e+00 -1.335834919029368795e+00 2.326962018623764117e-01 3.089999657796864141e-01 -2.708003471500724846e+00 1.497883512002112089e-02
-6.801862385896710606e-02 -1.865855251463683251e+00 -9.920035767141414107e-01 5.857969628560346642e-01 8.903799430884300481e-01 -2.877950855280338782e+00 5.760198287161173436e-01
4.284380337839919783e-01 -1.367226413040659505e+00 -6.903466593125534567e-01 8.644951987909265112e-01 1.346370900901372014e+00 -2.838626724178404892e+00 1.211399432554639999e+00
8.020664267767314559e-01 -7.741086774697725215e-01 -2.774623593774600550e-01 1.076658701351481673e+00 1.521437730357686480e+00 -2.550275682513735820e+00 1.691338154103363633e+00
1.008945893796842519e+00 -1.255653656913768568e-01 2.484234545473248401e-01 1.381172158945709327e+00 1.599402268893433732e+00 -2.152847786972278410e+00 3.892183187289100510e-01
1.310236332527535685e+00 5.630210957551136097e-01 8.337760505865864369e-01 1.879487262767178812e+00 1.965087081844851369e+00 -2.049006992366840585e+00 9.429145926538412548e-01
1.826353387324192834e+00 1.310374701604460457e+00 1.465791068151122367e+00 2.502624641000655625e+00 2.516555223564253652e+00 3.000690179379441158e+00 1.813825409882952711e+00
2.469382658362857086e+00 2.190912697380364538e+00 2.210674591405532130e+00 -3.096017702210840383e+00 3.131342963293415771e+00 -2.871226774053803776e+00 2.801919267480585507e+00
-3.112198947697853768e+00 -2.904266943300701342e+00 -3.098621442332863740e+00 -2.384741660501681793e+00 -2.541113082985228644e+00 -2.259907695169109942e+00 -2.381545915759859522e+00
-2.402081984717655772e+00 -1.328677508047121592e+00 -1.797918986768521021e+00 -1.685075807938457793e+00 -1.986944754215181685e+00 -1.673568920950585737e+00 -1.186529111340814735e+00
-1.746545121873921413e+00 1.763498163042304806e-02 -4.360272232168650453e-01 -1.123922375221348968e+00 -1.518599714787093768e+00 -1.257468930152787268e+00 1.608391765226651129e-02
-1.283288925666397962e+00 1.095496705260296189e+00 6.719781402091300482e-01 -1.591461800832985052e+00 -1.111001926880948343e+00 -1.198923310749592241e+00 1.113637722293181920e+00
-1.180642692904809943e+00 2.112139111884654863e+00 1.608251203945110230e+00 -1.768719147811870673e+00 -7.140252753442081213e-01 -1.159610225299550157e+00 1.958660629753789406e+00
-1.075439172635395568e+00 -3.053043985240511571e+00 2.477414726451120597e+00 -1.192327639311970611e+00 -3.493241697411101909e-01 -8.055739173680932508e-01 1.232899920800649252e+00
-7.712140145561829918e-01 -1.712848525758548623e+00 -2.935892161307046333e+00 -5.531162354444694174e-01 -1.356847516370920104e-01 -3.167304521609110579e-01 1.585390248390676771e+00
-4.592097816040491831e-01 -4.781270900856416928e-01 -2.003377456853922212e+00 2.094704135405875758e-02 -1.582034150778907078e-01 1.772797778519694389e-01 2.510601043278996691e+00
-1.746692340737545646e-01 4.742612419487867714e-01 -8.369904476024283557e-01 3.572010997563129231e-01 -1.604800188753632284e-01 5.493503854644651296e-01 -2.695998029921534034e+00
1.716429985473095221e-01 1.241024127962707002e+00 1.037422348926805959e+00 -9.300904862552379637e-02 2.104759518295980930e-02 4.977643899537871341e-01 -1.480285869145318012e+00
6.068225726243902107e-01 1.753259926422685577e+00 2.130383161351536270e+00 -1.701298412279710626e-01 3.129635910368643859e-01 3.254450616002926289e-01 -2.383780164158143533e-01
1.116899773653325045e+00 1.841131436518961051e+00 1.411992822645666834e+00 2.975241626221170055e-01 6.684570847779233160e-01 6.660204829761507961e-01 8.848942268219762708e-01
1.683847733953525161e+00 2.097568441716735954e+00 1.955833490717238776e+00 8.134984832227000195e-01 1.035979381909925001e+00 1.192150615271347469e+00 1.898492433947332803e+00
2.293556981989842036e+00 2.719699070393343909e+00 2.715752268054627994e+00 7.192095693056245187e-01 1.343812451532541807e+00 1.697689512924032806e+00 2.869789583842103475e+00
2.931397552963971531e+00 -2.779796024197070281e+00 -2.801162357509569656e+00 1.424425619310853430e-01 1.558742674567292097e+00 1.899105153599016438e+00 -2.410669419268847147e+00
-2.307569786004971757e+00 -1.826691489527029422e+00 -2.064046693003338095e+00 6.503548834056106509e-01 1.733201651225655615e+00 1.379270234367237835e+00 -1.254840640151391851e+00
9.573315887072787467e-01 -1.483253357980331977e-01 -1.364401097404320140e+00 1.309036492970937493e+00 1.896000072006573056e+00 1.388001232089463244e+00 1.652881475058951277e-01
1.578331458127243847e+00 1.575445954364103729e+00 -6.886127508715900181e-01 1.939236251786587095e+00 2.078436654270177986e+00 1.737079265356173519e+00 1.454654907098716921e+00
2.224525433069692859e+00 2.457333623467113259e+00 1.751221808879748409e-03 2.464587048510354261e+00 2.374799800551577800e+00 2.181379251531119667e+00 2.412333473089022462e+00
2.923324101216866477e+00 -3.127305744226308803e+00 7.601109635522892427e-01 2.906562071386211699e+00 2.777774392554869465e+00 2.696836908169178315e+00 -3.069008071920108272e+00
-2.606480793098116422e+00 -2.480482898188848928e+00 1.718452665813852143e+00 -2.905213420017809689e+00 -3.098610522275493828e+00 -3.023938441293785750e+00 -2.322995093830955593e+00
-1.785283229366826818e+00 -1.856348566319537596e+00 -2.639568532924310151e+00 -2.474953676274436187e+00 -2.832430698248995959e+00 -2.505464121719036541e+00 -1.924597466661313705e+00
-5.875414912550946944e-01 -1.248251410154379792e+00 -1.040388761843690224e+00 -2.802536478513832474e+00 -2.808432082528076634e+00 1.816840267803310649e+00 2.485753544331303910e+00
2.123553582384626104e+00 -6.512133702231471810e-01 -1.139816169472753493e-01 -2.954653471100998630e+00 -2.780690222197560235e+00 2.182931141137047781e+00 -3.047945084088195866e+00
2.991392599664297602e+00 -8.277675719642718644e-02 6.996099133362468914e-01 -2.346213457353624410e+00 -2.545599580874408296e+00 2.778576532896550599e+00 -2.272010744168412089e+00
-2.690582713242616553e+00 3.837294548631359214e-01 1.429645316475350647e+00 -1.522246276353879102e+00 -2.167557250299640970e+00 -2.915798268480108035e+00 -1.480061948122048276e+00
-2.215648456139421185e+00 8.311723404970113860e-01 1.945832292919173812e+00 -3.285278950822244637e-01 -1.731632318943134852e+00 -2.538906005385123787e+00 -6.429656543252711964e-01
-1.889747801858088216e+00 1.532261519596946009e+00 2.147254152676524086e+00 1.443143185371661419e+00 -1.346909960833550857e+00 2.966031019968856874e+00 3.722625740926031046e-01
-1.861218042425228703e+00 2.359000095495529248e+00 2.518870625800272656e+00 2.662680729759181020e+00 -1.113630378894583384e+00 3.087211384122274804e+00 2.918917779476219554e+00
-1.960148367552831505e+00 -3.116354046749973516e+00 -3.124555271903981968e+00 -2.730119251603819741e+00 -8.250785250477231658e-01 -2.619165494927403248e+00 -1.689135607956234297e+00
-1.812314436142591800e+00 -2.363136609035001889e+00 -2.398187445407342189e+00 -1.973138225459370787e+00 9.163992838357064297e-02 -2.012753950429881034e+00 -5.408082764934988296e-01
-1.593163761946868595e+00 -1.664337207669429608e+00 -1.665347795971060307e+00 -1.393013082646300083e+00 2.418431645080387771e+00 -1.501029332182669762e+00 6.915062867427180793e-01
-1.371991074448445591e+00 -1.003668446709364837e+00 -9.494847901280002445e-01 -1.283278911692964597e+00 -2.991124905733082429e+00 -1.517824847534021471e+00 1.998482380896635435e+00
-1.052282375006663440e+00 -3.583825375430567672e-01 -2.442990424366519586e-01 -1.685898269136233640e+00 -2.318013102592577201e+00 -2.584730646719345160e+00 -3.099008707393724027e+00
-6.249688967223737679e-01 2.614177677990394133e-01 4.652237930634849916e-01 -1.476487655932949394e+00 -1.659629561319253099e+00 -2.250318992950288255e+00 -2.067750211761747448e+00
-1.388675612787699798e-01 5.098396331330532494e-01 1.166120451762948651e+00 -8.847187165287748734e-01 -9.784602339592481934e-01 -1.682865487625054168e+00 -1.103998545347648186e+00
3.816825891282536465e-01 -7.571361943090220148e-01 1.621933274651247592e+00 -1.206951938337370855e-01 -2.742575128290354325e-01 -1.071343644729466860e+00 -1.333297788809482964e-01
9.173459172045201893e-01 -2.199326876714878809e-01 7.430703541625065245e-02 7.132697735406089423e-01 4.282781462518963633e-01 -4.768082047044017724e-01 9.034388855239364746e-01
1.425037113131154998e+00 4.964430552237576455e-01 6.956925147911158236e-01 1.550542272686884493e+00 1.078183255106244243e+00 7.786734998759343995e-02 2.082069285382982304e+00
1.812008660036284802e+00 1.266686421723047573e+00 1.489023102330456538e+00 2.347063416002801439e+00 1.596472012874380786e+00 6.262137747701570500e-01 -2.823273261512757148e+00
1.991509554143204852e+00 2.089702531839766397e+00 2.347545450451059779e+00 3.078740051525673316e+00 1.986728336737507927e+00 1.230005320755688469e+00 -1.450642289563288445e+00
2.140740320953768983e+00 2.934945252658891501e+00 -3.028817946403728811e+00 -2.543162492140347730e+00 2.418426506960211331e+00 1.888348884939121675e+00 -3.000595927560417153e-01
2.452589241664887787e+00 -2.546541834632614076e+00 -2.103353979776620974e+00 -1.962407037601562765e+00 2.937005397577653554e+00 2.405030867871555067e+00 6.860897558045178091e-01
2.874536053287728432e+00 -1.845012526482056048e+00 -1.198971482465260641e+00 -1.595084693611011240e+00 -2.790814668571562240e+00 2.699173694578838933e+00 1.580997808349410505e+00
-2.929813194749425698e+00 -1.277353081949653912e+00 -3.537805639293433724e-01 -2.073658529118917571e+00 -2.223660133398179806e+00 3.106675894984026964e+00 2.410532491020406454e+00
-2.411972697041155467e+00 -8.324863068231201924e-01 4.176036966287309249e-01 -2.175944991223770497e+00 -1.661901505698003767e+00 -2.703303747938304191e+00 -3.110111076900726079e+00
-1.885272822248791558e+00 -4.799718979024413246e-01 1.149218070354126153e+00 -1.734162467390948592e+00 -1.136140486575591302e+00 -2.207271813198024457e+00 -2.419647659225455438e+00
-1.379752783017863083e+00 -2.876832090897830652e-01 1.902262124568978141e+00 -1.211036289277598987e+00 -6.698367366998437822e-01 -1.674210288249464496e+00 -1.781105391518327696e+00
-9.042348400340386450e-01 -2.627237991600524514e-01 2.730527074272676380e+00 -6.747121631941372932e-01 -2.467145434165768092e-01 -1.104751583424581574e+00 -1.140776532072855565e+00
-4.439182697480578144e-01 -4.625382200536898303e-02 -2.559717335930205895e+00 -1.078995571473598675e-01 1.690503418583203799e-01 -5.253197901376173151e-01 -4.418749350381523944e-01
-1.327630672808459769e-02 4.096025407598613000e-01 -8.505246059886777399e-01 5.153661342174578053e-01 5.727025618264691698e-01 2.992532998785942672e-02 3.734241274962704638e-01
2.543142757203999960e-01 9.750591754134263489e-01 1.089623309698372733e+00 1.203629184356462156e+00 9.218603869023533903e-01 5.302501691735775902e-01 1.718066541776808620e+00
2.778913132226426552e-01 1.600477654513700942e+00 2.133116082194866703e+00 1.965426731445356845e+00 1.224264046379058835e+00 9.433482705676993207e-01 -1.994606740726693417e+00
4.693550403676780003e-01 2.302641938569241820e+00 2.995918417061289585e+00 2.839757168248190577e+00 1.555001384607222592e+00 1.218362517054826899e+00 -9.885023581440111062e-01
8.608482749733468165e-01 -3.102893617102678636e+00 -2.475868260940203847e+00 -2.439835021417124050e+00 1.899626523656119614e+00 1.240281808276674669e+00 -1.950834199397957769e-01
6.873614709998160377e-01 -1.658047810923183984e+00 -1.692463075851235343e+00 -1.464855883694175187e+00 1.760825877977862719e+00 1.104890326250635546e+00 5.132116321574031748e-01
-1.089671073170178500e-01 1.054593384834723868e-01 -9.561908855102162486e-01 -6.398502258317249058e-01 7.162010161042365874e-01 1.215090766782683129e+00 1.143222315683807722e+00
3.370850261898985512e-01 1.202238315544505998e+00 -3.369734188401256603e-01 2.634271198458704513e-02 9.514824081490469432e-01 1.439271559573655823e+00 1.660683861941662620e+00
9.208871514198988528e-01 2.094511081119517559e+00 -5.693212788181347545e-02 4.891675633953309066e-01 1.351237358586611759e+00 1.531203201942298309e+00 1.988596128670512275e+00
1.496835228411164787e+00 3.014998898423340012e+00 -2.357493297437929514e-01 7.404619051664866891e-01 1.780376397062058524e+00 1.624890910300747615e+00 2.146538776075093580e+00
2.023772842093666036e+00 2.919195327254632821e-01 -2.456773972411699022e-02 9.369851108746970469e-01 2.220748473619131858e+00 1.952488915361516808e+00 2.255040354362788158e+00
2.443061006987454764e+00 9.933160469134766357e-01 4.262259102180737114e-01 1.108501267188178430e+00 2.614163171015840170e+00 2.393594566364014131e+00 1.578079125796832516e+00
2.615422573820065377e+00 1.541314792509427045e+00 9.007775121639353122e-01 1.253821641087462524e+00 2.838675602650939211e+00 2.806898322656354416e+00 1.310164477922728166e+00
2.583666971697210712e+00 2.005925077082831187e+00 1.363985350594690615e+00 1.566204931864375594e+00 2.893266111772756055e+00 3.125366568151482394e+00 1.776315854950284434e+00
2.771971866359181469e+00 2.464683868324635707e+00 1.856167728612624357e+00 2.036688444906772144e+00 3.040162067066658036e+00 -2.848712470598924185e+00 2.349858208134087523e+00
-3.128514216790566405e+00 2.960483538282804084e+00 2.401071163704469935e+00 2.516101788248002347e+00 -2.973646122004292014e+00 -2.429405938376354879e+00 2.871846682937889916e+00
-2.695263712629438313e+00 -2.813015942109744483e+00 2.973508415057870113e+00 2.837687371140469317e+00 -2.651252293088939282e+00 -1.909306241863409914e+00 -3.125201383386524423e+00
-2.240271262958676068e+00 -2.376400487000577932e+00 -2.790340257753736175e+00 2.956995983500107172e+00 -2.242988821207188455e+00 -1.389372710591380011e+00 -3.085247985300297202e+00
-1.756469578099333351e+00 -2.373876481115938741e+00 -2.577953379227955644e+00 -3.088149881459584467e+00 -1.734073008719904774e+00 -1.112619693546158084e+00 -2.783820590818232965e+00
-1.253541067800090669e+00 -2.800434630022112348e+00 -2.724796063225277454e+00 -2.623764730751723562e+00 -1.143404349470025450e+00 -1.107743833523874066e+00 -2.210792777496434880e+00
-7.684305572390146555e-01 -2.503132073736325403e+00 -2.419507758706528566e+00 -2.030385761127370348e+00 -4.630649740478187115e-01 -5.246069049241568472e-01 -1.342839630175158616e+00
-3.507450561417688739e-01 -1.987990145842971179e+00 -1.860356173755801867e+00 -1.390773866308312900e+00 3.757123812668142215e-01 3.977145887741617702e-01 2.132343462064842488e+00
-1.246283536399104691e-01 -1.502650423796607182e+00 -1.279349885606993809e+00 -8.567152836997919962e-01 1.477383869853130305e+00 1.347868988994422867e+00 2.948751993856944420e+00
-6.996382034170514075e-01 -1.210104833048529338e+00 -7.689651031549743498e-01 -1.162320839602844602e+00 2.685480260079938564e+00 2.230854553240668725e+00 -2.526280605427138504e+00
-8.939296530246070294e-01 -1.230956176037180549e+00 -3.808666086671061435e-01 -1.289205748539970164e+00 -2.594162840068833020e+00 3.050303095581813562e+00 -1.669007490569124785e+00
-4.836418211128614142e-01 -1.204406183629726401e+00 -1.463263605693962965e-01 -6.717547812861548451e-01 -1.750533330219863792e+00 -2.455120539763445464e+00 -6.136652958966798410e-01
6.554617110847278660e-02 -8.531612941314352661e-01 9.488207111536041405e-02 7.647674787816104158e-02 -9.561663946095846356e-01 -1.701887065343613559e+00 9.529821945379984838e-01
6.550550490523991964e-01 -2.889959713073702030e-01 5.317637494210039062e-01 8.642611513578178917e-01 -1.697306024942147606e-01 -3.007978602571875548e+00 2.276372068603526699e+00
1.259060122555901717e+00 4.054261136798037457e-01 1.136431137492022181e+00 1.673808891040721392e+00 5.088672659816033672e-01 3.047794346661145681e+00 -3.067751948787742489e+00
1.835380135891767850e+00 1.190555082463828240e+00 1.822767076675595677e+00 2.494621868218406924e+00 3.541330875110417220e-01 -2.481982074203521904e+00 -2.221127809812280862e+00
2.269089198531559770e+00 2.062568002714042503e+00 2.556315139202908426e+00 -2.974429486537539802e+00 4.433629887197572117e-01 -1.721121826495001006e+00 -1.396973149213791787e+00
2.225586491323752192e+00 3.016682460483886441e+00 -2.921404337592836686e+00 -2.212695263906290233e+00 1.182871104242367855e+00 -9.564644303841671746e-01 -5.839929572909300370e-01
2.096999206919076375e+00 -2.347596427065555602e+00 -1.966785102059742663e+00 2.904911735621519053e+00 1.988601422367353821e+00 -1.225016549983964781e-01 2.206814099323226863e-01
2.503708606501775957e+00 -1.582975926260602906e+00 -7.800078356782070843e-01 2.683610053453458377e+00 2.765525518963795282e+00 1.697324483039165388e+00 1.026836000336073917e+00
3.100290988315688168e+00 -9.208415652191913603e-01 4.260661980644587232e-01 -2.944674375187050330e+00 -2.779646915035861365e+00 -2.454048111474879779e+00 1.876836332016511122e+00
-2.412711066809218430e+00 -3.436698988824420931e-01 1.424430577564618217e+00 -2.279306679766548438e+00 -2.069578180086867558e+00 -1.534418145449682802e+00 -2.523933565601715223e+00
5.256588322132725866e-01 1.734461126700578282e-01 2.215355744975414432e+00 -1.551708274463562853e+00 -1.399346881164467149e+00 -6.776749950145573020e-01 1.418619962674494417e-01
1.525880113141948380e+00 7.659874134597465245e-01 2.306907300387778470e+00 1.761367586719485789e+00 -8.592040392566756557e-01 2.011789993927216580e-01 1.163803205848761291e+00
2.219260092556486708e+00 1.510941065085688706e+00 1.506508630355764433e+00 2.754347922584962749e+00 -9.934441435697212164e-01 1.141324283612648038e+00 2.292219514629112442e+00
2.884566357095173839e+00 2.319317648514298114e+00 1.904978572348030141e+00 -2.779723453567713332e+00 -1.275723196507401402e+00 2.515671596547953026e+00 -2.656201946785876178e+00
-2.770867948773017453e+00 2.862822174850396806e+00 2.282421167128680484e+00 -2.073857322811757165e+00 -7.138755395005642601e-01 -4.826737800736961015e-01 -1.262329789187969897e+00
-2.229287846934371320e+00 1.429022130286573988e+00 2.521703698427042006e+00 -1.479288625610244212e+00 7.762397544635639413e-02 6.823428147727027548e-01 -3.674096646259630838e-02
-1.897697841526250206e+00 2.082869245829111371e+00 2.779009445495932429e+00 -1.285776322592709908e+00 1.084730346300525117e+00 1.756412131608370064e+00 1.051929733149672641e+00
-1.850631612548389926e+00 2.854918365349929044e+00 -3.065928638301737674e+00 -1.559732859756254975e+00 2.491802678656389602e+00 2.762539248254460400e+00 2.102927513649618163e+00
-1.777322718847838212e+00 -2.654456915919289006e+00 -2.479212390933346999e+00 -1.255983666314820946e+00 -2.459233084737842301e+00 -2.593527244647718444e+00 -2.966774751180993874e+00
-1.488904353840884154e+00 -1.887742816537419488e+00 -1.794287716554062717e+00 -6.890427651617583304e-01 -1.564654550896158014e+00 -1.743950933443298768e+00 -3.244540902628894052e-01
-1.091893708537562180e+00 -1.141817877262520708e+00 -1.065967589707043084e+00 -5.250239710928460146e-02 -9.025385266782595117e-01 -9.873217769714208725e-01 1.320932464557629693e+00
-6.893543969733564314e-01 -4.484000457337752876e-01 -3.398878259457172590e-01 5.965857510815952836e-01 -4.221378488175814847e-01 -1.360893901743356116e+00 2.609845503389993659e+00
-3.456175462836355017e-01 1.087700653972562964e-01 3.399734723151798255e-01 1.096331038390319312e+00 -1.089727865912928223e-01 -2.292712344092794119e+00 -2.301254808054175705e+00
-4.716000121408146784e-02 3.339113127436617590e-01 8.880181215847173792e-01 -5.080339983437690554e-01 1.732896922879347545e-01 -1.709912429088981556e+00 -1.029548373533439420e+00
3.309756620776196923e-01 4.186672723795333839e-01 1.190029667145649839e+00 -1.966565568162523953e-02 5.650800953193225729e-01 -1.174575614557398007e+00 5.231172459777960748e-02
8.101634192248188260e-01 8.739442489290329963e-01 1.338077487234729190e+00 6.853079631707341690e-01 1.034761940271871516e+00 -7.774625738914281436e-01 1.018274691387528463e+00
1.350574639829950963e+00 1.595203574293100335e+00 1.808936142842169525e+00 1.393650266828519557e+00 1.520449225930796455e+00 -5.751333461106719058e-01 1.960647017880116305e+00
1.907757909508814853e+00 2.541682139725237821e+00 2.641613986396975644e+00 2.031146019448080153e+00 1.960951340878674509e+00 -4.070532993784455322e-01 -5.782889069701298013e-01
2.481693879535063374e+00 -2.369963924128482002e+00 -2.516002602397351406e+00 2.430853470703376207e+00 2.285760665621675347e+00 -3.079619376593504751e-02 3.235584744277002489e-01
3.140569760040016867e+00 -7.560152467685194999e-01 -1.165113748142355909e+00 2.283044143467336529e+00 2.478080620364133679e+00 5.609688541780094573e-01 1.104135496908161373e+00
-2.319080566832496526e+00 4.264541678672701952e-01 1.071494428240104962e-01 2.383556910244960303e+00 2.758671522155470512e+00 1.302335993317538243e+00 1.853828841644014735e+00
-1.388355621735428702e+00 1.377450692620110662e+00 1.158127433758597169e+00 2.937523790082491981e+00 -2.944369239762392620e+00 2.184322166029632584e+00 2.601151596794835097e+00
-7.483456594453475885e-01 2.236453896917202311e+00 2.052528243146119369e+00 -2.643242122817933915e+00 -2.128656993367826544e+00 -3.055446597078074866e+00 -2.920350513092376588e+00
-2.281102797185489695e-01 3.041396859558116450e+00 2.845557578559757772e+00 -1.915933035260931394e+00 -1.212599707471960997e+00 -1.935132162596794325e+00 -2.150251936999039604e+00
3.206785221266810759e-01 -2.476950049365174600e+00 -2.710958293009702924e+00 -1.237478777858415091e+00 -3.866891861181414591e-01 -9.758929510691742859e-01 -1.410324171979219221e+00
8.030031087788567223e-01 -1.724493190127432740e+00 -2.010329554465948743e+00 -6.430085510970217078e-01 2.590853005412294130e-01 -2.392023388327882971e-01 -7.252552576561375197e-01
1.112392391749461362e+00 -9.562811652162767073e-01 -1.330464459889951323e+00 -1.059217008394685300e-01 8.165110970214973785e-01 3.903975011182972410e-01 -1.605429889034185389e-02
1.034350387232584767e+00 -1.502269473910781694e-01 -6.856310468349121612e-01 4.247083104475580240e-01 1.383262181754453257e+00 1.015119788133855616e+00 7.961275366638239648e-01
9.253743103489400212e-01 7.055386130324513561e-01 -2.289451119674819346e-01 9.395651447702043635e-01 1.960006143079645158e+00 1.629942384456783300e+00 1.726435841874697230e+00
1.106748040398730426e+00 1.593739108209555555e+00 -1.555479388284170650e+00 1.345348639986795103e+00 2.425342210725461634e+00 2.165098819069769753e+00 -9.373431090982480285e-01
1.470097627280225971e+00 2.470430838417360331e+00 -1.251556526151629045e+00 1.549651247023012157e+00 2.497473244348797916e+00 2.475112838281786409e+00 2.671397925290288078e-01
1.951906803278858238e+00 3.124058431698828020e+00 -6.327939864197283937e-01 1.799524245003767620e+00 2.488733646311379832e+00 2.522668942492270361e+00 1.274211557871981482e+00
2.526709862599825218e+00 2.193638210078467043e+00 1.569722038506439488e-02 2.324915955402961920e+00 2.873623070330690865e+00 2.726297261080608880e+00 2.342112580515863574e+00
-3.113815653744296696e+00 2.644982551744240684e+00 6.306332395845600791e-01 3.086422141238849726e+00 -2.906792207389047089e+00 3.090528388639420587e+00 -2.721131442999200178e+00
-2.480721940899720313e+00 -2.863712900286766949e+00 1.075925950191029212e+00 -1.934072690799957028e+00 -2.559270789899838139e+00 -2.828429752400135389e+00 -1.316012759842176694e+00
-1.899228207884278374e+00 -2.043510020912501002e+00 -6.154919913644497642e-01 -5.405602789867273300e-02 -2.381577569819925078e+00 -2.544773216856219822e+00 2.840134626315602047e-03
-1.350873296743593688e+00 -1.218508690328125255e+00 -1.470490702549361595e-01 8.324453992259099877e-01 -2.010532964090150365e+00 -2.278403673744464619e+00 1.064255551408095135e+00
-7.482538160792362447e-01 -4.101479142214988771e-01 5.035954555799593280e-01 1.355416038975433723e+00 -1.405852981547042191e+00 -1.955997304372110612e+00 1.938325069591412930e+00
-9.172276957008794473e-02 3.391252164505828559e-01 1.159115467398081911e+00 1.699684676673340444e+00 -7.277887739825973368e-01 -1.538630410729201703e+00 2.674645487198874072e+00
5.642533696492239015e-01 9.228656520382677586e-01 1.742574467413654071e+00 1.926034368351820847e+00 -6.927352094012105554e-02 -1.041009656403050876e+00 -3.014951392842133870e+00
1.203866756911849523e+00 1.244318403124030858e+00 2.164277276186599597e+00 2.220608023834160782e+00 5.590243943709066743e-01 -5.172341138472120736e-01 -2.498702975722754349e+00
1.803308041777013981e+00 1.515473137515199964e+00 2.371646262214710088e+00 2.706697966321860882e+00 1.126603134661878114e+00 -7.720183493489556070e-02 -1.868393186793049443e+00
2.340105770858721179e+00 1.955052725196624541e+00 2.536550328595598813e+00 -2.944188635070446036e+00 1.546148045734777599e+00 -3.407463849802630507e-02 -1.131698772004455344e+00
2.746505353270855654e+00 2.420340731357965680e+00 2.772852128079752454e+00 -2.187055707219113021e+00 2.914527667907738095e-01 -1.988029615700992181e-01 -3.720134049263651987e-01
2.681423434601909683e+00 2.661434940040352082e+00 2.780528712602474251e+00 2.122386470176915868e-02 1.978775541611839939e-01 1.080883707803662469e-01 3.522565456095221315e-01
2.115532919668960954e+00 2.474461066893338224e+00 2.417546583214549294e+00 1.864754578633623039e+00 5.546450611443690670e-01 6.209153606799219238e-01 9.733337992289220475e-01
1.808928287030729276e+00 2.467124579865901168e+00 2.365855827852823001e+00 2.551727816491220047e+00 9.047668821828259711e-01 1.154405973526426710e+00 1.360103991317270111e+00
1.612847441214402933e+00 2.822537329692143437e+00 2.671289006097719021e+00 3.119830162514944050e+00 1.224424559817205660e+00 1.630927098075005466e+00 1.297409899338342942e+00
1.817128483899592251e+00 -2.976049406291696897e+00 3.114859552766833239e+00 -2.684153133292750404e+00 1.559946236047990098e+00 1.960117331524428463e+00 1.151889912768327973e+00
2.249645514595454809e+00 -2.459552968026571307e+00 -2.676350705050446699e+00 -2.298599338475947995e+00 1.921911103732472537e+00 2.120715617262422636e+00 1.268106435380620400e+00
2.734613667851435448e+00 -2.012753232493170952e+00 -2.277996331559518861e+00 -1.977619399467146044e+00 2.326417779433546329e+00 2.306884133333664710e+00 1.482379797954366474e+00
-3.072503961649847071e+00 -1.783176190608246392e+00 -2.122936622836472331e+00 -1.631189177240955912e+00 2.758900307313367772e+00 2.459339721987000793e+00 1.687319600255555496e+00
-2.719915758551169738e+00 -2.069716703493660326e+00 -2.269794022965435421e+00 -1.218399927322510790e+00 2.862594319512104857e+00 2.221542096400402677e+00 1.909418779579241887e+00
-2.640255949502806843e+00 -2.572772149951772835e+00 -2.415317532394107403e+00 -8.687679885115131562e-01 1.897404526937778169e+00 2.228466444321400175e+00 2.308249209071723929e+00
-2.789675099547923143e+00 -2.576915697755091994e+00 -2.491761845887337845e+00 -1.368494277479295640e+00 2.137590544329542208e+00 2.703015204020388751e+00 2.938508749019672184e+00
-2.553576552891094309e+00 -2.235460487106700533e+00 -2.267085449058119373e+00 -1.631167945348733106e+00 2.631203291025133950e+00 -3.012095102682349701e+00 -2.385938805729202805e+00
-2.092487854311595452e+00 -1.796622886468864921e+00 -1.873377339207645376e+00 -1.123832176676236916e+00 3.073909591558832588e+00 -2.530028706737883049e+00 -6.831693245918476487e-01
-1.547151482512014287e+00 -1.545589332901262880e+00 -1.630266979220575507e+00 -4.930333410956668216e-01 -2.907810378844599697e+00 -2.513235893947842303e+00 6.465300883012573552e-01
-1.146597768552187979e+00 -2.218387608657819587e+00 -2.628835662189461519e+00 -1.573707461649046513e+00 -3.109837351999383603e+00 -2.732614021834645079e+00 1.393324344228329403e+00
-2.877379793335227642e+00 -2.206451110308162988e+00 -2.461431505168566236e+00 -2.262255162803945563e+00 2.690365919742682355e+00 -2.511179248527687591e+00 1.811285916341008884e+00
-2.493097982471564666e+00 -1.774671076445776707e+00 -1.939780095983427710e+00 -1.671273422623154925e+00 2.882649414412103983e+00 -2.194720612790675762e+00 1.919158465854663875e+00
-1.867512558062166317e+00 -1.320483242426932158e+00 -1.403429308249130925e+00 -1.162815559060274895e+00 -2.898282059135955713e+00 -2.008761033131748697e+00 2.092338069555072178e+00
-1.218684295362055137e+00 -9.605165295523429014e-01 -1.015387005507076390e+00 -7.562560471689666608e-01 -2.305480440700249822e+00 -1.821337651060850771e+00 2.449309542553521180e+00
-5.771237781043382364e-01 -7.895795668027267844e-01 -1.135923855224088896e+00 -3.686754341090581755e-01 -1.642355779220367795e+00 -1.488836830679429291e+00 2.821230871541033025e+00
4.721844560544508074e-02 -7.421709477021218859e-01 -1.347760642609477699e+00 1.045000358112420924e-01 -9.211339509861005137e-01 -1.093421055153716015e+00 3.084797368663558803e+00
5.727375286957209211e-01 -6.426691057150268893e-01 -1.126262270074848137e+00 6.704646447332045511e-01 -1.510967369574734154e-01 -1.274873678288985124e+00 -2.946598587666662272e+00
1.059081524503927563e+00 -6.781036961711247590e-01 -8.814414164755484116e-01 1.294042943810863378e+00 6.528915903003287280e-01 -2.222701791506058289e+00 5.815957936103572923e-01
1.550362634077744328e+00 -1.407533014629289259e+00 -8.401836887156568512e-01 1.935019236005331322e+00 1.367908649808960764e+00 -1.766441029233888571e+00 1.056475708708634276e+00
2.128900860683160978e+00 -1.410216739913065398e+00 -7.341618345501041976e-01 2.526120848209222558e+00 1.969549597668944996e+00 -1.145890868318228284e+00 1.581053597312486625e+00
2.852381890077802407e+00 -1.084603815074823840e+00 -4.617229740075203814e-01 3.017421389136412557e+00 2.481207471892417527e+00 -4.833943759442845822e-01 2.102168283093104773e+00
-2.540553369796354044e+00 -7.479504702461073906e-01 -1.041620343683247324e-01 -2.827410597565959360e+00 2.896928980548866051e+00 1.707948988569588655e-01 2.584547382206823674e+00
-5.545091811058046050e-01 -5.186938192983068241e-01 2.137264954300162056e-01 -2.423339133720576744e+00 -3.024047568985155809e+00 -2.839983986870122212e+00 3.001503476534622017e+00
1.008718832283917344e+00 -4.609425764391454905e-01 5.372262709389775681e-01 -2.065323127506758283e+00 -2.730814606694456081e+00 -2.102021304099236598e+00 -2.939632115183886896e+00
2.183577488940077860e+00 -6.257983351917979498e-01 6.476444799459972756e-01 -1.666987170727386669e+00 -2.296227549321709915e+00 -1.547163776421799808e+00 -2.584409533086273303e+00
-1.651500500503992663e+00 -5.498402059050543356e-01 1.970454049013101450e-01 -1.157976627621434496e+00 -1.735206001827943156e+00 -9.690765757126197366e-01 -2.125229692112705404e+00
-6.174383645255130393e-01 -2.140646183584875295e-01 6.232721798289610204e-02 -5.647576711334626465e-01 -1.073363788532705865e+00 -3.704768728532605859e-01 -1.009041635597754283e+00
1.249607641069120229e-01 2.458672884884167964e-01 4.331144021422912438e-01 6.776938779187019479e-02 -3.354168463285882029e-01 1.228086342135874809e-01 1.842073860290652121e+00
6.519993668394541420e-01 6.837798736893332396e-01 7.899458040467879361e-01 6.991465237822246381e-01 3.414258916256352472e-01 5.746032924773665229e-01 2.413546925109752550e+00
1.183607956453094578e+00 1.122966092697246010e+00 1.179879012806773320e+00 1.325601257191238558e+00 1.078356631339038918e+00 8.503596896771060676e-01 2.831708349598753838e+00
1.617312361093580897e+00 1.572606595840813970e+00 1.528798251572692557e+00 2.197620884753656245e+00 1.713723186344354943e+00 1.334006630860071096e+00 1.427621817377004776e+00
