1.552207390059234360e+00 -1.486551055225811657e+00 1.411127121302527598e+00 -1.098999234396816238e+00 -1.460332222488910370e+00 -1.547826854130425867e+00 -1.565224232286617445e+00
1.987134027312049689e+00 -1.287956851882654963e+00 2.107920707986594699e+00 2.618732702264285006e+00 -5.470847226846079492e-01 -1.189962155967926094e+00 -1.076337468157571031e+00
2.244948878403070669e+00 -5.944699772018063877e-01 2.372505594893300707e+00 2.712210158492162737e+00 2.243342453135850345e-01 -7.682772910057475979e-01 -5.707100472316543049e-01
2.287082602772274598e+00 2.597168457125972330e-01 2.374962902868340997e+00 2.557399830847209454e+00 8.057951623739497693e-01 -3.391525190268440682e-01 -1.298972283293114705e-01
2.406052236969954183e+00 1.182672141039175173e+00 2.389193350550916417e+00 2.633245694644650747e+00 1.356552259692176854e+00 6.734909928893574593e-02 3.271833007606252952e-01
2.613735518991058271e+00 1.798768071853453776e+00 2.535421619097551815e+00 2.806746050493112321e+00 1.827721111390353981e+00 3.978797669240625168e-01 6.696631138080265666e-01
2.867706771704244595e+00 2.073309695069409653e+00 2.718558977087989437e+00 2.878656217773886361e+00 2.222427943760982405e+00 6.458969878612237370e-01 9.721806771935367353e-01
3.033787142031736828e+00 2.203618011075257677e+00 2.925741531643887061e+00 2.905276938401319509e+00 2.552468577448100628e+00 7.395615017625982723e-01 1.163144169021979701e+00
-3.129831412838738558e+00 2.429504466211597880e+00 -3.116896860906179345e+00 3.033098645658184545e+00 2.785020444631951086e+00 7.615426344510125567e-01 1.278576135078857812e+00
-3.011612786716460821e+00 2.787167274476269885e+00 -2.848199874086583705e+00 -3.019959623105875401e+00 2.946018362417322400e+00 8.984469866781955583e-01 1.359744908203825542e+00
-2.829666019335571825e+00 3.098242036168369573e+00 -2.629392869750954542e+00 -2.768787720129018304e+00 3.084603469478520488e+00 1.162247467794083944e+00 1.463297812545449883e+00
-2.657308493606892252e+00 -2.958312235880872443e+00 -2.527170467233031292e+00 -2.528295926729799081e+00 -2.969427278578362639e+00 1.435344095005760767e+00 1.198442530191557553e+00
-2.520041401822473492e+00 -2.873160528938923264e+00 -2.485447562760914053e+00 -2.310647323695256272e+00 -2.683966338171142052e+00 1.615524131012611830e+00 7.330759504718160624e-01
-2.427366851239824985e+00 -2.733025731150874105e+00 -2.344707148962657417e+00 -2.139824695007698896e+00 -2.395367043588386480e+00 1.653871814967702303e+00 9.242528381614620869e-01
-2.303275981358555491e+00 -2.532525296787737634e+00 -2.134869715958598313e+00 -2.048901561000905591e+00 -2.175886801934021619e+00 1.671607345411316059e+00 1.380614833888730963e+00
-2.170241711550209729e+00 -2.308512283952545818e+00 -1.947796015393202129e+00 -1.957989310333963839e+00 -2.002389565140810124e+00 1.798938816498115267e+00 1.872960030688338495e+00
-2.077818311517303673e+00 -2.142877255431782313e+00 -1.795758445673684367e+00 -1.781803923875143747e+00 -1.858868161780753425e+00 2.021312147391541192e+00 2.275428354686577670e+00
-2.066314951380433751e+00 -1.981120777685962064e+00 -1.614094584153477951e+00 -1.599642327582970314e+00 -1.837776270983293880e+00 2.285778355438614629e+00 2.399535398632117733e+00
-2.064095132242000474e+00 -1.887474815358155977e+00 -1.482656556140053095e+00 -1.710129489304321293e+00 -2.132068596770293922e+00 2.507729080401309041e+00 2.260811661758944435e+00
-2.034966901181924914e+00 -2.041149740292010240e+00 -1.738361813824583768e+00 -2.148552886768957393e+00 -2.384589926152922423e+00 2.623591872538800551e+00 2.487109105641324813e+00
-1.968063411680230690e+00 -2.272198414544996492e+00 -2.038743759323087268e+00 -2.148480604230331270e+00 -2.424154776045410298e+00 2.713516208093448068e+00 2.791326786373122371e+00
-1.859449664385659284e+00 -2.186598207368465552e+00 -1.867388520989731404e+00 -1.995916247913666508e+00 -2.385526446446854631e+00 2.927816189679961045e+00 2.611611986742792269e+00
-1.703621553243961362e+00 -2.009167748360260131e+00 -1.588143476952513566e+00 -1.942715543274565526e+00 -2.275449289520191876e+00 -3.066512730275807286e+00 2.254727412384107677e+00
-1.562771720277988052e+00 -1.865257288720752804e+00 -1.418722833949978002e+00 -1.869837851279820162e+00 -2.046298884749919722e+00 -2.823951611742520296e+00 2.695839296508419469e+00
-1.514588511466970822e+00 -1.769649220500476794e+00 -1.380957671873854542e+00 -1.605957873167438210e+00 -1.741603190495924380e+00 -2.669862686895559722e+00 -2.992442537274432990e+00
-1.470780739168584317e+00 -1.631861383888483452e+00 -1.247481204551510237e+00 -1.217812729052049958e+00 -1.408365534881536041e+00 -2.433608283263881678e+00 -2.365035895506028218e+00
-1.241670800405701991e+00 -1.474067998494943188e+00 -1.068936537245269491e+00 -8.228721864782074791e-01 -1.084536035521798114e+00 -2.071947942421637823e+00 -1.865728028281383510e+00
-8.476538846010899242e-01 -1.479312638775144961e+00 -1.654900337553962375e+00 -7.651310214120203845e-01 -7.979924550393223681e-01 -1.724043828598201156e+00 -1.754659613634807602e+00
-3.946229738428040368e-01 -1.681085853909906946e+00 -2.058534908543784514e+00 -1.992402839946648463e+00 -5.959105248330385241e-01 -1.630489750980234964e+00 -1.931174157963361893e+00
2.390032199037758417e-02 -1.574252537699224685e+00 -1.679431466077385027e+00 -1.787051070001284936e+00 -7.478281392352482682e-01 -1.841678986642764082e+00 -1.642375463634611510e+00
1.304365074377123596e-02 -1.194608104986893293e+00 -1.176478948280719194e+00 -1.309839075416419529e+00 -1.326699166752268511e+00 -1.793575362987537947e+00 -1.218810249075774177e+00
-1.042823549318276033e+00 -7.220773503470913068e-01 -6.660890412115226811e-01 -7.811044523491669223e-01 -1.349260778711024233e+00 -1.520771421453128491e+00 -9.752192790500597841e-01
-8.502106498099429865e-01 -2.211858196703847534e-01 -2.030703430809370769e-01 -2.348550775435485627e-01 -1.081176691297214054e+00 -1.195147323173705090e+00 -1.175744338796033128e+00
-3.828522437968809311e-01 2.453843591483116371e-01 -5.894919256832785448e-02 3.130925819529871146e-01 -7.639607134985306747e-01 -8.901201110991178167e-01 -1.314334236846706139e+00
1.373147375131157089e-01 -4.560687671415661337e-01 -1.402588308654948435e+00 6.321754350981080295e-01 -4.974000021040227981e-01 -6.287543436276294972e-01 -1.069805999109030070e+00
6.906886404098822041e-01 -1.661780061963147759e+00 -1.209984146091194868e+00 -1.631139592352218726e+00 -3.620632005362814931e-01 -3.845940729422211990e-01 -6.923398820746426985e-01
1.258888155952120780e+00 -1.192237017236619678e+00 -7.756840583269446476e-01 -1.081808502677721551e+00 -3.148288716799243492e-01 -1.225292780103769685e-01 -2.634919350051114217e-01
1.926107979298897099e+00 -7.142027859352295671e-01 -3.640389248663962185e-01 -5.261013775990334151e-01 -2.159874245862399844e-01 1.270691595957160469e-01 1.564943789234547744e-01
-3.037015373980231914e+00 -2.510215316719194290e-01 -5.678338245084481317e-02 3.458040446678888047e-02 2.487998153234389012e-02 3.293443380139465804e-01 5.622575340171275249e-01
-1.363800253716363375e+00 1.668753209595580933e-01 1.037625049140874917e-01 6.017551558742357809e-01 3.690700553427097019e-01 5.374885958676443032e-01 9.212509703118668680e-01
-2.116757783273963411e-01 5.306685664427571725e-01 2.098784223407313132e-01 1.186592987148834100e+00 7.694151629576154727e-01 8.396772010432400624e-01 1.217978132726480700e+00
1.237314669495652941e+00 7.710764995182650683e-01 3.840510349559623227e-01 1.812231459197021444e+00 1.159358068855796509e+00 1.232612412495055487e+00 1.416263354621927650e+00
2.394754494720902294e+00 8.292168044111005720e-01 6.263828633468906393e-01 2.592395298745960641e+00 1.472125966448400325e+00 1.667567344447345556e+00 1.543967161000479704e+00
-3.119158475301258449e+00 7.608220010421719026e-01 8.583644181576443044e-01 -1.043901218631091421e+00 1.600806219046192913e+00 2.076529145201391646e+00 1.672457913078926328e+00
-2.515184782346617798e+00 8.503266464013163883e-01 1.007067872896096006e+00 1.622041338895374440e-01 1.537323507845277604e+00 2.332139622590944317e+00 1.855852022686452107e+00
-2.017923022902968988e+00 1.090356738883744292e+00 1.008666401753371522e+00 8.778923689389627194e-01 1.593119997030095769e+00 2.261909962038750610e+00 2.114016816199433713e+00
-1.613026010192276427e+00 1.404566183525530754e+00 9.852082258105314683e-01 1.526178079802222420e+00 1.853204143897796419e+00 2.184909859120124143e+00 2.408540253321008073e+00
-1.359351177706271452e+00 1.708803041017995294e+00 1.135816516255029995e+00 2.122096646447052315e+00 2.224810835371505480e+00 2.403591164001393388e+00 2.702311991307873029e+00
-1.224200780949890044e+00 1.952546037910203092e+00 1.446027610280666176e+00 2.667363413134710814e+00 2.684462033018575777e+00 2.766603750756356561e+00 2.976326946427457543e+00
-1.012942243103020612e+00 2.170001020842579287e+00 1.856410630778762227e+00 -3.094227551939384480e+00 -3.036908539549118213e+00 -3.101824956858179494e+00 -2.968339192483210986e+00
-7.220359553570033784e-01 2.461623774630918859e+00 2.350145960790275712e+00 -2.569704512327163570e+00 -2.402674412925402514e+00 -2.711807418796547964e+00 -2.551583018018286353e+00
-4.349411966650208461e-01 2.915162967884529888e+00 2.923865741332462687e+00 -2.032707648895720087e+00 -1.735503286092804576e+00 -2.433254403039626812e+00 -2.058837375129749514e+00
-1.496666098095564279e-01 -2.797217950127650177e+00 -2.720022029880095449e+00 -1.498246715597086665e+00 -1.092101882871825858e+00 -2.229251769027718488e+00 -1.533312457357089986e+00
1.808409832863530353e-01 -2.153872321186602878e+00 -2.035656732261575286e+00 -9.861580592916840970e-01 -5.444872439016136267e-01 -1.881606982989429522e+00 -9.851215059654709894e-01
3.581233342433093880e-01 -1.498687140585156730e+00 -1.343097880263909749e+00 -5.071247863144640045e-01 -1.832808795422427306e-01 -1.378937500447871223e+00 -4.052910161535188682e-01
-4.176284673351623317e-02 -8.552972577324783332e-01 -6.934349759294398119e-01 -4.527485373103858068e-02 -1.745948523077722747e-02 -8.138876424918298769e-01 1.825288164919474376e-01
-9.446846275845426077e-02 -2.390028857655043248e-01 -1.402563373726998242e-01 4.334873172703034294e-01 2.347673081722788102e-01 -2.181542777955981227e-01 7.773841643685985847e-01
2.679746212857987975e-01 3.192178617055637657e-01 3.149730610808457176e-01 9.383267247346948059e-01 6.835696946842230171e-01 4.255350796125127455e-01 1.329458291863035102e+00
6.764531480513469308e-01 8.215823881876199719e-01 7.655244945355879072e-01 1.466063010604540917e+00 1.294323916015188036e+00 1.139990690576414112e+00 1.855483131893252979e+00
1.051936067809049691e+00 1.267623256478396243e+00 1.261368223854130610e+00 2.012472543255021229e+00 2.027509999033231924e+00 1.962483071737822771e+00 2.386778475801599519e+00
1.396302462406437295e+00 1.679434029431873254e+00 1.797275080581844708e+00 2.577912509492485071e+00 2.880823400375683629e+00 -3.027424890530252544e+00 2.946027321123755094e+00
1.761593412569551820e+00 2.086359481188001741e+00 2.361981138681314984e+00 -3.111005814047294038e+00 -2.415982312812339217e+00 -1.000390247292139989e+00 -2.711563136593596379e+00
2.179624773196645382e+00 2.537934821222469939e+00 2.963733748602638940e+00 -2.477762539877229830e+00 -1.400710450189521117e+00 -3.784552092100542525e-02 -2.040124541245420087e+00
2.643803572056697693e+00 3.085039256958300502e+00 -2.658482887379901349e+00 -1.795947600083900531e+00 -4.954933864470061899e-01 6.363242487805379488e-01 -1.356875372825280479e+00
-3.137952616405067729e+00 -2.538449743148590620e+00 -1.914451087784786898e+00 -1.034025755643689148e+00 2.949821899369075018e-01 1.199125727160117449e+00 -7.337892724117276444e-01
-3.003602829286515785e+00 -1.689058503834444114e+00 -1.015662073919173292e+00 -7.010630002709206110e-02 1.004851034054748071e+00 1.651400160840252429e+00 -2.213723993598927242e-01
1.083008954298837256e+00 -4.902888764674337430e-01 1.595077179669128209e-01 1.143511354303281768e+00 1.662415072888387968e+00 1.969545132723653058e+00 2.606914593803623115e-01
1.522506081447004833e+00 8.307104160730743869e-01 1.353890279996676549e+00 2.200175393077933972e+00 2.280720468232487530e+00 2.165695438901694470e+00 7.831589669870127057e-01
1.902666177352553722e+00 1.786383340143015142e+00 2.237276601716268409e+00 3.040994244375971878e+00 2.875530609664707971e+00 2.321460654447934147e+00 1.361875708293849074e+00
2.263144969163943809e+00 2.513402344417799306e+00 2.938247229625234880e+00 -2.480766468774342037e+00 -2.801964943334981584e+00 2.551834656436339444e+00 1.380599104187060444e+00
2.656143327009563571e+00 3.138802959603639309e+00 -2.707795202325302686e+00 -1.724853246681441243e+00 -2.125864503160609598e+00 2.889530277711606310e+00 -2.865201885047233832e-01
3.049688847644189238e+00 -2.577667390289000160e+00 -2.079486691249525343e+00 -9.027648491105315642e-01 -1.141989697880055443e+00 -3.034419168497391350e+00 3.311005655239043777e-01
-2.924145302463289742e+00 -2.229757610303841897e+00 -1.442059994037815374e+00 1.428371014583336984e-01 5.892487985571759346e-01 -2.902522150327997874e+00 9.841244646669318197e-01
-3.038434708638470205e+00 2.958960966862406838e+00 -7.604563406062052611e-01 1.630524248071410165e+00 1.765915440729407759e+00 3.046892284289838937e+00 1.635905283745095362e+00
2.749380811629515975e+00 3.016709967480954546e+00 2.752699952970194097e+00 2.941439076838278321e+00 2.539423850951591621e+00 3.072427606307701176e+00 2.280701569643115878e+00
2.859850164653789939e+00 -2.754950644080566668e+00 -2.759052615589398627e+00 -2.412386764677821649e+00 -3.123027563443861787e+00 -2.868965272358716234e+00 2.899976613667147429e+00
-3.041324121432292138e+00 -2.201932795585602509e+00 -2.103703815946136757e+00 -1.633830138512454289e+00 -2.738564810560177865e+00 -2.457886529878068771e+00 -2.843130092470165238e+00
-2.548538186874363731e+00 -1.663551560373862204e+00 -1.494016224399201231e+00 -9.204057318088285644e-01 -2.829184793720796787e+00 -2.042910261166296149e+00 -2.471848901823111344e+00
-1.915270510359208922e+00 -1.223326908357004195e+00 -9.815329130927630263e-01 -2.467196722693354438e-01 -2.851748102205213353e+00 -1.654165174366668989e+00 -2.337098001552480042e+00
-7.057191042081168986e-01 -1.208371953335817928e+00 -6.454756866519608671e-01 -2.650436853470476084e+00 -2.497720085144167879e+00 -1.344943276809050570e+00 -2.139673102235287949e+00
1.675031623310435425e+00 -1.743631327754690652e+00 -4.509662171814363685e-01 -2.045708824096616585e+00 -2.074013319672064704e+00 -1.203565890176881759e+00 -1.718972859988868951e+00
2.413760489820071520e+00 -1.622105767236051932e+00 -1.870393228986856338e-01 -1.468323924932832591e+00 -1.750506100096436368e+00 -1.167224677668164734e+00 -1.210646781661754101e+00
2.875009343416501384e+00 -1.329281876016614072e+00 9.021721401189192191e-02 -1.017997987277528216e+00 -1.593804763531811108e+00 -9.984903347291461673e-01 -8.190365930361507285e-01
3.098941130529101251e+00 -1.088515363426809213e+00 -1.125864532954681252e+00 -7.706796568339487896e-01 -1.454283738109498625e+00 -7.237284385153025523e-01 -7.924978712269480363e-01
-3.122545997163947096e+00 -8.265666153513073766e-01 -1.114758669015868842e+00 -6.089943209532362456e-01 -1.310384633981261260e+00 -4.779555688912795475e-01 -5.981365292069136252e-01
-3.014179906991698132e+00 -4.490564887895491242e-01 -5.561583207046136845e-01 -3.325866539210977080e-01 -1.420991919803041403e+00 -3.180600145821701474e-01 1.436393491548972577e-02
-2.831261996471480913e+00 2.473160131644484838e-02 5.124968256064590250e-02 1.795571008162384977e-02 -1.496467959111504209e+00 -9.471217720841193510e-02 9.330595963524175307e-01
-2.684106186863092880e+00 5.129912722561440486e-01 6.241244867701729593e-01 2.914732841892330173e-01 -1.187437656716509471e+00 3.399330608816366062e-01 2.421572391729228002e+00
-2.593228327546802436e+00 8.351503314024917302e-01 1.027722931871414280e+00 2.966155791743043113e-01 -7.102487151410189492e-01 9.834128882704035179e-01 -2.172310172845489884e+00
-2.540052749933256582e+00 -4.847394586765762514e-01 3.857878512540502958e-01 2.048763560374724790e-01 -1.904552202936924399e-01 1.792340254548911549e+00 -1.011273512081376058e+00
-2.494796413039020333e+00 -4.714981012157713480e-01 8.004713022855705629e-02 3.967287712107751552e-01 3.269463133753350292e-01 2.727377602162960990e+00 3.148423995124278174e-01
-2.413776056942913417e+00 -1.456321407572335191e-01 4.400127641288760216e-01 7.452509296071727629e-01 8.087777300996564778e-01 -2.526136295997577719e+00 2.511649122063907669e+00
-2.294947639067054013e+00 8.268994529268189342e-02 7.898442195854101788e-01 1.105702464414623387e+00 1.108783644683855485e+00 -1.391636588075533476e+00 -2.620620927890982887e+00
-2.165650653530743153e+00 2.744790724772546708e-01 1.013395014938705874e+00 1.345420183098345213e+00 -4.639723848836224684e-01 -1.089239648378914765e-01 -1.797383274268792741e+00
-1.946514861399049279e+00 6.203647041620301561e-01 1.215685653396566535e+00 1.345124572458070267e+00 -2.893347685822530435e-01 1.190009731718495445e+00 -1.053053293267582013e+00
-1.592369792991196409e+00 1.106978723881809845e+00 1.534391986025681609e+00 1.386960860762547876e+00 2.165049594605354399e-01 2.273047359611434892e+00 -3.535735268082766947e-01
-1.160347044661041549e+00 1.663990160754459824e+00 1.945013911306116006e+00 1.678396740882027727e+00 7.568424743768821239e-01 3.112035895605626212e+00 2.878585702186074458e-01
-7.417131601502553462e-01 2.238131740309274864e+00 2.369221977232806697e+00 2.065069356847498927e+00 1.283340635195040713e+00 -2.628101751139289011e+00 8.198189248622078651e-01
-4.793895929346088103e-01 2.785088633162234206e+00 2.710213184534502773e+00 2.426457161725929623e+00 1.788527118532114102e+00 -2.721316904296169792e+00 1.183495380422515897e+00
-6.024717578037747101e-01 -3.061556852843296817e+00 2.828088964118562476e+00 2.718684236773655005e+00 2.284533051895412115e+00 -2.868523054449070298e+00 1.380881746027278867e+00
-7.417619854822582459e-01 3.098431833205048225e+00 2.787455740155844186e+00 2.965800168061385467e+00 2.776938804809979899e+00 -2.519813279204391687e+00 1.531055524928715883e+00
-4.979131033708342757e-01 2.452918233543062154e+00 2.962781400488750716e+00 -3.088960431204594848e+00 -3.053212049551394358e+00 -2.042037609817947352e+00 1.671693343931292430e+00
-1.045653174807160135e-01 2.714761943932527011e+00 -2.951790078740420320e+00 -2.921289039227388695e+00 -2.861674280246258029e+00 -1.570927021829619186e+00 1.817174086064962557e+00
3.033300581292638909e-01 -3.099439167061861955e+00 -2.526778704217293114e+00 -2.865448984994403592e+00 2.642666266112393192e+00 -1.209637906159060972e+00 2.074242387945807842e+00
6.584899829638237723e-01 -2.623493654120489627e+00 -2.145547092610170292e+00 -2.803711674510947827e+00 2.632058369952072763e+00 -1.024010848694733911e+00 2.507326829399422863e+00
9.611588383940994351e-01 -2.229957604356166634e+00 -1.887509670603583878e+00 -2.573765517590529850e+00 3.029482744376780889e+00 -7.889430207330887512e-01 3.104973595145812393e+00
1.267102822537231610e+00 -1.982616884995024309e+00 -1.721718578379283437e+00 -2.219474350871759594e+00 -2.854505877130907532e+00 -3.287647582242850253e-01 -2.460305418521938403e+00
1.521131390986707466e+00 -1.779929621700061526e+00 -1.500486750053234397e+00 -1.864370289434275296e+00 -2.670046102576252078e+00 2.809321674103968380e-01 -1.639903470467158231e+00
4.225267477079308054e-01 -1.492288874503246321e+00 -1.263055651661589840e+00 -1.695631073746395545e+00 -2.889465832974812187e+00 9.818408460357441747e-01 -6.689690422146695736e-01
3.030640366373587580e-01 -1.288837172252445207e+00 -1.409526435574595782e+00 -1.885658785273237825e+00 -2.873797747238303835e+00 1.775522709329055093e+00 1.292912161378458213e+00
8.773887252305415663e-01 -1.730548518082852150e+00 -1.810448387693676109e+00 -1.916791096581369702e+00 -2.534426961152533853e+00 2.708196469691814379e+00 -2.909769943039971718e+00
1.636953706832027233e+00 -1.826343878182536296e+00 -1.531318556569670752e+00 -1.657096890681868384e+00 -2.121212488957351816e+00 -2.518213378403970193e+00 -1.962728603705412356e+00
2.744919790176911789e+00 -1.398408892144597404e+00 -1.009332322723570208e+00 -1.341075596254257762e+00 -1.753024269254792600e+00 -1.567483392272230214e+00 -1.289615155801262514e+00
-1.871419476676671856e+00 -8.406300581074915845e-01 -4.345110229680704816e-01 -1.080041595308047553e+00 -1.449726362636104771e+00 -8.817014125156705795e-01 -9.744641758150031086e-01
-7.258742084771816483e-01 -2.286866025816933490e-01 8.363063467147467678e-02 -8.635298571957119584e-01 -1.136093310344363561e+00 -4.520021435126218567e-01 -7.059855164114100523e-01
2.308296064075063617e-02 4.172124051625190622e-01 2.540750337427531425e-01 -5.932938344466309744e-01 -7.602878083505132389e-01 -1.537161988461821227e-01 -1.163259986127896245e-01
5.532620186801054940e-01 1.101000926757898624e+00 -1.475798950225834516e-01 -2.120130250729879151e-01 -3.561269351481418655e-01 2.002969243701605284e-01 6.459404408005200438e-01
7.914804369261294603e-01 -2.765764956626356241e+00 1.225948581577086111e-01 2.681285204841050707e-01 -2.595602490271161841e-02 6.319592835758488514e-01 1.461548880414347940e+00
6.398796553687063904e-01 -1.251075205833700688e+00 7.489235728355477795e-01 8.147667112223273556e-01 -1.350174212816475892e-02 1.075968760506593958e+00 2.292466975956351849e+00
4.770132008700893045e-01 -1.344732586954176634e+00 1.638237157827786561e+00 1.361956793231643648e+00 -3.133336215745836095e-01 1.475712849900040480e+00 3.138842089289853199e+00
3.875950856954049062e-01 -1.319656377029953864e+00 -2.095406235070906842e+00 -7.273481641715153767e-01 -1.589902267894180155e-01 1.779604652358722783e+00 -2.245882184530501036e+00
3.751755745816556242e-01 -8.530588275205018833e-01 -8.291768035103382894e-01 -2.096184982872892899e-01 3.029437410393010510e-01 1.914935093552800227e+00 -1.187423762984628706e+00
5.910929090952349307e-01 -2.498390018202190366e-01 -2.662993501229256321e-02 5.168592675098142575e-01 9.212032027632298670e-01 1.932420641493127089e+00 2.275664026220229619e-01
9.848952173607374849e-01 3.502607096809051135e-01 7.173581299596318850e-01 1.326041551854677314e+00 1.683573428350706669e+00 2.095276034925938724e+00 1.769236776264526911e+00
1.435598882107771646e+00 8.380003122431031182e-01 1.444169884481963706e+00 2.275959838593112572e+00 2.706114750251487955e+00 2.417460054271377334e+00 2.958611429531270431e+00
1.700707311510428310e+00 1.142676628916892367e+00 2.173195163024248533e+00 -2.802777531455701077e+00 -2.089615029084304076e+00 2.762623147389803524e+00 -2.336416972768170286e+00
4.288253449627308922e-01 1.546628225959132408e+00 2.948430161696931062e+00 -1.517431432915864464e+00 -8.024111764929263702e-01 2.983771718114524685e+00 -1.424875192994309980e+00
5.204029751742655918e-01 2.392123661751084374e+00 -2.384234540707497185e+00 -4.996449815721836218e-01 8.019283282533033741e-02 2.866496523511736338e+00 -5.432829324666058612e-01
9.608848992596554783e-01 -1.452800962869231105e+00 -9.862006394492789374e-01 3.128710837112406717e-01 7.954565387398780940e-01 2.644914731673739361e+00 3.189720637812308301e-01
1.406442554194659023e+00 -5.381825470832315300e-02 4.907540085708615996e-01 1.032448628964957926e+00 1.419046717366121424e+00 2.845639017885430277e+00 1.158282873331272445e+00
1.794052353107908226e+00 8.699928854984044779e-01 1.560064608426444899e+00 1.719136480799376088e+00 1.961436449145021577e+00 -3.011197026768389851e+00 1.973626164710157171e+00
2.108186166195017641e+00 1.716381363406846550e+00 2.446168804994890866e+00 2.387199990463273025e+00 2.390037738563320246e+00 -2.512806694540518304e+00 2.759017219767292417e+00
2.389387011833455254e+00 2.523375979796618651e+00 -3.020387670078225284e+00 3.008885555971128056e+00 2.642350132660118422e+00 -2.014762306586309837e+00 -2.789854872552102627e+00
2.698707476333589206e+00 -2.988798325587927351e+00 -2.228802069630500871e+00 -2.778579402188110059e+00 2.784878667038195310e+00 -1.582512645245819805e+00 -2.174228114196964157e+00
3.051638532476453669e+00 -2.270685069830247649e+00 -1.444976431683733242e+00 -2.591307300390129686e+00 3.044380498563896253e+00 -1.297001090623594033e+00 -2.164647189792319182e+00
-2.861216659447848087e+00 -1.659711041852298674e+00 -6.588679444419903719e-01 -2.656708481599413751e+00 -2.829665329060317980e+00 -1.150088583376657203e+00 -2.937350910300807083e+00
-2.507277211095769509e+00 -1.353021007621841187e+00 -3.074372081387013012e+00 -2.398348200163999522e+00 -2.342742604752562130e+00 -1.005790327283668573e+00 -2.514966150034907422e+00
-2.188975169044664604e+00 -1.600579161290244468e+00 -2.304347275284207797e+00 -1.886141355555313925e+00 -1.826052679578298310e+00 -1.225281305319184444e+00 -1.878039507095830674e+00
-1.898812524757324427e+00 -1.454478865672431898e+00 -1.550804162019396637e+00 -1.271248989651858619e+00 -1.304250453082512307e+00 -2.005635441297928701e+00 -1.165929538042802083e+00
-1.629907178087483866e+00 -9.618540569457325606e-01 -8.038878608098612988e-01 -6.085173036021996884e-01 -7.919502362505976834e-01 -1.734735383889344895e+00 -3.669406016042996432e-01
-1.415446946913899939e+00 -3.962066214319357460e-01 -6.126355538507838316e-02 9.427322248414943262e-02 -3.244951679354309837e-01 -1.224814543309496573e+00 6.676947660509803262e-01
-1.371246523833925313e+00 1.582408374540804075e-01 6.889644943744346328e-01 9.093962607756448380e-01 -4.811175145644821516e-01 -6.712660888536803316e-01 2.152320127382194137e+00
-1.872435570088306855e+00 6.761717485378017090e-01 1.484017223438780508e+00 2.355757970701672033e+00 -1.940845916361619405e+00 -1.280657528326612782e-01 -2.904258724565422334e+00
-2.259328516513910756e+00 1.152957341562655058e+00 2.401071896789973348e+00 -2.196017749357962234e+00 -1.532912348912382372e+00 3.595131421415847517e-01 -2.042894294704294733e+00
-2.012599316539283922e+00 1.556301501755003924e+00 -2.777298621639491927e+00 -1.331101226871040266e+00 -1.040750967557632523e+00 6.756429841058350094e-01 -1.312145158305942028e+00
-1.568278513963693221e+00 1.693165638667262884e+00 -1.640981213222666213e+00 -6.455270890327627908e-01 -5.310359097691259578e-01 1.660260186433585305e-01 -6.396914032981008136e-01
-1.071662518788589757e+00 1.028667349974129452e+00 -6.707871308646958797e-01 -1.519362840805609134e-02 -1.644335300623454496e-02 -4.987887379820334366e-01 3.775470665238783718e-03
-5.749684774951115962e-01 8.659691903632121823e-01 1.623128770636420581e-01 5.697907924771212773e-01 4.865553345398311857e-01 -3.109484788161177016e-01 6.452998290068734377e-01
-1.032097725165131985e-01 1.172065105660095918e+00 9.254630681986083518e-01 1.094678776777582074e+00 9.513521744209478825e-01 2.237330965545240510e-02 1.326791654386844099e+00
2.749012928326269867e-01 1.512806300802768344e+00 1.666726628333092153e+00 1.499126751652924305e+00 1.335084074367527407e+00 3.932287447873541453e-01 2.286385352582291475e+00
-8.681534842628997328e-01 1.325056300842371027e+00 2.513269050424411510e+00 1.322834093854445170e+00 1.425353141451290329e+00 7.933720942229123274e-01 -1.302699053996918765e+00
-1.294001900805491267e+00 3.296532439425317040e-01 -5.388208264717936347e-01 4.774282802619683741e-01 -3.958612577926927112e-01 1.199926702283633961e+00 -3.944382745884174035e-01
-8.424053281093690781e-01 3.775129668813257400e-01 2.668210083586416426e-01 6.756101541361928531e-01 -2.399809188307687191e-01 1.481333956176481337e+00 2.279084758917739872e-01
-3.089972611765274269e-01 6.410937602238554467e-01 8.560698915091817796e-01 1.046848816891906120e+00 1.805490410609426055e-01 1.368938931363433253e+00 7.132434382139969387e-01
2.498235678971694462e-01 9.834537257467084181e-01 1.347802133776278888e+00 1.438220750261145930e+00 6.710036923098371409e-01 1.271317615233816589e+00 1.054879628449983509e+00
8.011323151990343838e-01 1.342146516435877235e+00 1.757608867743460701e+00 1.839381145117499727e+00 1.177222351838496994e+00 1.540322703618172806e+00 1.356126142500183152e+00
1.298198096356425024e+00 1.674561765790510526e+00 2.105334435697382212e+00 2.246461527786924872e+00 1.645324329742811731e+00 1.907498465778038277e+00 1.734866472210393251e+00
1.664198008396172046e+00 1.975545479070484056e+00 2.395374111674521966e+00 2.623375926663543911e+00 1.991798772855823074e+00 2.221969135422244612e+00 2.158482411290125746e+00
1.815865844614310110e+00 2.247962360090877798e+00 2.604842961552628289e+00 2.878550844888588589e+00 2.122836112333865710e+00 2.394217022631254910e+00 2.517694607625768466e+00
1.833802463016129813e+00 2.467389625298745504e+00 2.701679657383265987e+00 2.860313164766855376e+00 2.175654626624957899e+00 2.436391417469577991e+00 2.673478240940797335e+00
1.942511456165711081e+00 2.644914825088354071e+00 2.755235015489394534e+00 2.772282638181122305e+00 2.401033714559746901e+00 2.517312279366336281e+00 2.694819433016426569e+00
2.196092309452596147e+00 2.895197700979210254e+00 2.949180209681566023e+00 2.986823499481704225e+00 2.759836664705141551e+00 2.713206138478237772e+00 2.907036476562899985e+00
2.559433680684312318e+00 -3.005358716778062433e+00 -2.982434141946034956e+00 -2.912726959361804369e+00 -3.132214554548723218e+00 2.971747731326339625e+00 -3.006899885362320557e+00
2.990137577467452346e+00 -2.554853179638377103e+00 -2.596523726140346433e+00 -2.518280326116518975e+00 -2.773287255020212339e+00 -3.035397720620840900e+00 -2.665783926592682374e+00
-2.846309756093284182e+00 -2.138846118626859916e+00 -2.388181643079876793e+00 -2.212805411083069274e+00 -2.446345216121239119e+00 -2.750641526506103940e+00 -2.523772470251758548e+00
-2.489186600447813369e+00 -1.894308853719182562e+00 -2.573009972955650149e+00 -1.997368316691807477e+00 -2.095785749597476766e+00 -2.476367682151044747e+00 -2.494898133923180161e+00
2.041676052583819789e+00 -1.885040828099859844e+00 -2.542629869291301858e+00 -1.755148576396657445e+00 -1.725306179309940458e+00 -2.293464209074249638e+00 -2.298759258355214552e+00
2.121960505244212758e+00 -2.042462574869355230e+00 -2.233127931588025028e+00 -1.486160153576341125e+00 -1.548956155560627934e+00 -2.311236514481746163e+00 -2.050778596913781282e+00
2.621406941514575095e+00 -2.579653280005431704e+00 -1.969536342962536102e+00 -1.430854326921533470e+00 -2.075874212371370930e+00 -2.370428540537787843e+00 -1.940016368151678217e+00
-3.098447921477451406e+00 -2.546229130513947059e+00 -1.807273825687265578e+00 -1.654609684780074641e+00 -2.053101500189133066e+00 -2.225431655567736478e+00 -1.878803832264813511e+00
-2.509050227353080587e+00 -2.072160216805814414e+00 -1.439223072219736332e+00 -1.451883092992986457e+00 -1.578621887366915999e+00 -1.932077250690295234e+00 -1.674850974730844433e+00
-1.913356939073523000e+00 -1.471224777400272021e+00 -8.037711547035446547e-01 -9.608492288934462611e-01 -1.012385474898094495e+00 -1.561378762790523345e+00 -1.669480925289436035e+00
-1.333134488899300418e+00 -8.346031521275182330e-01 7.524358078978514441e-02 -4.244496039874513515e-01 -5.196749858781335440e-01 -1.138863694074844446e+00 -2.507817938103196198e+00
-7.901683531511862757e-01 -2.153315616808331445e-01 1.532606309568397718e+00 -2.748258010084043135e-01 -1.699654132740820556e+00 -6.828453693564309201e-01 -2.304785166496234439e+00
-3.057572497514144394e-01 1.787031407234133257e-02 -3.113382569986967052e+00 -1.245643101882675907e+00 -1.775416561876768773e+00 -2.185891147622905373e-01 -1.750641998569296920e+00
9.292488507011394117e-02 -1.614490649711643577e+00 -2.151204262228386010e+00 -8.380868218806295511e-01 -1.171348458419124272e+00 2.255615790470121007e-01 -1.110593688124457579e+00
3.662634467355015966e-01 -1.041066202441602417e+00 -1.378719822786704130e+00 -1.911633957062735256e-01 -4.809216367461714436e-01 6.116279412359961754e-01 -4.347555230452660457e-01
4.424951545782402351e-01 -3.464992802960191187e-01 -6.325574449531060628e-01 5.191606794583635276e-01 2.784976139794788641e-01 4.671123305058722530e-01 2.778919111463534208e-01
4.258239264167911764e-01 4.188114231714173963e-01 1.518708659763602919e-01 1.296192924091300602e+00 1.133877789472517605e+00 -1.234806879096516985e+00 1.094377508559265300e+00
6.414793465246895199e-01 1.319427797962297477e+00 1.064899444892664526e+00 2.177840889521264867e+00 2.105738394446309503e+00 -8.934402706300098584e-01 2.284717082807043109e+00
1.113387174179251593e+00 2.468482113018643176e+00 2.279753578010283110e+00 3.133652813669287163e+00 3.072198184896244744e+00 -5.037417195381344026e-01 -2.639296137281832877e+00
1.764771172543468936e+00 -2.561189675460441073e+00 -2.658779578040302294e+00 -2.242333488936743002e+00 -2.601051495138367198e+00 -1.568400398475685853e-01 -1.774860032668256649e+00
2.650048511934709250e+00 -1.522887958207331360e+00 -1.628414240318390327e+00 -1.431469986228298907e+00 -2.418327869695394039e+00 1.613743229781366972e-01 -1.123881869735181782e+00
-2.316189398809050282e+00 -6.555974766674971255e-01 -8.024680970715192263e-01 -6.844267980983983479e-01 -1.987080901065453098e+00 4.654375994498660685e-01 -5.431732806842881622e-01
-1.025520167302687025e+00 1.300121309121899937e-01 -6.476864073349525297e-02 3.627740868097319854e-02 -1.333843979383079636e+00 6.923576386569371133e-01 1.254832375663312606e-02
-1.141122139957860548e-01 8.728494228382376319e-01 6.323568437457126601e-01 7.530828143394097118e-01 -6.254881918191330659e-01 8.251902400118479308e-01 5.701624487655124751e-01
6.404277209301612039e-01 1.582360538408989825e+00 1.315907759676104627e+00 1.471800392353769693e+00 7.314820020900893172e-02 1.035653554779947028e+00 1.116090892975467819e+00
1.330376124737069121e+00 2.261459392211566222e+00 2.004054530057674643e+00 2.186197746952215137e+00 7.319270406637630177e-01 1.408700918463337892e+00 1.566357520394384917e+00
1.983986838674875575e+00 2.908839774809710121e+00 2.695586817002222357e+00 2.876432867550979822e+00 1.309817916649738567e+00 1.891745129931564851e+00 1.555027253818286104e+00
2.608004130896213635e+00 -2.771428096171788980e+00 -2.938718579922930729e+00 -2.807006479018659295e+00 1.714773929896040050e+00 2.449257533422473543e+00 1.285463932983565316e+00
-3.092066146342099753e+00 -2.252225467457073194e+00 -2.666925086739663442e+00 -2.768593116627456663e+00 1.725496809365290041e+00 3.103439460006179207e+00 1.687370193055921952e+00
-2.598649932464370149e+00 -2.054148033942621243e+00 2.671732577173422385e+00 2.850447356008297461e+00 1.425590827102749980e+00 -2.255742260588816883e+00 2.341294420877389815e+00
-2.387862192464442757e+00 -2.616795376197371681e+00 3.104977432033915186e+00 -2.916834936661218070e+00 8.956477430520468630e-01 -2.259180910576125134e-01 3.121035449807582740e+00
-2.640675153684145293e+00 -2.486645080809662733e+00 -2.505337708606616864e+00 -2.168994692253004786e+00 5.064161993878957269e-01 1.124503644554031290e+00 -2.233756479184371813e+00
-2.615182431892372872e+00 -1.966882107585239847e+00 -1.806552093615391374e+00 -1.348580457423482537e+00 7.233593415447328034e-01 1.932715459760855348e+00 -1.093250926998041495e+00
-2.360224985858716984e+00 -1.370937073906736137e+00 -1.121043562541677474e+00 -4.934350308895130710e-01 1.136941972356194874e+00 2.619431418476451334e+00 4.874015229450660847e-02
-2.136267515070425560e+00 -7.762575581456958584e-01 -4.561317716802517075e-01 3.779057849851590878e-01 1.629551952026973005e+00 -3.035061739623181154e+00 9.598425995464908711e-01
-1.890397669941139780e+00 -2.048008010552178071e-01 1.975349316106905506e-01 1.248905427353109943e+00 2.187927436023074712e+00 -2.458167069774468860e+00 1.710754617022106849e+00
-1.544888737493613773e+00 3.460559632843588362e-01 8.597478275165263417e-01 2.087087429863903942e+00 2.804423614989192348e+00 -1.950113291368187562e+00 2.364958148623165890e+00
-1.142888187363872543e+00 9.098275670180174801e-01 1.557203468820931080e+00 2.846581763729373993e+00 -2.826803418824010095e+00 -1.527884550713261680e+00 2.942114235279826850e+00
-7.295355494791261330e-01 1.527131373329470243e+00 2.291101960707645269e+00 -2.790398705063683593e+00 -2.162883096169228914e+00 -1.154408633250492588e+00 -2.813568530650892630e+00
-2.910159998046882857e-01 2.326830941734245872e+00 3.017585341645836916e+00 -2.257957572020992121e+00 -1.515788927246442208e+00 -7.433908313909391996e-01 -2.307877173727949760e+00
2.314819506043385711e-01 -2.945871464880498447e+00 -2.586620156126393510e+00 -1.799185473232608690e+00 -9.204833176634906744e-01 -2.701703949577355379e-01 -1.799455131617001991e+00
8.674635367265661756e-01 -2.127576574569933321e+00 -1.950304546955956786e+00 -1.376321249802989755e+00 -4.756832659591102574e-01 1.912711722026229078e-01 -1.295396108325257867e+00
1.653892844781334137e+00 -1.490619672610306257e+00 -1.339269545664817818e+00 -9.796184699591573564e-01 -6.399980011528703105e-01 5.024480549668994822e-01 -8.015100216919176512e-01
2.623374806427472894e+00 -9.453204260975347495e-01 -7.618070678798782858e-01 -6.136957588218592274e-01 -1.118347994160143966e+00 6.938516777613091824e-01 -3.038640559487291726e-01
-2.618531533173800163e+00 -4.683671942957812750e-01 -2.437348480010463059e-01 -2.773214838934543458e-01 -1.044051156701297334e+00 1.089499755033025430e+00 2.144480744570034791e-01
-1.721357191854069546e+00 -3.868688238587819628e-02 1.871106243850377548e-01 4.245672665952220787e-02 -1.193065998071649814e+00 1.783882012302088871e+00 8.311035374707356205e-01
-9.914930391546072919e-01 3.684750325522857528e-01 5.251844285974763826e-01 3.655402146703124466e-01 -1.341269130058449166e+00 2.767581470320499282e+00 2.035869292529468577e+00
-3.599862589161316739e-01 7.899013999427165755e-01 8.404542935960662708e-01 7.259528307634713906e-01 -1.074932820467101813e+00 -2.346650041987591528e+00 -2.261562470705023031e+00
2.213673802757381015e-01 1.236037693941507420e+00 1.222597651590376033e+00 1.143282983139933817e+00 -6.534185252179482983e-01 -1.288831847867785596e+00 -1.678784032742810739e+00
7.634703583768527313e-01 1.700990088608277384e+00 1.684756323678183287e+00 1.600633142998239000e+00 -2.078193736971706840e-01 -4.180060591039478912e-01 -1.302949858910148473e+00
1.257878268827628654e+00 2.160891164826005184e+00 2.190766716189807006e+00 2.039982342280391769e+00 2.065708802949161038e-01 3.304511543945245489e-01 -8.764609819672427582e-01
1.682191038514038839e+00 2.578781653753936087e+00 2.696085915653555265e+00 2.324649101697071618e+00 5.776246276012797498e-01 9.981119288153681435e-01 -3.650664552626065595e-01
2.032602285750497728e+00 2.893758318421881359e+00 3.120612904183895697e+00 2.123638176627913321e+00 9.144480361940826585e-01 1.589231363475931413e+00 1.804648224286918012e-01
2.320465028839712840e+00 2.982517888284792917e+00 3.108119501806975382e+00 1.882874047113040072e+00 1.233157737279063637e+00 2.101624951592817148e+00 7.265895777322132210e-01
2.518615467918983164e+00 2.947699301557670015e+00 2.537799537949528172e+00 2.128266195151967910e+00 1.533266188397417906e+00 2.550632862738403617e+00 1.220770081777841964e+00
2.620266310911204766e+00 3.124895010312383370e+00 2.769707571423031034e+00 2.512726370596005676e+00 1.819393700591046104e+00 2.947471696185832268e+00 1.607846712973928227e+00
2.768590565436473749e+00 -2.796877338234405652e+00 -3.057812924770048735e+00 2.864556744985880421e+00 2.119034121790722480e+00 -2.983305259972042656e+00 1.884207380580410263e+00
3.066881007063816167e+00 -2.428695721563705501e+00 -2.692092127663750389e+00 3.107525211516101837e+00 2.463032714179135940e+00 -2.625823936200870179e+00 2.191774647628875528e+00
-2.847794005386012905e+00 -2.255325952342792206e+00 -2.611847549957059034e+00 -2.933221075206030370e+00 2.852283307615131935e+00 -2.207906735181360158e+00 2.620507069947084933e+00
-2.504659897018489012e+00 -2.368412842455126288e+00 -2.475651944993511488e+00 -2.527353214503729184e+00 -3.050258875733739217e+00 -1.741961903844070347e+00 3.111415405805175283e+00
-2.288375295849924385e+00 -2.185288793003032470e+00 -1.997192172551474965e+00 -1.964047583187777946e+00 -2.804996103521957274e+00 -1.269811989624791693e+00 -2.695953415769658967e+00
-2.199463198921453699e+00 -1.723944789972566394e+00 -1.345801217248229209e+00 -1.308185016989442229e+00 -2.891538405281122603e+00 -8.548600753267360242e-01 -2.492259007791322478e+00
-2.057733875723079642e+00 -1.175698049204328521e+00 -6.258846905467811972e-01 -6.089683557754492771e-01 -2.968835886007112013e+00 -5.973798166281428790e-01 2.821943933874683896e+00
-1.748218145633112508e+00 -6.253822731275039404e-01 1.130392618800815374e-01 8.151883708754738278e-02 -2.714264978029367725e+00 -4.886433624824306765e-01 2.873869086036599629e+00
-1.313379888555526120e+00 -1.090353018486676373e-01 8.380740739625464064e-01 3.956732186773274096e-01 -2.291325003344229394e+00 -2.749030842779678907e-01 -2.924643255279343546e+00
-8.037736683599518983e-01 3.748532938749016830e-01 1.536766676396571718e+00 -1.159493884748390879e+00 -1.796801940863551383e+00 8.694936228188182570e-02 -2.360474900484152538e+00
-2.559648267751881701e-01 7.947015828263135351e-01 2.220806129411426966e+00 -5.698026130328363026e-01 -1.264482850930978453e+00 4.915796776061737150e-01 -1.765696624462740116e+00
2.881591048145025202e-01 1.113541328870748970e+00 -3.117405799464558314e+00 1.061024784762504003e-01 -7.186927731815164755e-01 9.087028697672336897e-01 -1.175939007923468171e+00
7.918458683549518540e-01 1.339302311806741086e+00 1.403734918263999654e-01 7.787872752785881536e-01 -1.948443905524749331e-01 1.349451032648817606e+00 -6.339862011709156420e-01
1.211366672759829566e+00 1.619064791655595137e+00 8.219225530141470726e-01 1.431040678552838674e+00 2.423804061751919092e-01 1.801967689016794827e+00 -2.181701565810560406e-01
1.548042353693556361e+00 2.028828521116396111e+00 1.471965923389950026e+00 2.048303187846802320e+00 4.161140181809028227e-01 2.231312098043734871e+00 -1.758432514292236626e-01
1.855981296928297386e+00 2.533543184112128532e+00 2.142874145154181953e+00 2.617681181257395906e+00 2.132738561575735770e-01 2.625272737856158223e+00 -4.401345010964949900e-01
2.158378868757331315e+00 3.100389702519350088e+00 2.853697504530217977e+00 3.118818012260381689e+00 2.688773043819729369e-01 3.010024812763886004e+00 -2.489437355213461878e-01
2.381099761693962424e+00 -2.592109373735573374e+00 -2.669838240162227372e+00 -2.876909303362121140e+00 6.300347977896233465e-01 -2.906884890489113804e+00 3.052210890430447909e-01
2.396753554697648170e+00 -2.017540806451310509e+00 -1.830650237180197815e+00 2.758525165246132893e+00 1.091523795029421429e+00 -2.676212599900885447e+00 1.024147106399491802e+00
2.373681923287394024e+00 -1.817436757104926137e+00 -6.990254367990677009e-01 2.718529579399767471e+00 1.588434516345348380e+00 -2.829124133542802788e+00 1.838022273870833612e+00
2.578077727400645003e+00 -2.876616396968874945e+00 1.988217172298316182e+00 -3.027821480332331117e+00 2.103381051768132615e+00 -3.045895301484745854e+00 2.668441955107583752e+00
3.006498310351460646e+00 -2.446173775968778941e+00 -3.058092724520399930e+00 -2.375470495798293058e+00 2.639827685503783883e+00 -2.971814244815689232e+00 -2.834428456995739420e+00
-2.699980159015374692e+00 -1.748264164840099388e+00 -2.124856082167663640e+00 -1.686374090249125546e+00 -3.073167946540467987e+00 -2.753911837180710975e+00 -2.117633843586770759e+00
-2.001186066863102742e+00 -9.830342620185873459e-01 -1.231634928299456089e+00 -9.819294015834127975e-01 -2.471800116284180060e+00 -2.389627984930373206e+00 -1.497278043037662432e+00
-1.211763197810024506e+00 -1.789254256721943270e-01 -3.349833138839036217e-01 -2.658267634033619209e-01 -1.839048567533197565e+00 -1.851482042657747185e+00 -1.018849158517788123e+00
-3.413146890335655437e-01 6.866635355971741905e-01 6.248853233693127951e-01 4.701390097223259179e-01 -1.186970785739149825e+00 -1.184917787055824290e+00 -8.339279150266240004e-01
6.748745928406058026e-01 1.702605003681719298e+00 1.881958903225677382e+00 1.276223944358021445e+00 -5.510973468551160215e-01 -4.427956032697537569e-01 -1.258695087315527150e+00
2.199258773295091007e+00 -3.036073565297469745e+00 -2.496956266493629784e+00 -3.106267168879625284e+00 -2.331184212571733860e-01 3.576581011902565943e-01 -1.421464097203242849e+00
-2.317478506248685566e+00 -1.419910200164722802e+00 -1.242364348718347333e+00 -1.074388186675756529e+00 -1.811023081228411602e+00 1.365938142745132922e+00 -1.140179974215184133e+00
-1.299093150447336864e+00 -4.083326635626509105e-01 -3.856287247989494960e-01 -3.132751649235260838e-01 -1.321321921772740104e+00 -2.147069048403645208e+00 -6.822049394310530923e-01
-5.357703507968040180e-01 3.869000510621971589e-01 3.487421287788731172e-01 3.411999194577424177e-01 -7.434234476866247165e-01 -8.775819356532399418e-01 -1.766254672811823911e-01
1.313116628619949711e-01 1.101878934489612272e+00 1.031243584466377206e+00 9.510032249452132769e-01 -1.845363717732546038e-01 1.020024253847742896e-01 3.242840657154603123e-01
7.541729952173467089e-01 1.767006925589906796e+00 1.677618021869778486e+00 1.511273482455869122e+00 3.360042233979230186e-01 1.002719033002410276e+00 6.825985774395917360e-01
1.337479779287896298e+00 2.395180243587355040e+00 2.283546819896131286e+00 1.991849070946475564e+00 8.243759342043185390e-01 1.810189716945545868e+00 8.705707480567299594e-01
1.878676061081943294e+00 2.974003237035737435e+00 2.808551561483847880e+00 2.352464901315773460e+00 1.280206800031949976e+00 2.534265354387389202e+00 1.160324097462983151e+00
2.365521829613902671e+00 -2.847900659996682737e+00 3.097302666035344654e+00 2.641474651317736289e+00 1.714489452972746797e+00 -3.083750871324694387e+00 1.721445461097140583e+00
2.784025966510602856e+00 -2.529308426225964190e+00 -3.132726586364649179e+00 3.034984846012584558e+00 2.133629554619719482e+00 -2.468185025031368607e+00 2.428571822420352078e+00
-3.126501557846768087e+00 -2.215510339190244871e+00 -2.658493962170225711e+00 -2.682614445106189294e+00 2.532710343438651091e+00 -1.924104026613439267e+00 -3.111665003438619514e+00
-2.747663321622360932e+00 -1.730724176437282047e+00 -1.726734750074290003e+00 -1.961892221961006655e+00 2.901874405187485184e+00 -1.484031740355082229e+00 -2.385434964706860672e+00
-2.282096362106704301e+00 -1.135579810327358219e+00 -6.088916668972689239e-01 -1.094450497306873826e+00 -3.053649014895253533e+00 -1.181837630040071696e+00 -2.613483061416474573e+00
-1.724355751161206873e+00 -5.190087046178615271e-01 4.469812809341337512e-01 -8.577364548207687400e-02 -2.705939655031754043e+00 -9.694068326632763188e-01 2.738423554839827467e+00
-1.097214164156815164e+00 7.470512007514457098e-02 1.421525423384407016e+00 9.864489608392231768e-01 -2.272279053548750927e+00 -6.848696566752865422e-01 -2.910496776558662013e+00
-4.530565923697407182e-01 5.464536035088275456e-01 2.441786135752820996e+00 -1.207685339125378343e+00 -1.717543895851145086e+00 -2.955451476084262619e-01 -2.196327485392147061e+00
1.224963451046234553e-01 7.580870753976179932e-01 -2.288151053940687962e+00 -2.938154054190123543e-01 -1.041906087916320667e+00 1.262532469665466339e-01 -1.510634953168833006e+00
6.110613300868557030e-01 6.598998707588513701e-01 -3.671643301159241424e-01 5.225771165758651415e-01 -2.016448122175172053e-01 4.811862065875061045e-01 -9.063052290124866683e-01
1.025426278196592600e+00 8.744441214997336065e-01 7.243717702810014147e-01 1.338846943821403679e+00 9.898906953499562178e-01 3.599389794493544348e-01 -2.295807763203292495e+00
1.475083725506024956e+00 1.333176990323332367e+00 1.653342812697482511e+00 2.249253896098284855e+00 2.389164516112611825e+00 -8.109981991989568817e-01 -2.388499357055200889e+00
2.010416775346704377e+00 1.932108849068678635e+00 2.775164168155436428e+00 -2.748639883410995299e+00 -2.899487158698466072e+00 -5.187524825709231013e-01 -1.830193774286713149e+00
2.645703314450030152e+00 2.766467249375332393e+00 -1.742690247798007741e+00 -1.240288342180642545e+00 -2.213739534394697728e+00 -5.127086190293480422e-02 -1.219340324138803888e+00
-2.854360585280556251e+00 -1.633401403896762139e+00 -5.086150457673525027e-01 -3.006528487963333052e-01 -1.904656989939275569e+00 3.800081612945052090e-01 -5.036079892888237763e-01
-1.908716687516964328e+00 -2.474451376735725960e-01 2.658110893613817582e-01 3.597036953264783898e-01 -1.957705309612395306e+00 5.903588297859189149e-01 6.735426157182892171e-01
-8.895426946348595765e-01 4.946797344636005289e-01 9.149229057302831203e-01 9.136368978388399453e-01 -1.787451282286053100e+00 6.846570433660341681e-01 2.638964998878442270e+00
6.175918462489728665e-03 1.096251996099895987e+00 1.508730070310332572e+00 1.379136337937177048e+00 -1.273718087349707595e+00 1.067327782842967698e+00 -2.666144948010847227e+00
7.390333883410237226e-01 1.649332342532458640e+00 2.066202361915723262e+00 1.683344331345085321e+00 -6.192664430336384251e-01 1.684458734344133291e+00 -1.948374669932133152e+00
1.393060253165276041e+00 2.089835497122374708e+00 2.534647157732749179e+00 1.626159994672052855e+00 7.060715061148771510e-02 2.393287938204362142e+00 -1.281897090131182360e+00
2.015974796792015411e+00 2.059967944448041877e+00 1.096557299293494658e+00 1.451526293283001090e+00 8.259924629496310233e-01 3.131312107373104947e+00 -6.678836994097434587e-01
2.687042006938402228e+00 1.240791811385314691e+00 9.013148134985261573e-01 1.615867782153779464e+00 1.665410191662662909e+00 -2.387017674562873282e+00 -2.527052677551179238e-01
-2.460718270718228240e+00 1.230017244935385223e+00 1.340731805154434797e+00 1.911468340991574921e+00 2.786673760404276834e+00 -1.605549835342127807e+00 -1.188612552005808842e+00
-4.009870239042714335e-01 1.479725684721711731e+00 1.766901894738380108e+00 2.119765084710757197e+00 -1.935792536182525447e+00 -7.819278211786451216e-01 -1.434754160161125336e+00
4.699383095551900036e-01 1.814893398222939158e+00 2.106834777581888751e+00 1.992058392692989566e+00 -7.405771838171852917e-01 1.271593047479063487e-01 -8.982497331597270041e-01
1.085884300613383369e+00 2.180493773508099142e+00 2.263520234710297174e+00 1.818367193719442998e+00 1.191128808569417163e-01 1.111077239094962588e+00 -2.787445009997118750e-01
1.600817985025712487e+00 2.484146538564254048e+00 2.086522564414182490e+00 1.999018183118644432e+00 8.787722562733846221e-01 2.088051810984264289e+00 4.700352557034658263e-01
2.047798414073886075e+00 2.728321358236396321e+00 1.996208390240325370e+00 2.348772516805746058e+00 1.565984436339048713e+00 2.931639280482033261e+00 1.304119793283330608e+00
2.426048872050924121e+00 2.862095425680433181e+00 2.222604176279634469e+00 2.737313118870325912e+00 2.202685005742258895e+00 -2.695931536009319895e+00 2.354335962090738033e+00
2.642386134109385498e+00 3.115004505438899951e+00 2.631488690118674256e+00 -3.136755666971648981e+00 2.806765645786191143e+00 -2.187185271511117968e+00 -2.829661686614393989e+00
2.725864264825090810e+00 -2.850320220041560937e+00 3.088556261120519064e+00 -2.738998962491578926e+00 -2.972813598506153898e+00 -1.858787727935253153e+00 -2.215788232283741443e+00
2.458858504995339089e+00 -2.283866091673723897e+00 -2.576740145996638365e+00 -2.277373848178856797e+00 -2.379725953581204312e+00 -1.689449378317082751e+00 -1.735349968869035253e+00
2.003095023958329168e+00 -1.606287329227982896e+00 -1.459573607671793782e+00 -1.674352358063906809e+00 -1.734039058366384500e+00 -1.639890535787105863e+00 -1.422756098841725603e+00
