-1.710191640205460661e+00 -1.537910843475611689e+00 -1.563801524045757674e+00 1.583982946806513636e+00 1.552561058577555997e+00 -1.576842071697685421e+00 -1.608294525064323688e+00
-9.198542559229799798e-02 -6.428149869834252073e-01 -8.468963728724312467e-01 1.789721195367532713e+00 2.985763661646793632e-01 -1.002470686783689890e+00 -8.770086173115312356e-01
9.395484746598068426e-01 3.069693479023762883e-01 -2.119015017236739462e-01 2.114229301393670379e+00 1.112898306476983734e+00 -5.238351788446096169e-01 -3.187861521456002434e-01
1.588931012050463387e+00 1.020490256337022839e+00 1.489528207920431391e-01 2.454257038844310124e+00 1.859947456525261389e+00 -2.644914981041887603e-01 -6.223359325720088410e-03
2.121156904698437096e+00 1.753047588482965491e+00 4.777120800584308546e-01 2.738061977480766629e+00 2.738355939496452507e+00 5.519285513853592999e-03 2.529502797787625545e-01
2.600296320910997050e+00 2.403116860112610720e+00 5.991296611400424021e-01 2.850238455960879325e+00 -1.319333403290352091e+00 1.755879549986440746e-01 3.959998466003845641e-01
2.984943109645885162e+00 2.828512545236122833e+00 7.767272792781361179e-01 2.948016249721649107e+00 6.692507486628557212e-02 3.244362339391039796e-01 6.042060970216805993e-01
-2.946964525787237221e+00 -2.893218764698656909e+00 8.661478965379593165e-01 3.130708713572751822e+00 7.786206889500619788e-01 2.424552384211695610e-01 7.807458876255084501e-01
-2.783335265766913480e+00 -2.389358825704196665e+00 1.025373161840366310e+00 -2.848615792673574010e+00 1.441468723105159055e+00 1.991850716630506057e-01 9.433991453598231658e-01
-2.702423126846543067e+00 -1.815151460964208097e+00 8.372724796722398333e-01 -2.511683948723799187e+00 2.089606857524568539e+00 2.515978140488456249e-01 9.720063517460250102e-01
-2.667719954742017396e+00 -1.285421630885666300e+00 1.447070941157178603e-01 -2.151777826251854986e+00 2.746488366017796334e+00 4.537918704039440310e-01 9.722967401486830585e-01
-2.636290590561588321e+00 -8.005433706394701199e-01 4.257849980474055079e-02 -1.837643414949328369e+00 -2.780618111994860531e+00 6.371099886289585124e-01 1.073498942059781358e+00
-2.796013900240344352e+00 -3.181415892781692678e-01 3.821172424002273749e-01 -1.680948996108226678e+00 -1.793110061262932931e+00 8.414359788770876536e-01 1.335573121646472350e+00
-2.751973535988775588e+00 8.764736917440511810e-02 6.379975152116634796e-01 -2.105014882728965642e+00 -1.116804616772926889e-01 1.008403662058719785e+00 1.654388879663475587e+00
-2.509440012599796876e+00 4.839997936523047772e-01 7.681182209907756464e-01 -2.746673787567983194e+00 9.171348225779902830e-01 1.141551670768318649e+00 1.972228471252651660e+00
-2.156000417474606135e+00 7.347358870753009086e-01 6.621701537321326159e-01 -2.920013688513706906e+00 1.517831362232135994e+00 1.176465624965415957e+00 2.289527696219396447e+00
-1.834127097309178112e+00 8.278553072702243831e-01 7.364403446392816521e-01 -2.800558123649128817e+00 2.109483241852000202e+00 1.236814899865871897e+00 2.629514118395978706e+00
-1.613625471159588542e+00 8.148103516436473459e-01 9.788331117054738240e-01 -2.480222316913151648e+00 2.777690276989085216e+00 1.349109222017137455e+00 -2.708763228631000608e+00
-1.594389196565326516e+00 1.052263795229654297e+00 1.343345103386635486e+00 -2.011187542089338365e+00 -2.783042394878432635e+00 1.441617018693131413e+00 -7.886303532022547191e-01
-1.687304837452394457e+00 1.400859031714730252e+00 1.710913069965127820e+00 -1.468922129210599836e+00 -1.897329412674219062e+00 1.468480145483983312e+00 -8.072802764173205026e-02
-1.621990678197056779e+00 1.767212814636086593e+00 1.911730756709968837e+00 -8.923372551599387803e-01 -7.506234855858009425e-01 1.526016246350641481e+00 4.920050696622720876e-01
-1.361155014706574740e+00 2.063443934645960542e+00 1.187497500949820095e+00 -3.217015485915961093e-01 4.747380180675709882e-01 1.551772492421314098e+00 1.013283086761974650e+00
-9.919386306109913010e-01 2.177283025628386159e+00 9.472697828247604868e-01 1.329439394542113739e-01 1.414465195363791672e+00 1.464214455280178573e+00 1.512278489806509585e+00
-5.894620342259335732e-01 2.256969976361749008e+00 1.219590653045012241e+00 2.687756228868899977e-01 2.106342923198939232e+00 1.415210818521551506e+00 1.935049971491324516e+00
-5.234097041101862940e-02 2.482899847110477065e+00 1.453966979884817601e+00 1.529936155502064909e-01 2.651097543777604759e+00 1.374675244139459851e+00 2.131927692512293859e+00
9.406287219726053861e-01 3.048592161444768855e+00 1.453367310671224821e+00 4.640969182289989003e-01 3.104459944860519016e+00 1.005068819341038644e+00 1.793385193876777972e+00
2.737770997728927735e+00 -2.011807633677896501e+00 1.359708124445420996e+00 9.273871234346463543e-01 -2.810783765661073907e+00 7.856040197984626161e-01 1.514296489555809311e+00
-2.541826751062907341e+00 2.267864380539139635e-01 1.393058900884624585e+00 1.520546477005082053e+00 -2.458654414289641821e+00 9.690195254862317142e-01 1.674834540108625980e+00
-1.758079353570345615e+00 1.154136576773629796e+00 1.651330927159565087e+00 2.197342058915247698e+00 -2.132306631905330541e+00 1.370418984427259401e+00 2.016339117569828421e+00
-9.580647909683658314e-01 1.931641460476077654e+00 2.102203169620267875e+00 2.875627520770817291e+00 -1.768971510896258037e+00 1.886083553487956532e+00 2.478901214001784314e+00
-6.369462327777342114e-02 2.700987877297244655e+00 2.662986348706924744e+00 -2.753042294016158298e+00 -1.341620042945933733e+00 2.466170475674594353e+00 3.011284432622897800e+00
1.074651210970972937e+00 -2.787502892667988341e+00 -2.996021844973861814e+00 -2.143593318755586008e+00 -9.034652971264326426e-01 3.074613430640098510e+00 -2.679947719143901175e+00
2.671699620471110315e+00 -1.983677022201150164e+00 -2.365672364193256438e+00 -1.566778718454122865e+00 -5.390298311205806714e-01 -2.625455454659570975e+00 -2.060037606201710947e+00
-2.450617302714193091e+00 -1.145720758312623877e+00 -1.754847178643186290e+00 -1.016939812641264984e+00 -2.899509884016983619e-01 -2.103879150272570442e+00 -1.414053531277029041e+00
-1.769476471834790399e+00 -2.101566261793506862e-01 -1.192295621627626590e+00 -5.087832813140901189e-01 -9.527132467412517680e-02 -1.682409906882267325e+00 -7.869089755378980700e-01
-1.298041955119360047e+00 1.298168071085767261e+00 -6.311794617565185117e-01 -8.731784498450684273e-02 -1.763630459021132621e-02 -1.283676308088290474e+00 -2.933377043841909892e-01
-1.048432757343791710e+00 -3.046718951692089394e+00 6.414527044474692408e-02 1.896605345661507569e-01 -2.054276596839589922e-02 -7.859697351130054965e-01 -4.009863018631963649e-02
-1.123774531517169883e+00 -2.441053230235927352e+00 9.484332365930130404e-01 4.336680350750635182e-01 1.588645272317525670e-01 -2.177943978979286765e-01 1.330090785566263589e-01
-1.011692971701348087e+00 -2.124013715681956072e+00 2.106718701495989610e+00 7.967880140467383798e-01 5.346814689897639861e-01 3.922229669486673731e-01 5.177093154972424172e-01
-5.929070446018099849e-01 -1.574456894609090662e+00 -2.800436904862785514e+00 1.233252729118490487e+00 9.583580996030690580e-01 8.334754588930219921e-01 8.955580421075950426e-01
-2.907573926521980073e-02 -9.158226464263367061e-01 -1.589515248667916714e+00 1.440067037821952001e+00 1.338673706033671529e+00 1.576702245436825134e+00 1.027021061974600080e+00
5.577274214451584111e-01 -2.336098007853924796e-01 -5.922482923784780917e-01 9.939585754714909127e-01 1.604924342774513901e+00 2.357534135448805745e+00 1.030792329633693605e+00
1.196053494369261339e+00 6.815483257163434949e-01 4.360312724388922812e-01 1.143394814277563842e+00 1.744076552816417491e+00 2.695463382103911787e+00 1.339877527822783021e+00
1.939172060090774474e+00 1.739362449444076031e+00 1.747367941644869305e+00 1.637747843616053967e+00 1.800106464646378246e+00 2.437656566895065158e+00 1.759847645680116202e+00
2.824667302943262293e+00 2.762790666078187130e+00 -3.069974600654783448e+00 2.120116897537838607e+00 1.687527976733167900e+00 2.739977072498672062e+00 2.067601588004090551e+00
-2.533790732340417406e+00 -2.566583101346844309e+00 -1.925692912425553738e+00 2.186147039535563330e+00 1.228868858671107400e+00 -2.874042409007650622e+00 1.948752224324504567e+00
-1.764742882544900526e+00 -1.691259687859438587e+00 -1.013788227307816259e+00 9.035482170796337309e-01 1.140453343103785988e+00 -2.265921968252708307e+00 1.172370185110030105e+00
-1.191960515958018663e+00 -8.685442473512402506e-01 -2.127574548985418645e-01 9.625682298585468422e-01 1.432819659556878733e+00 -2.134284377237773977e+00 9.380301168744170637e-01
-9.567961540175117241e-01 -9.341383390813554066e-02 5.476531228228677106e-01 1.286040967207170871e+00 1.856966296765435009e+00 -3.037627771242693786e+00 1.177645128510358852e+00
-1.206359435342403863e+00 5.955395714759025294e-01 1.241243064042440780e+00 1.701505736376563327e+00 2.305322623148617911e+00 -2.570638339118477944e+00 1.601437961031780821e+00
-1.134421663992138507e+00 1.171088665214502278e+00 1.774103779333368269e+00 2.124472237033828925e+00 2.663647639033042580e+00 -1.938148507297555945e+00 2.056180033391264317e+00
-7.650619683871366927e-01 1.574839615240759549e+00 9.275871349724753578e-01 2.433467540424629760e+00 2.796348763251934155e+00 -1.246625899389879999e+00 2.248260551722574441e+00
-2.962026196337855799e-01 1.918857878184416554e+00 9.004782445048188366e-01 2.615690586679753959e+00 2.876304185633806298e+00 -5.101581971230010337e-01 1.770738173355021372e+00
1.485963363119476577e-01 2.303830644593939159e+00 1.481483405208421589e+00 2.877415150991020187e+00 -3.036426289662468303e+00 3.143459308138080166e-01 1.963957520037616478e+00
5.235920455846526655e-01 2.700612459044416269e+00 2.144390296424770526e+00 -2.964738969113197342e+00 -2.481049492196780282e+00 1.753960051472676751e+00 2.510529438115845835e+00
6.241487941877841283e-01 -3.086244489687269610e+00 2.834671311509725289e+00 -2.504718416248675084e+00 -1.645942000952526518e+00 -2.525945276934553618e+00 -3.125399750598103488e+00
5.475299880080732873e-01 -2.520297313412924289e+00 -2.782385638571462927e+00 -2.618513857784332544e+00 1.655303626592290689e+00 -1.566460311402289030e+00 -2.478519199660499606e+00
7.766235150696487732e-01 -1.921361841356046707e+00 -2.156076230009918770e+00 2.882442091354367797e+00 2.315241002894194544e+00 -8.667716081646251736e-01 -1.863660586516302509e+00
1.281269027360554702e+00 -1.372116855535455926e+00 -1.608877258722907433e+00 -2.900765140125601160e+00 2.884065479815091759e+00 -3.085684939043747965e-01 -1.366810512475414852e+00
1.877453165455706507e+00 -9.151946760776947798e-01 -1.114753656664716486e+00 -2.221118535519924553e+00 -2.897071053102961979e+00 1.102392522286470278e-01 -8.232800187218128896e-01
2.478851989059579264e+00 -6.081028432954799223e-01 -6.430673667827180306e-01 -1.482481659098916271e+00 -2.586452812549259850e+00 5.185799946356196566e-01 1.064710230506163251e-02
3.039295544018280282e+00 -5.887759013984467105e-01 -3.157046029034034085e-01 -7.283525339787882968e-01 -2.866419030844367999e+00 9.870847817890560094e-01 8.854218107855851283e-01
-2.824071314354666296e+00 -4.736302921870206850e-01 -5.455308044544241453e-01 -7.264613498912497747e-02 3.106710423661047660e+00 1.573412565282534148e+00 1.752472596963415841e+00
-2.306691706592161051e+00 -8.059552516702964131e-02 -8.015599272514272178e-01 -2.385549042894952732e-01 -2.909883588483826777e+00 2.276553233272379018e+00 2.596772808515956044e+00
-1.193116571182068153e+00 5.519749620326261930e-01 -3.827250818561406254e-01 -2.375679500790714438e-01 -2.553102977495726122e+00 3.098998344410087036e+00 -2.882790115060727576e+00
9.543916510210612159e-02 1.331897036738389328e+00 1.704590283454001376e-01 6.469197908043847756e-01 -2.304291651406014108e+00 -2.221877149485778080e+00 -2.066348160178488769e+00
9.385323474119861009e-01 2.248312587352463421e+00 7.306664704619318940e-01 1.572210230257343078e+00 -2.245233951673846651e+00 -1.379602358559525621e+00 -1.253560165899248569e+00
1.559608949519381005e+00 -3.047044361360867093e+00 1.112965285501686274e+00 2.385148308221203717e+00 -2.101675871131606144e+00 -7.169983081177072615e-01 -4.790051160490119142e-01
2.137425649025573637e+00 -2.103869241927979417e+00 1.027702474543507050e+00 3.098999867191071012e+00 -1.760076489902892227e+00 -1.039239493711105883e-01 1.298127009278990107e-01
2.746716511980159314e+00 -1.229741258603779919e+00 8.001567102162103762e-01 -2.554524891953930066e+00 -1.324989382320252318e+00 3.987611283178087440e-01 4.259116299494046798e-01
-2.934607714721637173e+00 -3.984643105781722761e-01 1.070349444239521386e+00 -2.109581266615749406e+00 -8.895073737420028381e-01 7.479143855541772190e-01 1.016505539582511553e+00
-2.388371369185235960e+00 4.912119149851035815e-01 1.547649438878569761e+00 -2.228656712470495460e+00 -5.631326881102276527e-01 8.511326146669652148e-01 1.821807307779722773e+00
-2.049925370982982553e+00 2.062378467009701399e+00 2.154375198065746844e+00 -2.097395194095074800e+00 -5.148663209403512298e-01 7.472200642362225587e-01 2.739466423286231578e+00
-1.842749892350687979e+00 -2.286007569307669574e+00 2.936692964450566823e+00 -1.501404527592360871e+00 -5.960228730571547340e-01 5.794256479536968873e-01 -2.564820460527812873e+00
-1.634415497383843174e+00 -1.337061410734642575e+00 -1.968335898687602281e+00 -7.596254937254535156e-01 -3.474103204177411697e-01 8.230749379264664656e-01 -1.745566091006144793e+00
-1.532110699966809042e+00 -6.289142461325412103e-01 -3.696396441690730783e-01 1.925356429777737577e-01 1.140153650292531073e-01 1.290581990001323343e+00 -2.242088803246286233e+00
-1.224954442890296757e+00 -4.235381369408431490e-02 2.520045837826287438e-01 -2.756863553590074734e+00 6.864046743957042951e-01 1.861400297767737300e+00 -2.045721257440005214e+00
-5.277891119530062625e-01 4.197300973457663842e-01 6.638876059936383855e-01 -1.926610672574466054e+00 1.362895124968713345e+00 2.494179803052888111e+00 -1.290182543300349094e+00
3.733597841344675206e-01 8.192128837217826920e-01 1.145869339857953140e+00 -1.251062719516570443e+00 2.673561198570402642e+00 -3.099884835054796284e+00 -5.735980489658117909e-01
1.286171862330263149e+00 1.142293538216482496e+00 1.682583806932904658e+00 -6.633466455888453739e-01 -1.560461026533954021e+00 -4.876876824767243934e-01 -3.839829125424056022e-02
2.165120982228528668e+00 1.417207737030557135e+00 2.238519042001775095e+00 -1.418630919872994056e-01 -7.761875393257987588e-01 1.067199148599192293e+00 2.795807664153008298e-01
2.994512388971966033e+00 1.693607366009061366e+00 2.768563873446134416e+00 3.885872608160593766e-01 -1.422189874779533347e-01 1.792651926491478864e+00 5.212772633118044618e-01
-2.536629013270563338e+00 2.030686421772210704e+00 -3.117591203186554250e+00 9.856249144312698718e-01 4.764408120798792612e-01 2.538501739253627765e+00 9.099318738030290898e-01
-1.911126057772655207e+00 2.464821946377597772e+00 -2.953303015396161690e+00 1.664102277077171621e+00 1.094169111494909474e+00 -2.763126386092717990e+00 1.395052267567701287e+00
-2.211619073959374848e+00 2.989976108182382575e+00 -2.969967185403303844e+00 2.392123371299416323e+00 1.724923259124061081e+00 -5.964316560249275367e-01 1.953197274313806631e+00
-2.675322085695909458e+00 -2.686065499075453111e+00 -2.824340735536467584e+00 3.115958965554638027e+00 2.372290269218145564e+00 7.758811853470478637e-01 2.594874738733877528e+00
-2.130737239115564119e+00 -2.089607031281193184e+00 -2.560324854438565723e+00 -2.514457758181345870e+00 3.038897086117475332e+00 1.571543876732991230e+00 -2.885257495948058359e+00
-1.491178001049720869e+00 -1.565129418684490847e+00 -2.198330430549578107e+00 -2.034030672663549311e+00 -2.508752106552935235e+00 2.190570117905553005e+00 -1.095597340085168181e+00
-1.053318423676766313e+00 -1.159747532877154708e+00 -1.781820009385150172e+00 -1.730051256324930842e+00 -1.644689783712205200e+00 -1.021174242125825055e-01 2.433049629432893490e-01
-2.046027026306721286e+00 -8.159218879395938595e-01 -1.303330353571784839e+00 -1.414453999403955553e+00 -7.443129531422074674e-01 3.480088043051706159e-01 8.168728776394029722e-01
-1.844678511547145128e+00 -4.035233272398461302e-01 -7.969488025036955969e-01 -1.038137602019662875e+00 8.776334082966597352e-03 8.502522624853173783e-01 1.298045505022000556e+00
-1.206280771168827926e+00 9.703195699735650548e-02 -4.248190683753950703e-01 -6.671459436145981137e-01 5.563206687854014287e-01 1.290638250638125539e+00 1.706264316150995830e+00
-4.576586934280768015e-01 6.821161383174250137e-01 -8.325068699986450937e-01 -2.820669435204310460e-01 9.469212295757973852e-01 1.712582315530547072e+00 1.926051094918142637e+00
4.137179813913199333e-01 1.276703815195049163e+00 -1.436455878963784905e+00 1.487795763842196806e-01 1.300952061715754837e+00 2.166314482440136580e+00 2.015224773022412208e+00
1.729779546342260499e+00 1.793721361104752887e+00 -1.111379616535646653e+00 5.611895850921513329e-01 1.734692281376267298e+00 2.650962725481698090e+00 2.289565035570256590e+00
-2.810349580105522715e+00 1.903680232456370414e+00 -6.031155166412540680e-01 9.332959995397450692e-01 2.244592521254310302e+00 3.124459243741184888e+00 2.751227290989631147e+00
-1.921087871174575135e+00 9.199832713001172557e-01 -2.999648682517274539e-02 1.309034619529199972e+00 2.778821147763134380e+00 -2.776995515169205397e+00 -3.044910818822213816e+00
-1.479949690961802400e+00 7.451737455628983930e-01 4.633210044802746896e-01 1.743990223024610042e+00 -2.977844688735730827e+00 -2.440568703820141128e+00 -2.614372859134026061e+00
-1.090316962151739233e+00 9.187785934549635991e-01 7.490174179852849834e-01 2.262177844301756391e+00 -2.453338924059419668e+00 -2.092179784950755739e+00 -2.405063809176435807e+00
-5.590720002469424799e-01 1.203028461496207902e+00 7.814308431328191862e-01 3.027989978253124104e+00 -1.857695184336936922e+00 -1.771565277531957472e+00 -2.317599562740378705e+00
8.044792990431083590e-02 1.575090446305526415e+00 9.817483284138619481e-01 -1.529778234924710878e+00 -1.250845946739990389e+00 -1.597154525576819140e+00 -2.078300344839700831e+00
7.500860120869861092e-01 2.002526444843041542e+00 1.146773844798230080e+00 -6.670684423153172560e-01 -8.711835020961660181e-01 -1.322160409575175999e+00 -1.645264845574532897e+00
1.440209239208763314e+00 2.443144489022396115e+00 4.529778461421999358e-01 -2.595625555686292274e-01 -7.139276035369304108e-01 -7.872878982645885593e-01 -1.128082387783899243e+00
2.151282041979395654e+00 2.661129316357715435e+00 1.326618139514376127e-01 1.117850667665803710e-01 -3.372152009896177693e-01 -1.428038344535487447e-01 -5.953364363869775300e-01
2.967934303102362836e+00 8.762162214966658924e-01 4.155689311352180337e-01 5.417262905694545383e-01 2.228721848864451960e-01 5.096754436161329282e-01 -5.479526169589052365e-02
-1.055090275628086216e+00 1.301584740751820402e+00 8.217661512576094340e-01 1.058240843409204768e+00 8.318847737304706502e-01 1.085306134316466053e+00 5.036394976338732787e-01
4.401140035486055813e-01 1.853663162819316979e+00 1.318807383887361073e+00 1.633767519646746047e+00 1.448742337075141995e+00 1.553168330878827552e+00 1.110943386014464629e+00
1.078246674672092897e+00 2.388084100916661345e+00 1.845691893007477491e+00 2.234309702426641842e+00 2.053176083895693615e+00 1.937287625525856205e+00 1.743241165268104353e+00
1.574161923330785751e+00 2.839641882372141435e+00 2.340911765731199079e+00 2.828899159812722441e+00 2.628378339123756291e+00 2.316929392775574748e+00 2.339063530624613474e+00
2.021172848777916808e+00 -3.118606695383800975e+00 2.713753427922904304e+00 -2.893766471178190525e+00 -3.135283542324492245e+00 2.729243896326964958e+00 2.242721611637613410e+00
2.475961689270319788e+00 -2.955536122735843207e+00 2.818462048243344231e+00 -2.378272905662868197e+00 -2.723290802703238533e+00 -3.128579636454198010e+00 9.710984588608516654e-01
2.956919662398262538e+00 -2.824353039092670326e+00 2.878857254172701996e+00 -1.900823738434209043e+00 -2.485581238294259698e+00 -2.680813202322891442e+00 1.435869514166645988e+00
-2.846870366216062820e+00 -2.631500720975784802e+00 3.140762775134342544e+00 -1.471693321308219060e+00 -2.588054444638033580e+00 -2.214870412847800729e+00 1.934902000128345012e+00
-2.402124210133889548e+00 -2.398600257762985688e+00 -2.769532015787946388e+00 2.365995132107595822e+00 -2.967339490054782036e+00 -1.740046591030083523e+00 2.406484045041112463e+00
-2.166098555898183786e+00 -2.170263971600272068e+00 -2.434389201101903044e+00 2.855956848349151755e+00 -3.002153935489977776e+00 -1.300852102527130016e+00 2.857799534479072978e+00
-2.454593813326015006e+00 -1.877967648925394917e+00 -2.120884420893500710e+00 -2.902987268590337511e+00 -2.742202822517699534e+00 -1.008684179720614749e+00 -2.955541021653043998e+00
-2.532267704545372311e+00 -1.481907286275025104e+00 -1.738222521992644376e+00 -2.385464734465441161e+00 -2.336318485155542746e+00 -1.247135826828169147e+00 -2.484677581132519908e+00
-2.162394357093236685e+00 -9.793461898009550026e-01 -1.223776954432106656e+00 -1.896845986280553342e+00 -1.831807544507180197e+00 -1.663301491133272414e+00 -2.013582459768122224e+00
-1.660108217820510434e+00 -3.604786240744969339e-01 -6.127923791097326101e-01 -1.459466029433907908e+00 -1.272398807279783162e+00 -1.495802096735598719e+00 -1.524562996924039293e+00
-1.096973638087257674e+00 4.262548030557439249e-01 3.982460135759492009e-02 -1.118503601056079821e+00 -7.012691975582250326e-01 -1.181309462999410753e+00 -9.405973470831128225e-01
-4.451778029810644077e-01 1.600179153276706900e+00 7.541060712445870617e-01 -9.631049262987831927e-01 -2.020433302737451864e-01 -8.690111557941785358e-01 -2.298599860117117866e-01
5.179610386088627783e-01 2.756904113924087962e+00 1.551958809728282151e+00 -9.708772638811051792e-01 -1.700830603934472274e+00 -6.509974904092421522e-01 5.637820189226819823e-01
2.301373230053359809e+00 -2.833490944223977070e+00 2.466767437717359179e+00 -8.951091963755324343e-01 -1.817380856866771754e+00 -5.736377031221673306e-01 2.116840724249339445e+00
-2.928077790509585832e+00 -2.321729281463797534e+00 -2.815590771386022428e+00 -8.962654018090764341e-01 -1.367536167311088846e+00 -5.511319949950537200e-01 -1.833066911995194559e+00
-2.260888032491264799e+00 -1.922207071437037618e+00 -1.824685324301362543e+00 -1.114814503917763044e+00 -9.006043529688648741e-01 -3.646181189986144600e-01 -1.195091899626283594e+00
-1.688388310330992237e+00 -1.743352603029296732e+00 -8.575489147401905710e-01 -8.822964074391316247e-01 -4.310483129781028100e-01 -9.058379957396278659e-03 -5.904490444155485740e-01
-1.187149802296732615e+00 -2.093903858048252964e+00 1.078094700092909336e-01 -3.741213133200349539e-01 8.847466610003599727e-03 4.550333929829385449e-01 1.276919652065096056e-01
-7.767936890868579747e-01 -2.130429583756703771e+00 1.102466178738727764e+00 -1.984593384140165978e-02 -2.550086020678756227e-01 7.702316196134645354e-01 9.066408756640903510e-01
-4.634967089620651848e-01 -1.782566926889891379e+00 2.245227807030029332e+00 -2.042185575396262109e+00 -1.293858500300534509e+00 -8.372235771959721795e-01 1.759189465701166410e+00
-2.005660042852049352e-01 -1.346733037738997441e+00 -2.726816777414462933e+00 -1.472841762001850352e+00 -8.873178010148616845e-01 -5.017925261984507168e-01 2.777320287099258600e+00
1.184686594823380901e-01 -8.930537182044440137e-01 -1.508795787964111845e+00 -9.123068397501328253e-01 -3.906397052166850625e-01 6.081225015728920075e-02 -1.804757882349340647e+00
4.697138296467641694e-01 -4.208048689511183493e-01 -4.599439346817489338e-01 -4.286031998818776723e-01 6.862317659392076774e-02 6.208515422393622307e-01 -2.780726882993914129e-01
7.613962922153828528e-01 8.067539042082631784e-02 4.910671424086462955e-01 -7.301649787073669073e-02 4.699943148323583730e-01 1.155912773329909049e+00 5.219309231999006427e-01
6.652195409996235487e-01 5.875337064354406724e-01 1.365417786478595019e+00 1.555834485435644288e-01 8.291673449274540308e-01 1.641278825217817872e+00 9.311726344120643262e-01
2.515666079933298049e-01 1.065844996103635811e+00 2.190466121742973726e+00 4.148142575879132932e-01 1.208801905471225124e+00 2.016651229787206567e+00 1.071890383556779680e+00
3.890754727596806295e-01 1.277215463588999178e+00 2.968623433514424814e+00 8.524130525648609957e-01 1.661944490393625573e+00 2.117300891060271084e+00 1.407073335592598395e+00
8.199305229641811188e-01 -2.674726707124551184e-01 -2.605234447803700171e+00 1.426160715340565099e+00 2.205405880965555454e+00 2.068216832927590065e+00 1.970524585292234399e+00
1.350823065723814498e+00 -2.169360005715870177e-01 -1.927161452689765353e+00 2.055042725628129396e+00 2.827722526186359442e+00 2.398948816469700152e+00 2.567767144777050703e+00
1.978206309105394078e+00 7.112273317006656548e-02 -1.256746309612942092e+00 2.621192353003612308e+00 -2.776849732974681295e+00 3.011497220399713459e+00 3.072374135546201757e+00
2.778869358455917649e+00 4.004530464184508087e-01 -5.865917774418758501e-01 2.290054633353141078e+00 -2.052064324379263560e+00 -2.391546219267001838e+00 -2.762114818592031451e+00
-2.471693013164554475e+00 8.033717509030922077e-01 4.259467597523765997e-02 1.675496140518520471e+00 -1.300003179433784073e+00 -1.123489988690711039e+00 -2.268213660128675535e+00
-1.385183603555619314e+00 1.255302099624756584e+00 4.769170395291199016e-01 2.123470951864117051e+00 -5.459223652139456595e-01 9.347879452019673685e-02 -1.711328030193814964e+00
-4.428214550150764706e-01 1.740234410811701604e+00 7.814412304831021006e-01 2.556060178707467045e+00 2.078029094537980348e-01 9.100593657969567873e-01 -1.251646501824775770e+00
3.962518498251423327e-01 2.266359578079307546e+00 1.287114772830915133e+00 2.950321313683654356e+00 9.833374386936257761e-01 1.491710808740188465e+00 -1.220246810043239760e+00
1.198114579390090029e+00 2.868180595113459130e+00 2.134253812076739365e+00 -2.646424140553361948e+00 1.865984200555776074e+00 1.935603853328680346e+00 -1.215864448268126674e+00
1.979681821264128061e+00 -2.690996977588850037e+00 -2.935341311195965197e+00 -1.362228005759648530e+00 -1.159959815482568990e+00 2.253990267936148761e+00 -7.604987540644773114e-01
2.766585774400698305e+00 -1.826155581400999983e+00 -1.777631362918960622e+00 3.067356233266793630e-01 -1.174750979370518968e-04 2.419096376512477331e+00 -1.546076086638397129e-01
-2.663782311197967712e+00 -8.152802534217314934e-01 -2.051672528707016330e+00 1.459294308334871060e+00 8.210307050978782328e-01 2.415175512679821779e+00 4.584947764522037117e-01
-1.690055687362394865e+00 2.325738652761841219e-01 -2.296031390633785474e+00 2.408670724750246350e+00 1.600166590603458561e+00 2.178144921999920047e+00 1.069267481474251991e+00
-5.388573324151083588e-01 1.185368181205517901e+00 -1.688033728781063170e+00 -2.954134778557493846e+00 2.354009526354244208e+00 2.219471194097703659e+00 1.653573359637758866e+00
8.169445801414549901e-01 -1.816020479403795518e+00 -1.055313519906195152e+00 -2.012136371933388013e+00 3.088284055257090266e+00 2.604254572835499548e+00 2.129201864839379787e+00
2.553788384048293558e+00 -8.121854488669203453e-01 -4.922766692349292428e-01 -1.041540935060841111e+00 -2.467142420624895305e+00 -3.130794590549205392e+00 2.314115483061619738e+00
-2.086691005475034277e+00 -1.780158470647057178e-01 -4.113911294138858366e-02 -3.930561843388766241e-02 -1.731894805211445565e+00 -2.537830015145384976e+00 2.403186292050732309e+00
-1.037660931604748038e+00 4.104824216370202006e-01 3.032627757023136361e-01 9.921113529686422794e-01 -9.585592469510925140e-01 -1.968458893869580839e+00 2.894054510048111428e+00
-2.292537516264672448e-01 9.893777513531579748e-01 6.795844598016250737e-01 2.004190264935605370e+00 -9.717744786651268118e-02 -1.553850977338470996e+00 -2.662604484707084662e+00
4.598421869828641095e-01 1.543270333147143569e+00 1.130336120794023680e+00 2.895902100598510387e+00 9.152972345996353010e-01 -1.394159766802224976e+00 -1.817463766238202494e+00
1.103666995925091099e+00 2.065347097953016853e+00 1.636533325649046411e+00 -2.766914045706209802e+00 2.073627792427466421e+00 -1.245541730186266349e+00 -9.609793760158868992e-01
1.730046806562109296e+00 2.548357742233342993e+00 2.147241248973845718e+00 -2.366976769999487917e+00 -3.087442359656486612e+00 -9.648111333735747142e-01 -1.454079895754947227e-01
2.337820925586431731e+00 2.956629499631447278e+00 2.598405004954150943e+00 -1.797087510043077430e+00 -2.104682104098212214e+00 -5.952043382333082056e-01 6.709337130703054708e-01
2.824907648251351322e+00 -3.065379388808012529e+00 2.926889744100631852e+00 -1.203355594583211730e+00 -1.240243288628853691e+00 -1.122643934810924199e-01 1.653102506246313164e+00
2.676606156919997481e+00 -2.947246449143354763e+00 3.125403437319014266e+00 -1.408031825845774021e+00 -4.984764335942756808e-01 4.740089111794441590e-01 -2.588695615534984729e+00
2.390348964765991902e+00 -2.670436223091205985e+00 -2.883639904287288669e+00 -1.727765093867508206e+00 5.734036177938497264e-02 1.004724797041250062e+00 -1.196303594483940858e+00
2.735689399079975992e+00 -2.179376471431793583e+00 -2.466823501039892896e+00 -1.209424921560280142e+00 3.724034722764776317e-01 1.289201670684515078e+00 -3.676632193617158095e-01
-3.096222314978583245e+00 -1.562009829910211423e+00 -1.937189875545243023e+00 -6.192541725020039856e-01 6.417340265552916589e-01 1.444444906187891897e+00 3.454473601355396717e-01
-2.685103904878042513e+00 -8.655481802742563957e-01 -1.340021174729639775e+00 -7.328689214933241380e-02 1.109897035610776017e+00 1.915423949826329242e+00 1.030940501003657195e+00
-2.243748878121536894e+00 -1.022610231228201494e-01 -7.105258264084666209e-01 3.911191887714382531e-01 1.701306383694167756e+00 2.617176108453275418e+00 1.710294867087716719e+00
-1.698729157920469968e+00 7.120874251153219703e-01 -1.142464275463199314e-01 6.261027276562740607e-01 2.316966422292518146e+00 -2.863998984382083446e+00 2.429006981158921885e+00
-1.018644182473724236e+00 1.474685094016710663e+00 3.097133008493900830e-01 5.494261056457419024e-01 2.887391221860327484e+00 -2.007218269321032977e+00 -2.846704850566600165e+00
-2.184395656061386970e-01 1.897963717279165907e+00 5.643331360221605086e-01 6.502352112606510914e-01 -2.892630662886512827e+00 -1.142536512637918111e+00 -1.011004307814503400e-01
6.526555303088321658e-01 1.632478805771421460e+00 8.337020521855058597e-01 9.533099421646041849e-01 -2.006467872878873404e+00 -3.203463871787624040e-01 7.516116374590676719e-01
1.545475908738245474e+00 1.864959152044462609e+00 1.151684679109228782e+00 1.226527231111629535e+00 -3.682694741177062747e-01 3.849512947553253572e-01 1.306243459298174869e+00
2.362369061338232878e+00 2.340957465543359817e+00 1.380091723197652831e+00 1.456246033748471502e+00 5.490108139079182825e-01 8.298143017696765211e-01 1.735519356107917854e+00
2.945092576717867949e+00 2.722538949299139865e+00 1.535695480957119274e+00 1.733758150784728613e+00 1.211780029757995036e+00 1.139932408134852082e+00 2.116667551424701088e+00
2.813082992963124251e+00 2.846836477762897388e+00 1.737694214039194440e+00 2.074263229396053010e+00 1.775376814168615258e+00 1.489434464319902673e+00 2.540918860643003541e+00
2.368481346564869749e+00 2.787078596550421228e+00 2.103762616558715326e+00 2.478736539101850767e+00 2.297003610385037309e+00 1.953293723017063499e+00 3.065764876960896501e+00
2.737384573019979950e+00 2.973227424637235661e+00 2.618895278572565655e+00 2.953138707236315330e+00 2.827856507841196798e+00 2.515205194825276269e+00 -2.572310302090294432e+00
3.137605338608660421e+00 -3.002032702223686123e+00 -3.102756528419175819e+00 -2.800864605514527650e+00 -2.916632603245151056e+00 3.089326254218111245e+00 -1.841908818898908562e+00
-2.957996398159522311e+00 -2.739284093989560631e+00 -2.546133097554633462e+00 -2.256215932987812423e+00 -2.419388597582063927e+00 -2.642590396312596734e+00 -1.046732355232803613e+00
-2.884665939002148072e+00 -2.643742864124731362e+00 -2.038157474204540520e+00 -1.742705711833672177e+00 -2.120580007547578472e+00 -2.129515857463225803e+00 -1.964113132899037995e-01
-2.525770378582999243e+00 -2.750935201211400560e+00 -1.694153604692653303e+00 -1.323532782185034895e+00 -2.087487041386784981e+00 -1.625163291353213024e+00 6.971058001388945602e-01
-1.997930809963309517e+00 -2.991841305020583430e+00 2.645685289572630161e+00 -8.977154273546992247e-01 -1.859101547034978319e+00 -1.130345370046564879e+00 1.633207470976957287e+00
-1.382137513321672895e+00 -3.026743718312811637e+00 3.097827455778113581e+00 3.837390984328870047e-01 1.716548197332173453e+00 -6.680922771165983542e-01 2.384021846447389237e+00
-7.106290169037019488e-01 -2.895986841044950300e+00 -2.667830190797571444e+00 2.107406899848378590e+00 2.340390747218051182e+00 -2.789633726395064905e-01 1.071378306230921007e+00
1.528173735099415441e-03 -2.617663604017181456e+00 -2.240150211320393492e+00 2.961929244950618934e+00 2.985394640985289172e+00 -2.626323031023017340e-02 1.771272328825675979e+00
7.579284395918435280e-01 -2.225883771607735095e+00 -2.075213497996405199e+00 -2.624584351363276724e+00 -2.672850069208386525e+00 1.752004558196161299e-01 2.495199087748368960e+00
1.531616387647462885e+00 -1.786129988708058836e+00 -2.180662599580370120e+00 -2.032180891072473905e+00 -2.105654187037597769e+00 4.604046678744775911e-01 3.118742161016616166e+00
2.301024263144393789e+00 -1.376883351930104693e+00 -2.157833827862989384e+00 -1.591990127080588069e+00 -1.641308490888927274e+00 8.155787696529145370e-01 -2.630772202473621757e+00
3.050034297673728911e+00 -1.043500528878190226e+00 -1.895629138740637210e+00 -1.327184350908016119e+00 -1.258840055352202780e+00 1.124531356564956841e+00 -2.037931492381510168e+00
-2.530273908144912376e+00 -7.724506071608491231e-01 -1.536908277856073646e+00 -1.061745000650760495e+00 -8.554293511508859194e-01 1.379905400311485009e+00 -1.359081410406801860e+00
-1.868239477527557479e+00 -5.396372924279592143e-01 -1.163221430686965485e+00 -6.673205344067009159e-01 -3.820093550247824488e-01 1.676748356694979458e+00 -6.000887389801244920e-01
-1.251959235375636581e+00 -3.522750105241357899e-01 -7.999891035371133885e-01 -2.040250495925358121e-01 1.398827188387889442e-01 2.033614169453315856e+00 3.152971274927015011e-01
-6.485796559960680385e-01 -1.885648606664508953e-01 -4.229472286496757660e-01 2.805808290446089037e-01 6.702977186925715980e-01 2.377899366295703754e+00 1.868883698557321393e+00
-5.009619077999969555e-02 7.104859217399403515e-02 2.640175036367703454e-02 7.928095296134275438e-01 1.142927535317768140e+00 2.637412763927952319e+00 -2.637063839789310915e+00
2.480111612153712564e-01 4.422879430575061832e-01 5.170595189816279413e-01 -2.135829151046500396e+00 6.988981717609431543e-01 2.830204609140390737e+00 -1.657416809739568953e+00
-7.917488317550511745e-01 8.444057495376935396e-01 6.584265959822676040e-01 -1.548308146928559115e+00 -2.858063034500261598e-02 2.932607163115636073e+00 -8.523365401947637920e-01
-4.669881360296326278e-01 2.525295730652897808e-01 -1.127573310652102645e+00 -1.069337054268607590e+00 4.642324754391203290e-01 2.916077385830486701e+00 -9.101473366310078306e-02
1.503018747164822644e-01 -6.455604259361938935e-01 -5.279683051987065223e-01 -6.633403849661723140e-01 1.072944143081356216e+00 2.839030496819205496e+00 6.625972973132863153e-01
7.956188773547270277e-01 -2.210710794936916190e-01 9.901984736639546369e-02 -4.035030933253045959e-01 1.717598428376954312e+00 2.972891830562398141e+00 1.390920264793653827e+00
1.452817627006357304e+00 1.989039953155953555e-01 6.846109569642809811e-01 -2.576687571357427764e-01 2.413457648149436530e+00 -3.033092559854317471e+00 2.093118743493997513e+00
2.106748271579175658e+00 4.621270617302125627e-01 1.132903102964957887e+00 -5.722604240376168681e-03 -3.055139220754337526e+00 -2.660965152740622397e+00 -1.053668996114722756e+00
2.734535884779045301e+00 6.182146797204350896e-01 1.406925789463127074e+00 3.016577325602586290e-01 -1.925514100649411198e+00 -2.269945667273483902e+00 1.186897601959428367e-01
-2.957714061253423399e+00 8.208666627435443619e-01 1.547555335606609184e+00 5.248676825387988965e-01 -4.430542180212615477e-01 -1.858976092337185859e+00 6.049119985271722566e-01
-2.420270687610118099e+00 1.098510220364244061e+00 1.434396333509632582e+00 8.020402351120594631e-01 6.936405149373453538e-01 -1.389913534920829141e+00 1.247459932516682191e+00
-1.950398957077508433e+00 1.419636596383952121e+00 1.442370034350038743e+00 1.285505255185932505e+00 1.608472918542420693e+00 -7.205587048719805932e-01 2.130677142451559369e+00
1.895957702093163944e+00 1.760028864381558700e+00 2.057371265327962107e+00 1.855554253434898770e+00 2.474923318918038184e+00 2.703296558176240816e-01 -2.947104933160465290e+00
2.448425277183819748e+00 1.972592880984776587e+00 3.033177320828122969e+00 2.355344147850656711e+00 -2.953298192635137820e+00 1.313835651724160725e+00 -1.464155957891795756e+00
3.004784382606670246e+00 1.692331496520271594e+00 -2.188042146955403222e+00 2.672125976409118753e+00 -2.115806915698264845e+00 2.212244959623460350e+00 -2.377731075146279072e-01
-2.680745344395846441e+00 1.411692825131239504e+00 -1.255353328755789200e+00 -9.825122399057040212e-02 -1.291585994874406618e+00 3.004986684118691631e+00 6.949290259353777532e-01
-2.066289791578294732e+00 1.588870684022288371e+00 -5.142162458380670209e-01 2.865054330655705805e-01 -4.994858308574755545e-01 -2.581376998996734340e+00 1.498533530284556825e+00
-1.472994804592747231e+00 1.986463351334157856e+00 -1.773420417549346761e-01 7.887168162553395145e-01 1.989306553628370222e-01 -1.987339180221101786e+00 2.230250880208731523e+00
-9.767519991787975142e-01 2.510689717225379702e+00 -6.472895062345429551e-01 1.191882457834313680e+00 7.329078707327013609e-01 -1.504596439722720502e+00 2.898943492571468550e+00
-5.743278431296698905e-01 3.097328462371686353e+00 -4.274681021602539377e-01 1.315116890279307116e+00 1.079673458275637765e+00 -1.031934025995732807e+00 -2.801700405771642810e+00
-1.012804367891980001e-01 -2.724880486656925171e+00 1.017011785962809028e-01 1.407677221002003654e+00 1.466385929084231154e+00 -4.744924461830547502e-01 -2.582302470832068764e+00
4.531682195409590941e-01 1.431766370254156095e+00 6.047151665964052292e-01 1.801514523667737677e+00 1.999541407843497431e+00 1.047967656071390613e-01 -2.860142175383625140e+00
1.058487215836488193e+00 1.910848410457629543e+00 1.005007880148031107e+00 2.356812243117836214e+00 2.591716833524767782e+00 5.365062101172946019e-01 -2.558349464705940157e+00
1.669515620227449704e+00 2.240032818564750894e+00 1.308253823202565558e+00 2.974075722002649247e+00 -3.141173541376017120e+00 5.943329612796123262e-01 -1.913515952872946180e+00
2.284480556156219144e+00 1.168667526147556757e+00 1.592959724136709498e+00 -2.600589767992279366e+00 -2.742640845592409171e+00 1.356523600033497257e+00 -1.225874853834470590e+00
2.870522343718285185e+00 1.156267425071376476e+00 1.868113720752922591e+00 -1.134893570287591524e+00 -2.439030070848317688e+00 2.321364680278797721e+00 -6.454549509219629222e-01
-2.897469319637759444e+00 1.630820877964705984e+00 2.144726583729496205e+00 8.065820872414632969e-01 -1.958767212800855306e+00 3.009346611354627221e+00 -2.304904046209699242e-01
-2.369002325621436533e+00 2.188416042435953557e+00 2.514332734237660016e+00 1.499074947038399275e+00 -1.246749698682360075e+00 -2.738713868962378672e+00 2.512175662748984406e-01
-1.783810914560102878e+00 2.773672230530506599e+00 2.994523947080798720e+00 2.061820907713298290e+00 -3.691279405003351499e-01 -2.234752400907082492e+00 9.590327527397807250e-01
-1.153729578388194676e+00 -2.929832307435097150e+00 -2.749135525622552478e+00 2.624296110004199267e+00 7.062636324901896412e-01 -1.692067155296775427e+00 1.771425879591477459e+00
-5.382941735968492791e-01 -2.399794886979877973e+00 -2.226902156103615749e+00 -3.085662152689992332e+00 2.295235953680761387e+00 -1.134905917536065401e+00 2.602050931784026577e+00
-1.567497687043757984e-02 -1.943972256593201164e+00 -1.786532601488229011e+00 -2.535750616759533393e+00 -2.332099178510107951e+00 -5.880884817751720339e-01 -2.876371859043888701e+00
3.506825534648894682e-01 -1.552552255729714226e+00 -1.485023715644939513e+00 -2.056281051052219588e+00 -1.286515789399198528e+00 -7.909075131410385484e-02 -2.128860479031823516e+00
4.398616194553012226e-01 -1.186029833968764269e+00 -1.222380073465097139e+00 -1.700287226125580142e+00 -4.506657208890783028e-01 2.643060374872944207e-01 -1.390726280938040960e+00
3.827555267288083041e-01 -8.369132522841411514e-01 -7.876552652570681934e-01 -1.468252489864903199e+00 3.866067378341778715e-01 1.606968458748422035e-01 -3.185390554338219382e-01
5.316510738010901127e-01 -4.969811433852663884e-01 -1.659291824572650120e-01 -1.271400610704810363e+00 1.319606711260832954e+00 3.463282048843049216e-02 2.725616701087445026e+00
9.070879986570919984e-01 -1.222224132456475008e-02 5.894905203818711081e-01 -1.024963471717783792e+00 2.323578460663031642e+00 3.826572826278902828e-01 -2.722290679008759984e+00
1.383293380100282910e+00 1.011325655150516978e+00 1.408606780141801185e+00 -7.131522251181692251e-01 -3.048239561283801358e+00 8.909297588671187818e-01 -2.037464772847588090e+00
1.915053684050712413e+00 2.686447583303771758e+00 2.244190377268824754e+00 -3.600123773324993004e-01 -2.316686778533123547e+00 1.440766833728209573e+00 -1.507101702770517360e+00
2.483040341477679380e+00 -2.693864354592904853e+00 3.064220974345289950e+00 2.564423520524538799e-02 -1.696222261661972874e+00 1.975051520432589136e+00 -1.109989816836013166e+00
3.068475331904455317e+00 -2.079536269167161056e+00 -2.429912944167719413e+00 4.284640028540473433e-01 -1.097533811360301259e+00 2.464764105551236373e+00 -7.301389371569683151e-01
-2.628467045135771674e+00 -1.613694264289440072e+00 -1.654267720638326056e+00 8.533940682228690067e-01 -4.781809603862907099e-01 2.884534325952404110e+00 -3.286279992452057486e-01
-2.133175606313147732e+00 -1.439968696499692280e+00 -9.038812416594805832e-01 1.333048024296574763e+00 1.310294635201663116e-01 3.072784248515055161e+00 9.499329065729256172e-02
-2.048526573733675527e+00 -1.684778344911457060e+00 -2.096752892282361669e-01 1.920313090390865396e+00 4.445358114292617402e-01 2.954640409935884282e+00 5.064413802140761423e-01
-2.377041898404398612e+00 -1.643935389029106409e+00 4.152132048593833447e-01 2.558711657004486550e+00 -6.291700616600058860e-01 3.095373552197626221e+00 9.519030133292751827e-01
-2.038331274576657304e+00 -1.327593343825520078e+00 1.005206326564595409e+00 3.040477206525364906e+00 -4.481614444581605849e-01 -2.773297070677787968e+00 1.399720819028038798e+00
-1.543686136355932215e+00 -1.015730713786476391e+00 1.779497332846220692e+00 -2.663210412931416915e+00 -1.060601611199187694e-01 -2.319576730922097152e+00 1.802869904638328746e+00
2.999150819442303995e+00 -8.293310360437382567e-01 2.931681294568873941e+00 -2.029300896796672582e+00 -2.343737519484707377e-01 -1.815388791660578427e+00 2.183473627832646091e+00
-3.020754116650304688e+00 -6.301793516538837236e-01 -1.903645103110946701e+00 -1.416852457889527628e+00 -3.814960334211772719e-01 -1.228053094934859590e+00 2.647051715873720124e+00
-2.414025040222098184e+00 -2.746353321555488614e-01 -6.608752752634207139e-01 -8.101569890894108061e-01 -1.046360846536328881e-02 -5.752362643197456160e-01 -3.062386496423627147e+00
-1.802931432535004097e+00 1.992740571307361763e-01 3.192792452674502734e-01 -1.651746238068867445e-01 5.520405933776976193e-01 1.190391402691965000e-01 -2.517886717262455942e+00
-1.203956566119332550e+00 6.992381296886085451e-01 1.141685900844545687e+00 5.456383354709515299e-01 1.166858133679016474e+00 8.240761499822879532e-01 2.978244287468987839e+00
-6.745813117267742687e-01 1.134636869268841997e+00 1.905348907039776662e+00 1.325494207680070424e+00 1.789903592174835412e+00 1.587365411324301423e+00 2.577932260530257480e+00
-5.513960429997570856e-01 1.130510804330914221e+00 2.641992393439302589e+00 2.232577427996657260e+00 2.370384423298803167e+00 2.379585888574311081e+00 -3.118545797253301721e+00
-1.027559501329035507e+00 3.319186866719670004e-01 -2.965295828594185057e+00 -1.788563873963894491e+00 2.674597883146234256e+00 -3.130329882632732819e+00 -2.506029915538325437e+00
-6.639301414961651382e-01 5.052320831171669413e-01 -2.451037958798711447e+00 1.917641381308974324e-01 1.801756531107326920e+00 -2.417696264129653549e+00 -1.928735340458714198e+00
8.713426738948122641e-02 9.660128361485664783e-01 -2.941812573612020643e+00 1.123425024235501057e+00 1.992592783210527241e+00 -1.902632759788631445e+00 -1.431857488572529258e+00
1.049769230168897893e+00 1.493419124883104132e+00 -3.118508068411836920e+00 1.968707424368794756e+00 2.573170645363032971e+00 -1.815914153434620593e+00 -1.129370400224381843e+00
2.170036411637786600e+00 2.033257405493813064e+00 -2.609108848334435571e+00 2.768063523885298860e+00 -3.089662553105416265e+00 -1.938540693014150662e+00 -1.762734152737972737e+00
-3.077410758512600264e+00 2.540944755414973777e+00 -1.955832167695372048e+00 -2.769687653063987121e+00 -2.506697387276053401e+00 -1.812980392069122759e+00 -2.064510220512788763e+00
-2.253800496162887690e+00 2.961874600889959464e+00 -1.269225655233795491e+00 -2.071433745286227701e+00 -1.998083864744576887e+00 -1.576943624064375271e+00 -1.671589160278646347e+00
-1.566377555975999813e+00 -3.031813064645173306e+00 -5.855018212810831901e-01 -1.383912228776374098e+00 -1.536998390869374065e+00 -1.179598692841752339e+00 -1.142885934765565548e+00
-9.369281384306010763e-01 -2.943808768010798271e+00 1.041965833557573495e-01 -6.590527505632375327e-01 -1.081300202593834969e+00 -6.271046411366821838e-01 -5.593724220169685735e-01
-3.215452014239771894e-01 -2.975044380708617542e+00 9.135088980170924522e-01 1.161209655698314941e-01 -6.867632536985265324e-01 -7.529923356631042621e-04 5.028709664371854016e-02
2.904778638297123017e-01 -2.895496284559464506e+00 2.954039804921742451e+00 9.295209719191989128e-01 -6.480618025329405452e-01 6.823074669768939282e-01 7.014299455007555473e-01
8.524071392084927590e-01 -2.650312896838691312e+00 -2.668660710888131948e+00 1.794152317185940593e+00 -1.046081240417880531e+00 1.439172103003693692e+00 1.470105595306276269e+00
1.207062483421941890e+00 -2.369880976357058966e+00 -2.520778825279681001e+00 2.749350323596346346e+00 -9.367931527910844380e-01 2.426496758069805804e+00 2.658900259072981775e+00
1.999635163259633475e-01 -2.102820914277046871e+00 -2.140399975391662046e+00 -2.508426633803228611e+00 -6.599581559801249719e-01 -2.620791248780417249e+00 -2.094728843063955015e+00
8.606463539076496250e-02 -1.803481699559692508e+00 -1.569696679114569671e+00 -1.541992828045809727e+00 -4.116650902217862118e-01 -1.608908583813057458e+00 -1.074055145007428047e+00
3.916590497476676869e-01 -1.405514392861386019e+00 -9.200284365805541098e-01 -6.942778512320918471e-01 -1.646146306543095073e-01 -8.148034687469333237e-01 -3.039423600202877385e-01
7.304675727641748439e-01 -9.438523246868923966e-01 -2.619577971929136773e-01 5.191973642721750548e-02 1.511624678984742343e-01 -9.177250882916451746e-02 3.626576355295720866e-01
1.137996529435784554e+00 -4.651990468740968554e-01 3.556519100156163016e-01 7.146335739179739965e-01 5.078386257759587297e-01 6.068810326808798949e-01 9.219271317223063367e-01
1.674983530385462771e+00 3.263146645321886308e-02 9.374072296352421452e-01 1.299914942951638563e+00 8.721575853723021465e-01 1.299086691752722178e+00 1.321644494417523630e+00
2.369862790090318860e+00 5.085781995424011326e-01 1.474546662835717781e+00 1.792522984360890304e+00 1.211667858230571326e+00 1.949851847518164982e+00 1.452438489967984081e+00
-2.533069165883513829e+00 8.500594256585590758e-01 1.909828011816687487e+00 1.992765223202256353e+00 1.517243836787677269e+00 2.480301146546121771e+00 1.514876520808932314e+00
-1.382758238478559720e-01 9.022179128057334907e-01 1.935661449299856285e+00 1.517622731676695924e+00 1.811706495943950612e+00 2.638302461307718616e+00 1.819994224030623720e+00
7.409731175332596731e-01 1.053282461732843567e+00 1.609200996767849334e+00 1.540330079837131771e+00 2.165067948944634946e+00 2.252888138430341414e+00 2.235598395832267826e+00
1.462860641410857587e+00 1.468515838599973700e+00 1.841843793748537239e+00 1.882809447057825825e+00 2.655227783763238758e+00 2.413534410089385407e+00 2.549565365461672783e+00
2.144636034340770436e+00 1.975376168082910056e+00 2.311483911067596875e+00 2.289296293501419388e+00 -2.896057030747935634e+00 2.845698554608585340e+00 2.628892038245031149e+00
2.820637625840409779e+00 2.482859765107319205e+00 2.909323510790823519e+00 2.788726764608898012e+00 -1.368284256343116567e+00 -2.897053211606676726e+00 2.821839298591689360e+00
-2.775195628305868301e+00 2.949695185386738139e+00 -2.682943680982796231e+00 -2.833344713173615581e+00 1.228232553739621036e-01 -2.306920339621076010e+00 -3.064719706980989056e+00
-2.043636007910711871e+00 -3.083616404302813585e+00 -1.823903823592020634e+00 -1.671943372395289673e+00 9.006901769623301135e-01 -1.659631085729638134e+00 -2.620321826254180753e+00
-1.226706758400049502e+00 1.499686883556418326e+00 -3.530956210644972670e-01 6.264566683157739568e-01 1.507868191091172649e+00 -9.521576671683256166e-01 -2.280098004339607520e+00
-2.649124821103508998e-01 1.903602332926403795e+00 1.441390963752272825e+00 1.409221488126135569e+00 2.046598820965584764e+00 -1.678008991557256302e-01 -2.021804440779984446e+00
7.639874648943904001e-01 2.462839847180672948e+00 2.239605606354556411e+00 1.937068595852482034e+00 2.543952228891820155e+00 6.686049108347376091e-01 -1.688002538017960186e+00
1.639923755430038765e+00 3.016711795296588949e+00 2.690792345435802257e+00 2.429588321817166996e+00 3.003080127980009006e+00 1.408143785437049100e+00 -1.178638379806708603e+00
2.357829516092438293e+00 -2.782475708677506709e+00 2.989862305245545748e+00 2.903586521983048119e+00 -2.892183003074581649e+00 2.021580258513487660e+00 -5.022710240551410132e-01
2.992322552840177341e+00 -2.387422580857328835e+00 -2.898126621318432683e+00 -3.001382412193728033e+00 -2.625846618966641177e+00 2.546001464480753373e+00 2.833436553747537001e-01
-2.690987870997932241e+00 -2.127207588815575257e+00 -2.409190201346655513e+00 -2.806368090549722361e+00 -2.551196707851815404e+00 3.025983655398480465e+00 1.124791700278690021e+00
-2.059547745475600600e+00 -2.138378510199259619e+00 -1.864841120315991585e+00 -2.771963474311020637e+00 -2.656337087154096110e+00 -2.764775137239276592e+00 1.911114436473667855e+00
-1.362940711939241600e+00 -2.491957992887284590e+00 -1.336890216537573117e+00 -2.683401245910613575e+00 -2.758421617716802388e+00 -2.257263841534912885e+00 2.619379241484073084e+00
-5.603798666710751997e-01 -2.493583431996409416e+00 -9.279982203495150683e-01 -2.497040208222475410e+00 -2.699402822986842754e+00 -1.727814852831905501e+00 -3.008733641097898204e+00
4.055748647005258389e-01 -2.374768292252360524e+00 -9.270074310288349828e-01 -2.259351926670742472e+00 -2.515645740419960585e+00 -1.193018459602345649e+00 -2.473537909057533124e+00
1.504698457966255454e+00 -2.339271182755795042e+00 -1.227835362929355911e+00 -1.983118810469143511e+00 -2.217053813161998566e+00 -6.755174119038316327e-01 -2.234475852758780690e+00
2.559072623737070895e+00 -2.276139123521123242e+00 -1.119815508326844178e+00 -1.720984548246385915e+00 -1.836490304671723583e+00 -2.124607629632024597e-01 -2.864242580508937319e+00
-2.819756064972080978e+00 -2.088572136456817940e+00 -1.107179058606009292e+00 -1.592005320079123099e+00 -1.451214821058275373e+00 1.176342771912309432e-01 -2.763359084949187139e+00
-2.041861489844421840e+00 -1.791822003258329410e+00 -1.126189563337489430e+00 -1.483955915462419561e+00 -1.194269132105457709e+00 3.676208551960307713e-01 -2.241031449774288919e+00
-1.327729280619343477e+00 -1.379197758976944854e+00 -8.077601032294491334e-01 -1.185843477434292081e+00 -1.170957685260478831e+00 7.180485925773935074e-01 -1.614874983791583896e+00
-6.371630819901628051e-01 -8.953826208986194191e-01 -2.823192829591243402e-01 -7.792727448396353784e-01 -1.135011997045789922e+00 1.256808005639022507e+00 -1.013739229685770571e+00
5.428626232000643287e-02 -4.205594280118640227e-01 2.950934539790420197e-01 -4.135838585795016953e-01 -9.559807728309001051e-01 1.937833645139709571e+00 -5.889142011753502048e-01
7.926605829626808264e-01 -6.399008215577209335e-02 8.580545081884096703e-01 -3.300775141491545939e-01 -7.951319456762087068e-01 2.728632866431025761e+00 -3.018198283783167235e-01
1.617925440319398112e+00 -4.779693143339087263e-02 1.263135204247645582e+00 -5.500636121493293063e-01 -6.741777980717199581e-01 -2.685992524960697736e+00 3.128915140613581780e-01
2.554976874803365661e+00 -2.742672173898156873e-01 1.340483424631849330e+00 -4.292062910941056852e-01 -4.390309290842744905e-01 -1.830063445357346774e+00 1.262895611154577491e+00
-2.782537387689098196e+00 -2.638679629746561450e-01 1.409809243307174498e+00 -1.127400594170555465e-01 -9.285707156858068190e-02 -1.061694521512216216e+00 2.207407445371177168e+00
-1.931091434102552240e+00 -1.068059938187494590e-01 1.783481364835061367e+00 1.455622181518928526e-01 2.942320257407072259e-01 -5.958118052585419377e-01 2.983961941198964851e+00
-1.164386063281853234e+00 1.442346680309081197e-01 2.226555624238776065e+00 3.023943528394385516e-01 6.759796148403462990e-01 -1.501921267782919678e+00 -2.737515309912875061e+00
-4.737428140328682202e-01 5.309332676006603968e-01 2.484844609433549234e+00 4.098290500167869332e-01 1.055089832745450318e+00 -1.304991125331958157e+00 -2.417968736847833977e+00
1.372193310160765289e-01 9.978216861415364347e-01 2.596954567097408351e+00 3.962696231469782226e-01 1.441079928410384126e+00 -6.640983585435921155e-01 -2.134179322051537486e+00
6.818316773358157334e-01 1.468708831050095753e+00 2.736399716823461947e+00 3.411939758956662461e-01 1.821301994190534623e+00 2.624311315975314529e-01 -1.785862866711129371e+00
1.150196685254822215e+00 1.860092550964360880e+00 2.418619375376052538e+00 5.527431683853885058e-01 1.902321298882726053e+00 1.913876286269642124e+00 -1.474039588372167975e+00
1.558412111872322203e+00 2.123032489305257453e+00 2.163216146776690163e+00 9.548720762187967726e-01 6.240158288287396271e-01 -2.841220414169205455e+00 -1.300491045676320789e+00
2.001666432044737931e+00 2.349643628134899132e+00 2.657813599295900886e+00 1.433505718867794432e+00 8.884797282998175838e-01 -1.901332927787554583e+00 -1.106857090268633881e+00
2.654284719464629738e+00 2.667268072780617505e+00 -2.976918741732589080e+00 1.913789205625831435e+00 1.416582307379949501e+00 -1.085701746157701431e+00 -7.303568990610366241e-01
-2.658564540132536624e+00 3.066528639816950452e+00 -2.273765482037673813e+00 2.343521793713491785e+00 1.988394022011148232e+00 -2.802787268566203083e-01 -2.949776274009224819e-01
-1.506522687138007299e+00 -2.840043841996972684e+00 -1.604836766838562356e+00 2.730932816635478488e+00 2.564443029438726374e+00 5.687088996371252314e-01 1.063521184233757588e-03
-5.359915021547035918e-01 -2.570014928620553363e+00 -1.123197854316078548e+00 -3.113003142826261893e+00 -3.131977589148774666e+00 1.525834440471589115e+00 -5.137621914370409798e-02
1.058729133978548453e-01 -2.345975889778647350e+00 -1.234750433098368960e+00 -2.536313604048336945e+00 -2.486912771742500361e+00 2.848238955130767192e+00 4.817787470217938656e-02
3.926205512785169160e-01 -1.895939035225556069e+00 -1.137015251046485265e+00 -1.823667078964941179e+00 -1.639230420636093477e+00 -1.874791848355441104e+00 4.399011116969545609e-01
4.973274030698504600e-01 -1.082844065482367890e+00 -5.324728820168845855e-01 1.133128073502955191e+00 -4.295396193726215839e-01 -8.894163525054843422e-01 9.542589263137781774e-01
6.851750786216069811e-01 4.288553884305067454e-01 1.915477373948786255e-01 2.437816193821469746e+00 8.313663289903534537e-01 -2.220656817442784314e-01 1.516284008070110101e+00
1.068190759259977973e+00 1.858959189018409175e+00 9.565271869888127831e-01 -3.090077946627225902e+00 1.814511048611854083e+00 3.149622267723047875e-01 2.179810866870556918e+00
1.560245093744297540e+00 2.731669307775419053e+00 1.699051595334692077e+00 -2.273289672353853152e+00 2.641558595835092227e+00 7.288503320698860311e-01 3.048659702237058955e+00
2.067359960821009590e+00 -2.890321223526103100e+00 2.380237814448415534e+00 -1.336787701600443690e+00 -2.906367771768674668e+00 1.000383859379125218e+00 -2.072408616869375830e+00
2.475833102753950410e+00 -2.402115003085373068e+00 2.974718320204327249e+00 -3.265611319857145145e-01 -2.277123227617917411e+00 1.211312911438679807e+00 -7.147047113796709539e-01
2.643703311408600154e+00 -2.199642900793174149e+00 -2.805681327882471710e+00 6.791326499063302657e-01 -1.819279207218957195e+00 1.558391542199545787e+00 -3.873520103056745656e-01
2.732099857212390237e+00 -2.077157159624936078e+00 -2.303182399921532397e+00 -1.560216024793295686e+00 -1.419031178560736794e+00 2.034724592811840704e+00 -1.006909572876140357e+00
2.983611222748676184e+00 -1.784326876103753179e+00 -1.807297371023564692e+00 -7.025347889041366756e-01 -8.604097871155522714e-01 2.560464270808291865e+00 -3.094217935577425749e-01
-2.956709053635177664e+00 -1.545131117508172780e+00 -1.370599452794332374e+00 6.386008148780986104e-02 -1.478600031020458339e-01 3.100616792784792963e+00 3.561295795458038760e-01
-3.072196206900063675e+00 -1.685412425854331930e+00 -1.104683487937633268e+00 7.463544755668131137e-01 6.573406702470203644e-01 -2.672848252102202782e+00 9.697344227352049373e-01
1.643683717942339362e+00 -1.615177422261979689e+00 -1.276052564586019455e+00 1.372832322825288776e+00 1.498532409436264867e+00 1.075859629729924105e+00 1.512851642839537991e+00
1.971831512143001452e+00 -1.268953921311241517e+00 -2.197416168379098256e+00 1.952297352094375160e+00 2.349265578067624372e+00 1.574231445127936224e+00 1.991156690637044369e+00
2.458095797624202827e+00 -1.258964257832904998e+00 -2.101631037108004030e+00 2.494278642881230024e+00 -3.093666029307514886e+00 2.048120004980887199e+00 2.430338490391771966e+00
2.939114383579901180e+00 -1.895061844839054155e+00 -1.660300130402087015e+00 3.044561028591657337e+00 -2.283382585839758505e+00 2.446395580105324097e+00 2.898398454038358718e+00
-2.914509291021803783e+00 -1.638486375663026351e+00 -1.141037216291180600e+00 -2.592453646477252516e+00 -1.470682570395796196e+00 2.769161517917371640e+00 -2.813312372834962716e+00
-2.578521414216712326e+00 -1.091422061138114907e+00 -5.818602820378416807e-01 -1.642091342536533771e+00 -6.150782263932742522e-01 2.999357941168069086e+00 -2.147105393278149865e+00
-2.321439477642817550e+00 -4.312176181450724788e-01 2.660297080263753985e-02 -6.352054084237000742e-02 2.948787987387284093e-01 3.115378843015674803e+00 -1.129731913926632858e+00
-2.166582763211581941e+00 3.533620347412450569e-01 7.255416926493799545e-01 1.240835060283489666e+00 1.230340442284198144e+00 -3.131457175454823716e+00 1.429146328043676473e+00
-2.063762175517001918e+00 1.287574492016078098e+00 1.488027781760770329e+00 2.126668113300288265e+00 2.120638348041390842e+00 -2.950540053510986471e+00 2.418264845012500608e+00
-1.985746302558526244e+00 2.404176414305697396e+00 2.293970540505311462e+00 2.869678957691655707e+00 2.927882595699041524e+00 -2.621265617846864071e+00 -3.140647407614315600e+00
-2.035554954518249637e+00 -2.768404106654914543e+00 3.108144280716602204e+00 -2.748449779199162890e+00 -2.649788510711461154e+00 -2.224819393137347223e+00 -2.467498670689625140e+00
-2.109199826605889783e+00 -1.917704313440668606e+00 -2.592739218491879161e+00 -2.127946179215551403e+00 -2.063312660605421289e+00 -1.819633262351820546e+00 -1.840077294672138430e+00
-1.864897224778333973e+00 -1.286469423268848500e+00 -3.119153913852839022e+00 -1.548604535951305428e+00 -1.543758267296909237e+00 -1.408725657959885691e+00 -1.251416825352897666e+00
-1.416258309895648049e+00 -7.706868947831527761e-01 -2.901684782920463945e+00 -1.031261213529171217e+00 -1.012331303053656484e+00 -9.839416437464403309e-01 -7.485946553165733208e-01
-8.898674648495860096e-01 -3.162711471637799088e-01 -2.154722847962498911e+00 -5.873712488902804729e-01 -4.344832862659399608e-01 -5.486621325106643132e-01 -5.535090310927807122e-01
-3.376340905584706564e-01 6.051271312085221288e-02 -1.488307481858115233e+00 -1.616199514910897639e-01 1.799398404073982438e-01 -1.042279403804905608e-01 -7.171792200908254644e-01
2.165392574711136331e-01 1.578987434395634770e-01 -9.640244460893608869e-01 3.008725915400824458e-01 7.895972129308627130e-01 3.391022549835632227e-01 -5.088409806769897958e-01
7.914616236469536048e-01 8.751940431575080948e-02 -4.319604716299343949e-01 7.334102002563408496e-01 1.349847966051420878e+00 9.694663953640029197e-01 6.892872364792640427e-02
1.387010463739103194e+00 3.113047584730527229e-01 1.885563583319734837e-01 1.228448945812979254e+00 1.762383591553158269e+00 -2.740174563722694412e+00 8.591744999073702704e-01
2.019145027315700336e+00 7.436568358843336224e-01 9.539973056927173456e-01 1.859361989825920158e+00 1.898936937956610560e+00 -1.971041323126210942e+00 1.786417387695967918e+00
-9.489174324382260162e-01 1.191293207968396883e+00 1.747899898469227109e+00 2.532913090407301393e+00 1.972919897101137465e+00 -1.455832253311474478e+00 2.682019892087875057e+00
-3.164991474561071327e-02 1.613386000702881962e+00 2.536900074906179636e+00 -3.131575536351940858e+00 2.274571801565834051e+00 -9.833729205915848759e-01 -2.819423567466067482e+00
5.496674301605041224e-01 2.049599595039792277e+00 -2.948266195853189942e+00 -2.614923692678244649e+00 2.712404646494037230e+00 -5.504535021496500535e-01 -2.136136676640429943e+00
1.135143161855527660e+00 2.580260131750043762e+00 -2.169204521699955812e+00 -2.147252526702744024e+00 -3.093117941553834793e+00 -1.457573316610004388e-01 -1.538454061992408306e+00
1.740058411841987285e+00 -2.597099521146877699e+00 -1.346271005300130330e+00 -1.674238812907586915e+00 -2.598127302145367246e+00 2.127955618390855730e-01 -9.770820866806458893e-01
2.411663908445844662e+00 -4.162051144082726251e-01 -5.227542796224565746e-01 -1.228578801127593767e+00 -2.138353735157623614e+00 5.121655405941579753e-01 -4.080743039027728281e-01
-3.088033985288979988e+00 3.804749356100400187e-02 1.675674302544033212e-01 -9.497818039163407056e-01 -1.796190252711453272e+00 6.314824717584993641e-01 4.361708137608338171e-02
-2.310944067736635521e+00 3.116357766930769602e-01 6.239732883382017592e-01 -8.454073115856748366e-01 -1.629419598700232230e+00 5.926495763226861113e-01 -2.010279956292374326e+00
-1.636310213561758875e+00 7.051021725776278615e-01 8.869100541103908109e-01 -5.728519727099180558e-01 -1.432452134885718209e+00 7.190278321277598916e-01 -1.458863120661517021e+00
-1.099133287388193159e+00 1.274689067547661647e+00 1.406288830210257190e+00 -1.191587658104108216e-01 -1.017945451216792696e+00 1.159820401213005336e+00 -8.000123158581051719e-01
-6.767310824737557962e-01 1.940309092226092158e+00 2.102894061042796636e+00 4.052212080456637500e-01 -3.977449748947334274e-01 1.843100078159175759e+00 -1.005650767647140870e-01
-3.311214014011120699e-01 2.662192212188051688e+00 2.852330236890634474e+00 9.522382282418142552e-01 4.016396631577881515e-01 2.842955707249774644e+00 6.490041125956349521e-01
-2.997667501833076523e-02 -2.841494499369470628e+00 -2.677551586212265633e+00 1.502130752078954190e+00 1.315927528562655047e+00 -2.000925258667281881e+00 1.410159034642717524e+00
3.113081961424256083e-01 -1.974153224553143238e+00 -1.977089943634470881e+00 1.999430354421995126e+00 2.235672922512530914e+00 -7.955145852866122302e-01 2.119110949704348101e+00
6.787716003100453532e-01 -8.259046107495159328e-01 -1.349700002967376689e+00 2.353796647980419987e+00 2.969006658685109379e+00 4.364211567922626073e-02 2.596203925215981645e+00
1.099578775520381857e+00 6.797575201184803406e-01 -8.337559178286787498e-01 2.587088019035318265e+00 -2.865697797413989889e+00 7.574837576527098104e-01 2.526139401945017404e+00
1.565583360447246886e+00 1.704965946218783612e+00 -4.571063326635259605e-01 2.895193346756077091e+00 -2.408196924512949977e+00 1.419970861334824086e+00 2.639222006108223884e+00
2.039572013808988782e+00 2.168279533502230016e+00 -7.019553111097140375e-04 -3.002000446329590400e+00 -1.835095881858632705e+00 2.043386857618781249e+00 2.972912323871296447e+00
2.397605263547589516e+00 2.377529081103643360e+00 7.515285982960205891e-01 -2.715365318333350153e+00 -1.239313003293245341e+00 1.633950494178238344e+00 -3.085203840262002117e+00
2.296445827502786141e+00 2.839370754776777250e+00 2.009141082090044161e+00 -2.476953244513297570e+00 -7.515915397215778837e-01 5.906155881986474565e-01 -2.945509719265519077e+00
2.029838968567914570e+00 -2.710034298641046391e+00 -2.884106360677161973e+00 -2.020335687260382151e+00 -5.166577516618814370e-01 1.141777153113976873e+00 -2.628501973592672680e+00
2.132531087609603748e+00 -1.754276582889998881e+00 -1.907581793482471921e+00 -1.369924236494268754e+00 -4.095796896364091166e-01 1.700804049687076658e+00 -2.292389694440373660e+00
2.328629790480654993e+00 6.529829228222722159e-02 -1.215291163794492313e+00 -7.025805385732158959e-01 -3.451292670153313091e-01 2.226779733198030797e+00 -2.046398716833614628e+00
2.553444912629083241e+00 1.460181981148211960e+00 -8.257157552036908932e-01 -3.465310822488616438e-01 -3.732734895779366013e-01 2.730180286310203375e+00 -1.794046720534445472e+00
2.902156544468124988e+00 2.028885379864512117e+00 -7.243355841571653686e-01 -2.563786596097210602e-01 -1.236215196082162127e-01 -3.051347051369474261e+00 -1.379705826638895294e+00
-3.030361888457736796e+00 2.302426577723846624e+00 -5.186680831366476951e-01 3.206709992768478346e-01 4.548772509359172989e-01 3.137086184512278386e+00 -8.430605134274962165e-01
-3.091836245719145726e+00 2.551168268975997577e+00 -2.829377177248303954e-01 1.120305515619705705e+00 1.137071695889704692e+00 1.739589513330425108e+00 -2.590866970022956961e-01
2.119101651262401909e+00 2.760617443286351946e+00 -2.435365666045772454e-03 1.923394305079979105e+00 1.826248896691437196e+00 2.192226311663552529e+00 3.478337932902704766e-01
2.404332183280388779e+00 2.875920228276588553e+00 3.101003915695085822e-01 2.614187324301632476e+00 2.434526556157457389e+00 2.721268973225904997e+00 9.259484782531832714e-01
2.851148127776828023e+00 2.599565820398375138e+00 7.467698438004106709e-01 2.944619758028762302e+00 2.827724429075619383e+00 -3.129650810178868259e+00 1.469872455889262852e+00
-2.941170758323900625e+00 2.380928861461822699e+00 1.224520015200389222e+00 2.521106722920056331e+00 2.915524858980757639e+00 -3.111763086379522480e+00 1.838404619097275816e+00
-2.435276131770301333e+00 2.599304807735557166e+00 1.745585293066265198e+00 2.628439320800941559e+00 3.005615997423026098e+00 2.555974739755653147e+00 1.922753634773493037e+00
-1.808456554395224014e+00 3.045321342423142674e+00 2.320623964272503059e+00 3.103272253048786400e+00 -2.922768273777001546e+00 2.840502916377912079e+00 2.389806116898626875e+00
-1.046011613309855814e+00 -2.713418075026581722e+00 2.946551021025407113e+00 -2.510152849024831045e+00 -2.440311261055775116e+00 -2.900456952321905479e+00 3.083994155695978900e+00
-2.096500528645342809e-01 -2.133582065708931719e+00 -2.656192232748177950e+00 -1.652046253592048375e+00 -1.874760814074104109e+00 -2.296273722734496037e+00 -2.442065458352586482e+00
5.978668446538280001e-01 -1.522560483511824048e+00 -1.952096709171236011e+00 -4.329965354637992925e-01 -1.225581922492629205e+00 -1.705195042146404161e+00 -1.710797388374112771e+00
1.211080903376034579e+00 -8.594154498039962009e-01 -1.191544451535741178e+00 9.527047206422109005e-01 -4.511118813674392380e-01 -1.161445132919535439e+00 -8.672818116407720046e-01
1.667932737370278806e+00 -6.005234765277200903e-02 -2.984658747136333945e-01 1.887262951149008217e+00 5.151818487613731845e-01 -8.134605526508374984e-01 8.692388001814818077e-01
2.153400522387116212e+00 1.046159037582781615e+00 8.151326482196193934e-01 2.599792836544642771e+00 1.647682588968986783e+00 -2.168141925939960135e+00 2.321586086522096082e+00
2.771173411443348833e+00 2.345365143946709363e+00 2.011320786683750583e+00 -3.015265787532757980e+00 2.731061923800959246e+00 -2.160127741006743207e+00 3.087610701589197593e+00
-2.694036800901344453e+00 -2.989973882518311754e+00 2.947951274055277793e+00 -2.353233641776183660e+00 -2.635633948784879443e+00 -1.728394857379739635e+00 -2.535881392039077031e+00
-1.358242530660471070e+00 -2.295939770803728575e+00 -2.657699574675103982e+00 -1.699513436566766789e+00 -1.854468065837002744e+00 -1.243291617391216963e+00 -1.942709124477663307e+00
7.066913569363838521e-01 -1.708918353604176765e+00 -2.132016987434770527e+00 -1.099665751582886486e+00 -1.182884346751558624e+00 -7.466549452197576153e-01 -1.404059869324742138e+00
1.767202750344190720e+00 -1.186538777465335537e+00 -1.724631166628110002e+00 -6.881478598888141063e-01 -6.761533004348907472e-01 -2.892799294284139067e-01 -9.427795080467166189e-01
2.558733266945931284e+00 -6.893511505114601201e-01 -1.341966511247250526e+00 -8.097819157066966644e-01 -4.687336958620870186e-01 -1.797844756667953126e-01 -5.936141234666801880e-01
-3.026757709365154536e+00 -1.832174971843860412e-01 -1.056367108094123708e+00 -9.004382983843537414e-01 -3.686265211266049890e-01 -7.988484202066213902e-01 -3.152915843892882264e-01
-2.356145072498399440e+00 2.491943987036736585e-01 -1.285532264431169303e+00 -5.371043436896140166e-01 -5.938013984935274631e-02 -7.428752973574814789e-01 -5.501278397463654768e-02
-1.703667469340692131e+00 -9.142205742087060605e-01 -1.418451069229461181e+00 -1.081679480262698473e-01 3.681690869603902461e-01 -3.406751788129396830e-01 2.291251961229283929e-01
-1.016152435851498836e+00 -1.360288665719400880e+00 -1.026808159837827139e+00 2.556459809931909688e-01 7.731280758910771267e-01 8.034741551002573534e-02 4.823200021492834444e-01
1.345045141845994663e-01 -8.785718121358819799e-01 -4.338217159892488461e-01 5.635654851534441789e-01 1.157108108903017740e+00 4.980756812602037953e-01 8.736024419808240404e-01
2.685772758807586591e+00 -3.718216979865348604e-01 2.739145733571658470e-01 8.894113776794769777e-01 1.568544574090444677e+00 9.055753903826798679e-01 1.396601843508658680e+00
-2.802554058599945996e+00 5.119322134506000543e-02 1.217496663220107855e+00 1.177745546933228082e+00 2.096631600064807976e+00 1.427998712242556145e+00 1.919984720999272643e+00
-2.110505973955960624e+00 -1.812692361697512966e-01 2.423464291518909075e+00 1.319003351027988602e+00 2.859240803717981727e+00 2.079778684106690090e+00 2.117831294324560965e+00
-1.442576046139486090e+00 -5.967001835862821846e-01 -2.691221015192561516e+00 1.331153394998307204e+00 -2.155337468569578085e+00 2.794936900104836752e+00 1.860131091273760529e+00
-7.984193937239754124e-01 -2.760676951118691269e-01 -1.755331339579533134e+00 1.458436576161200371e+00 -3.828437757295770072e-01 -2.764643493947737340e+00 2.074264670102553776e+00
-1.834892720409782019e-01 1.689519503847251303e-01 -1.018858814087403086e+00 1.753447496802773120e+00 7.660419773915290165e-01 -2.135713189626549990e+00 2.538485670339296174e+00
3.691162204576564076e-01 4.923254266992291295e-01 -4.183411586683812300e-01 2.099573334029711358e+00 1.554524314502240934e+00 -1.570460027891042776e+00 3.110184938342022587e+00
8.390763770264991761e-01 5.830262271200926660e-01 1.181375279218219304e-01 2.217586662533947095e+00 1.588007990866150854e+00 -1.050162484949851205e+00 -2.607225044803789249e+00
6.859928115784202918e-01 5.819696691887736861e-01 5.745611278918090203e-01 1.406009335986526887e+00 8.491906395666922736e-01 -5.747408446409039140e-01 -2.089476658829144018e+00
-2.200889401966830139e-01 8.262837870514561089e-01 1.016921057481838364e+00 1.419418464143586966e+00 1.382285806145869600e+00 -4.856451618316101615e-02 -1.802077697920356325e+00
2.532835454919747653e-02 1.236878459893724358e+00 1.492346620578741012e+00 1.866715364166164681e+00 2.030880325601512659e+00 5.422975078022810314e-01 -2.176244108486864004e+00
4.851377231799893219e-01 1.729252129221005907e+00 2.058159178007742174e+00 2.403838492348382427e+00 2.669585722962140029e+00 1.280182691529452521e+00 -2.418877720837500522e+00
8.798499508788446555e-01 2.246150895657838653e+00 2.690864791711834236e+00 2.925252799968703687e+00 -3.015425117139984401e+00 2.043629377239975842e+00 -2.117135615841898577e+00
1.055231583921275806e+00 2.732174105900687433e+00 -2.983758089225989618e+00 -2.923759857556424535e+00 -2.512305827296057448e+00 2.711094382859100094e+00 -1.760777634621899512e+00
7.422667543250945910e-01 -3.135246441045485000e+00 -2.427237471424695592e+00 -2.655669170953719238e+00 -2.105870264485238952e+00 -3.066000993256033702e+00 -1.504011032384382718e+00
6.751130232026588684e-01 -2.913058885671451215e+00 -2.035810655034461014e+00 -2.445111791662908374e+00 -1.746298118650653208e+00 -2.810780033956991719e+00 -1.411252215531804133e+00
6.516736179150562913e-01 -2.942300236125341861e+00 -1.751127530336548999e+00 -2.153197797886898801e+00 -1.324491186799725773e+00 -2.515012432318592506e+00 -1.333959111587052826e+00
5.179009764144323347e-01 3.127997398084982006e+00 -1.509994979639317725e+00 -1.821884672054530752e+00 -8.056059187629216467e-01 -2.171221007822718541e+00 -1.145369914726097837e+00
4.711635072363002386e-01 -3.096561447544137646e+00 -1.334730903026684956e+00 -1.718887513336173845e+00 -1.514595495942410996e-01 -1.788779567482505328e+00 -9.899469719128362044e-01
7.254478673112743081e-01 -2.943959569009543920e+00 -2.074080480522517700e+00 -2.028607487002052956e+00 2.801866070582745838e+00 -1.427928474246739965e+00 -9.712397808120841747e-01
1.068602880244327924e+00 -2.713152607220553403e+00 -2.858279263080146571e+00 -2.102791770754187439e+00 -2.749231190010588133e+00 -1.046357262837123381e+00 -1.053466309531732925e+00
1.471688919922997218e+00 -2.505907443942868351e+00 -2.514166488464237847e+00 -1.921358679023587257e+00 -2.345777950083892005e+00 -5.707411201170444759e-01 -1.142733943215570314e+00
1.871644009515274432e+00 -2.173682001938677999e+00 -1.936386373893736357e+00 -1.663104991855784753e+00 -1.991261194512834010e+00 -5.307633651715830403e-02 -1.474259604320873551e+00
2.208816569859983314e+00 -1.878951024917613122e+00 -1.345645661958349004e+00 -1.333133518937101414e+00 -1.647815983721214739e+00 5.996851192501937433e-01 -1.549940716241188454e+00
2.434444977836496715e+00 -1.710944376661165833e+00 -7.717143181291608034e-01 -9.576907105547555199e-01 -1.281927753193055741e+00 1.318413455983986626e+00 -1.302783038574590213e+00
2.116014179091344261e+00 -2.108512881302965880e+00 -1.268513930323409422e-01 -6.319153126166360268e-01 -8.994847380526943548e-01 2.258997241637096476e+00 -9.437658799518354735e-01
1.348261477051674984e+00 -2.719821892739681779e+00 6.124355833448227315e-01 -4.639829452481570304e-01 -5.587087922812447038e-01 -2.866403789575021399e+00 -6.839199279689047728e-01
1.326869933336635166e+00 3.067787709415212838e+00 2.647846334662572243e+00 -5.516504708547449454e-01 -3.340941995774042161e-01 -2.353858845059574101e+00 -7.624271505790786163e-01
1.615930472237569360e+00 -2.793568672686488785e+00 -2.628748322763291512e+00 -5.158576465222451946e-01 -3.952712660541601308e-01 3.028914826938138294e+00 -1.262610698965022538e+00
2.011909132624680296e+00 -2.338578758360421173e+00 -2.210209609207349768e+00 -3.265361161246784216e-01 -4.477797066287937389e-01 2.703560444988995393e+00 -1.199238841400101618e+00
2.452222134933297326e+00 -1.722010730677079993e+00 -1.803745608634852227e+00 -1.479829226453676511e-02 -2.704249822438232753e-01 -3.055287074431606964e+00 -9.288551188778394474e-01
2.780525741722495336e+00 -1.127402133514591620e+00 -1.470434072501335399e+00 2.796791253514059328e-01 7.952765908869230405e-02 -2.808910201525585126e+00 -6.117764010934438890e-01
3.067990338472481149e+00 -2.369923180214430047e+00 -1.146738327826813730e+00 5.488901383483539842e-01 4.096491017900867337e-01 -2.573073639817780478e+00 -5.074577984122103924e-01
3.005088827384906125e+00 2.971120291889691956e+00 -7.820754667980336361e-01 6.489386683771958264e-01 6.747081671319699048e-01 -2.497067898973037714e+00 -5.726589565737053578e-01
3.140943714366575712e+00 -2.660516926037252095e+00 -9.464792332968806621e-01 6.806872367661704892e-01 6.663849993449447728e-01 -2.216205457962805436e+00 -6.800226556207672468e-01
3.103094039637965373e+00 -2.417519636670080185e+00 -1.751347315517811865e+00 7.687907906908312272e-01 6.868194955055106909e-01 -1.973050899889538412e+00 -4.321232626968598001e-01
-2.508112421014000226e+00 -1.900192673495393780e+00 -1.770897819813226803e+00 1.102730487498988499e+00 8.599770561645726508e-01 -1.739505061969575772e+00 -3.535567028359111741e-01
-2.754605569493729256e+00 -1.482818362001947721e+00 -1.604630811528992007e+00 1.492046696125947536e+00 1.291584489400467994e+00 -1.647402199895183772e+00 -1.347148357070532487e+00
