-1.531658384677183626e+00 -1.567482153396231981e+00 -1.554564972610261497e+00 -1.503634584098152871e+00 -1.437090191666083205e+00 -1.446351278486210923e+00 -1.520924787007703394e+00
-2.459397701302975303e+00 -1.675175476417305465e+00 -1.566651702643877764e+00 -1.439943589704418603e+00 -1.333420512528144863e+00 -6.784574505695959434e-01 -1.347341498970770379e+00
-2.643778979489644243e+00 -1.834709567837577326e+00 -1.622543710800298467e+00 -2.824767746123237000e+00 -1.891616584872867879e+00 1.933581188501276138e+00 -1.531274181039411708e+00
-2.562891375169500385e+00 -1.897030661152545816e+00 -1.681004582682225301e+00 -3.126824668977229660e+00 -2.554538391588143664e+00 2.586600941650710972e+00 -2.979959213625660741e+00
-2.441823901554073917e+00 -1.858937745140575970e+00 -1.689457919238231298e+00 -2.957205680023705430e+00 -2.391617246633623406e+00 3.084557161844291961e+00 -2.909349314462176039e+00
-2.305926789539146871e+00 -1.739374733543677998e+00 -1.650196889990749538e+00 -2.695384151943394535e+00 -2.058547457578121076e+00 -2.772157894666293476e+00 -2.598069556634014621e+00
-2.195395797246423975e+00 -1.635276332614167716e+00 -1.658010453333280898e+00 -2.644424774427768021e+00 -1.768593154570438974e+00 -2.479922127115953945e+00 -2.389486566857018879e+00
-2.132322140528290610e+00 -1.549613323429098077e+00 -1.705609724476489175e+00 -2.601099913313649203e+00 -1.566076779104662808e+00 -2.286474370897099817e+00 -2.154293544989121845e+00
-2.129578243951538052e+00 -1.523012917326083793e+00 -1.797949800339295967e+00 -2.601865519602890586e+00 -1.511492167144506515e+00 -2.232768856110077138e+00 -1.953124176319741778e+00
-2.092185170859003129e+00 -1.674908317432097116e+00 -1.891493617528440696e+00 -2.562907836078818669e+00 -1.696789242478763171e+00 -2.979305967496905794e+00 -1.801299013320296183e+00
-1.961890806096391326e+00 -1.982147852226129103e+00 -1.994346023142925750e+00 -2.550191776434871382e+00 -2.506834654710075938e+00 2.825782747141666107e+00 -2.097089725028994600e+00
-1.746456518494110766e+00 -1.994149364373211109e+00 -1.881300882709159517e+00 -2.376606915737998982e+00 -2.669257164310819608e+00 -3.136267423766187612e+00 -2.563132348669555416e+00
-1.509835691539017866e+00 -1.839386888462767100e+00 -1.633291856793431363e+00 -2.065788060467625975e+00 -2.300110753118357998e+00 -2.663211764374960655e+00 -2.428888159436678684e+00
-1.338677030421281389e+00 -1.889243772677915878e+00 -1.446365916553276953e+00 -1.637942937810404231e+00 -1.587752939906451610e+00 -2.153887213022258607e+00 -2.022591096128481869e+00
-1.486126527888569804e+00 -2.982894960578573507e+00 -3.036219172751311923e+00 -1.173918490221175448e+00 -2.279332238362764551e-01 -1.729221144034474467e+00 -1.602877149483161956e+00
-2.687229790370211369e+00 -2.993842079622725638e+00 -3.053058197938904428e+00 -8.553799850500293234e-01 1.368010474595378945e+00 -2.160099739527903573e+00 -1.469534195269292853e+00
-2.905426690696502501e+00 -2.769684488640984377e+00 -2.825853075027724870e+00 -2.547614607321646574e+00 2.251521798837062160e+00 -2.981695575489521577e+00 -2.590397947448729088e+00
-2.687485156451314250e+00 -2.487964319447013573e+00 -2.573970426453013438e+00 -2.405072087875319120e+00 2.899685928576944072e+00 -2.653135344157243392e+00 -2.473455978356292384e+00
-2.391584804327175018e+00 -2.247144272580400060e+00 -2.395776283639990734e+00 -2.032358763149934244e+00 -2.851903520795195490e+00 -2.252224653692282530e+00 -2.098303659985382819e+00
-2.085088278207686052e+00 -2.029248978257889746e+00 -2.186645542027997990e+00 -1.691179409073550577e+00 -2.389655059528930980e+00 -1.892423987475831071e+00 -1.709059704592056361e+00
-1.814405089156921891e+00 -1.871120822986259924e+00 -1.964092895019598606e+00 -1.462732837906636441e+00 -2.023575859727397397e+00 -1.602325980354593504e+00 -1.432815128680492656e+00
-1.604256295805630339e+00 -1.727477475586171707e+00 -1.691562888899415196e+00 -1.375410756191901118e+00 -1.853647520603325605e+00 -1.376338211417591717e+00 -1.469972046154770950e+00
-1.488011640731766727e+00 -1.558864948151587937e+00 -1.388330267330668777e+00 -1.315651333804962242e+00 -2.053829882438774401e+00 -1.213146522052196197e+00 -1.702357230962573409e+00
-1.482993649591525687e+00 -1.348213931251330155e+00 -1.068388785783379591e+00 -1.130302279898486306e+00 -2.202997736033163179e+00 -1.063441816129123252e+00 -1.593499345410181789e+00
-1.536954841665699734e+00 -1.126433153270499865e+00 -7.013095435582062942e-01 -8.146956360215159565e-01 -2.082605338555429064e+00 -8.062386360965897447e-01 -1.300995154225033312e+00
-1.557657140721299793e+00 -1.078563024562299910e+00 -2.584774257051102864e-01 -4.734819027005644498e-01 -1.835564127677390633e+00 -4.177547533227271015e-01 -9.849624379957865328e-01
-1.498447003582105141e+00 -1.908007854560155314e+00 2.790089238688167939e+00 -6.666215443370213101e-02 -1.503559987426294819e+00 6.382867166204765630e-02 -6.163604496855736858e-01
-1.365983250920955294e+00 -2.326176337042900943e+00 -2.918840581739040818e+00 4.281530987909455965e-01 -1.081341909657946188e+00 6.088786002357313709e-01 -1.147899845139290775e-01
-1.185794732033154997e+00 -2.194074862100244161e+00 -2.521452945303517268e+00 1.044673228005531307e+00 -5.558644158273043923e-01 1.234022713512698655e+00 6.456572914648217587e-01
-9.956690902270701748e-01 -1.995765775435714984e+00 -2.140507828841057059e+00 1.679021292947632027e+00 1.189806424505654991e-01 1.913672191841800263e+00 1.504099593963461601e+00
-8.770181873286528873e-01 -1.873383139674679398e+00 -1.865159377373381888e+00 2.281599932181491930e+00 1.116388985055541960e+00 2.578196116065806454e+00 2.286304923176482262e+00
-1.228295202677433196e+00 -1.797651950866498094e+00 -1.736462360360498280e+00 2.836332327960399358e+00 2.344106041844946642e+00 -3.112290286281954810e+00 2.953211499994649269e+00
-1.899535700319867182e+00 -1.712980360603166385e+00 -1.737367902152838983e+00 -2.964144158719271616e+00 -3.015349897828061732e+00 -2.645938791182240291e+00 -2.777926692972220835e+00
-1.891593312030928065e+00 -1.598286299547808875e+00 -1.727909622440757520e+00 -2.549980746779309637e+00 -2.324956401367422654e+00 -2.387343757032592606e+00 -2.331113872757125005e+00
-1.703197078213411153e+00 -1.498345707439424856e+00 -1.736717400647442844e+00 -2.253326411784264405e+00 -1.754013273557905706e+00 -2.424250284245143661e+00 -2.166414083380736599e+00
-1.523960783969989352e+00 -1.440869263515040855e+00 -1.791646431285183860e+00 -2.105453131376561871e+00 -1.299412891734179620e+00 -2.463065795946087100e+00 -2.503254556549257881e+00
-1.423184066808754089e+00 -1.421164170713533403e+00 -1.805260126767773476e+00 -2.091245399097988678e+00 -2.101831323967113807e+00 -2.293499648097182764e+00 -2.584717422009125798e+00
-1.395089513573839257e+00 -1.407789196255993192e+00 -1.713061005048209795e+00 -2.044099529481910427e+00 -2.771309205265046316e+00 -2.020921608907936040e+00 -2.315260079040915464e+00
-1.299748505466057136e+00 -1.262987100608623292e+00 -1.501519196790015886e+00 -1.834374852953201129e+00 -2.279615450159416579e+00 -1.693362885210374813e+00 -1.951024744950654810e+00
-1.048485974636509388e+00 -9.396557388370457842e-01 -1.165172553011961432e+00 -1.454214248460526049e+00 -1.688674155269957122e+00 -1.296591643907633706e+00 -1.520143416268625813e+00
-6.964249895007179614e-01 -4.958858469034431726e-01 -7.460515189369048006e-01 -9.812792898454136825e-01 -1.074816570805804838e+00 -8.496415783199240401e-01 -1.038749774883998667e+00
-3.365139442109112977e-01 -1.611484888487280803e-02 -3.140682274772547689e-01 -5.035576226214711903e-01 -4.690902194361489252e-01 -4.126923917430428967e-01 -5.585642349788902949e-01
-2.021785081139939114e-02 4.632835903946048162e-01 1.055354100556976926e-01 -9.035143299620779223e-02 1.079645750394857551e-01 -4.600390825324982003e-02 -1.555831839143144435e-01
2.152948781808537715e-01 8.788355254759586677e-01 4.734738424707032323e-01 2.088862356283178734e-01 6.259798644941605428e-01 2.271118159931695968e-01 7.936548163537437972e-02
3.553493218055424618e-01 1.166853332846057301e+00 7.927323651428624940e-01 5.202883838909859726e-01 1.069075986999343808e+00 4.321473110620377978e-01 2.740246204370789807e-01
2.250505623509916897e-01 9.583828971246892703e-01 9.716764673769766603e-01 1.017830019956458054e+00 1.450164067177041938e+00 4.102549857934589816e-01 6.017273870324016949e-01
-1.410921407774688163e-01 3.821980616678161691e-01 9.930485822295928022e-01 2.161673652321880468e+00 1.991491126407249457e+00 -2.336878766918361605e-01 1.115171472375183104e+00
-1.071325198262803730e-01 3.737515853732232274e-01 9.095758676762080164e-01 -2.413004834809723942e+00 -2.127945307693392518e+00 -3.127432462454554085e-01 2.511138132862204220e+00
2.398187951138260054e-01 4.508026290184395379e-01 4.945714186100882426e-01 -1.549658699126271966e+00 -7.749992750101959427e-01 4.606254808385493171e-02 -1.143601928159765357e+00
7.011098645214000058e-01 4.879296375912959283e-01 1.340152676915032093e-01 -9.028610915594005304e-01 4.528270305665533721e-03 5.162362834909977050e-01 -4.604667739918157365e-01
1.252002174386488642e+00 7.635111929322946356e-01 4.366178013253593782e-01 -3.540967534319561238e-01 7.378854852783163221e-01 1.016442008140784559e+00 1.870705710086236206e-01
1.862748426314580374e+00 1.170523435525606226e+00 8.850264696793559427e-01 5.514353193510901363e-02 1.426567824253387018e+00 1.509002549754568490e+00 8.025062482242559803e-01
2.487268384301030810e+00 1.624248134051565984e+00 1.376189508792341254e+00 2.782458889230559618e-01 2.091642034789943150e+00 1.985518361005903065e+00 1.526957349317951573e+00
3.078124826003979297e+00 2.095173946879904214e+00 1.873355610617305489e+00 2.394224931273836732e-01 2.755914834643232947e+00 2.453146787155506381e+00 -2.379088569710900991e+00
-2.684540142625828185e+00 2.596361569309341366e+00 2.384476367439963163e+00 2.560778696503270835e-01 -2.863961912734969584e+00 2.917746907852799332e+00 -9.992755889803894842e-01
-2.213536129935345542e+00 -3.122229669611639391e+00 2.925961109840206742e+00 4.554775559658813533e-01 -2.183428969245967632e+00 -2.905805174004375768e+00 -3.000364815839033916e-01
-1.728588174132231092e+00 -2.491207212841461516e+00 -2.810915316548994625e+00 7.674159059364972224e-01 -1.473510339978511885e+00 3.026000929140055362e+00 3.658524701150509539e-01
-1.167018858691852401e+00 -1.654011932174754174e+00 -2.256748758119910381e+00 1.137129266594868460e+00 -7.115277314760056759e-01 1.558834324295819806e+00 1.008417589856859697e+00
-5.009210312437138990e-01 4.908457817313240934e-01 -2.330188607452495120e+00 1.583504531876750221e+00 9.985704411702760186e-02 2.013513389383388752e+00 1.626940874724283059e+00
2.942012445190335668e-01 1.864245681045494818e+00 2.290479671220094104e+00 2.073041127506875192e+00 9.131729118899151176e-01 2.476103604140447612e+00 2.188454587240165061e+00
1.246134120650475685e+00 2.566656775617903730e+00 2.785327894643910174e+00 2.558707605861295864e+00 1.686179348939939926e+00 2.917055495240807872e+00 2.671436156459230382e+00
2.239569933402305590e+00 -3.127646176135005174e+00 -2.978765819868313791e+00 3.033365576283233445e+00 2.400828307146010143e+00 -2.907316234371566832e+00 3.098720902028130109e+00
3.091813602484725365e+00 -2.610973229035983056e+00 -2.496471756852035817e+00 -2.780828621090246866e+00 3.062509747628627377e+00 -2.395972822638048783e+00 -2.782915503601620877e+00
-2.490837513986310814e+00 -2.156718137693639292e+00 -2.038663406099954223e+00 -2.297999910850587746e+00 -2.610620526199230795e+00 -1.830729488069338107e+00 -2.339227586005060200e+00
-1.907819978085456114e+00 -1.805583093614179679e+00 -1.637676379547402084e+00 -1.848423507640877483e+00 -2.088404210815728579e+00 -1.266410687524099021e+00 -1.874818915048629631e+00
-1.478238222138597457e+00 -1.560226486790525335e+00 -1.306325101581779613e+00 -1.499772449206955516e+00 -1.707962294759307387e+00 -8.403876682030935186e-01 -1.462055015314912332e+00
-1.704323059829204068e+00 -1.419339200472797602e+00 -1.040468902613711943e+00 -1.273464948865447255e+00 -1.483453586319618767e+00 -8.572311209097751572e-01 -1.196758326488222446e+00
-2.312829252396897406e+00 -1.535505773508511140e+00 -9.220004366506965310e-01 -9.874941770912665229e-01 -1.261579170115991522e+00 -8.676552999178576142e-01 -9.802339190615647624e-01
-2.072698689949318052e+00 -1.983823364882616902e+00 -2.210137265261397754e+00 -5.166548967105253354e-01 -9.274647050494683187e-01 -3.603133215290164060e-01 -5.966511433396897157e-01
-1.734537987045680074e+00 -2.056868439947758365e+00 -2.565867409121283416e+00 5.895821890864452741e-02 -5.349516841716815962e-01 3.998413903813003989e-01 -9.261755481697073189e-02
-1.467799704669721317e+00 -1.848429669765054628e+00 -2.267621941762439253e+00 6.798902373391614296e-01 -1.636205039580217735e-01 1.319519074952067328e+00 4.615391649638161953e-01
-1.266508409540014979e+00 -1.550093502289962677e+00 -1.898128305091920653e+00 1.311272670281056874e+00 1.041163046857325608e-01 2.262528803866577842e+00 1.032696164540610528e+00
-1.099733808203787744e+00 -1.250402188039944740e+00 -1.555104312565031899e+00 1.990445050830467411e+00 2.686490636045581470e-01 3.113470397117720889e+00 1.654558879129135462e+00
-9.700432796494422583e-01 -1.003885636004420157e+00 -1.241025330945848992e+00 2.756572030881907498e+00 3.916606640522191096e-01 -2.391684165324666544e+00 2.332723330307474363e+00
-7.966527350687858666e-01 -8.026998039464846579e-01 -9.261967281884844194e-01 -2.655504598747208345e+00 5.067135926505678123e-01 -1.660172185357928321e+00 3.046316201769288856e+00
-4.917807262415261338e-01 -5.708790896240228951e-01 -5.919433790385459915e-01 -1.587475467409578345e+00 6.288375509759205340e-01 -9.686600125170914399e-01 -2.459942882522144547e+00
-3.903341704316137112e-02 -1.995052700484699071e-01 -2.033224218935101302e-01 -3.434921758570047556e-01 8.906863155562002587e-01 -3.147960748876939552e-01 -8.150233347803312878e-01
5.172862609746516904e-01 2.688937175798374324e-01 1.920616865663568873e-01 7.240689787148932854e-01 1.312228068169713602e+00 3.105307718122369831e-01 1.495662825703222065e+00
1.133454424369655822e+00 8.288704611479341677e-01 5.957829575842511494e-01 1.547016908554084136e+00 1.850618308125673517e+00 9.218111075727960513e-01 2.170880374473195040e+00
1.744678071511020168e+00 1.478891078167259288e+00 8.191218277733930409e-01 2.226371146740818929e+00 2.457219889040814120e+00 1.518260366306700693e+00 2.732501779276979459e+00
2.293486168232073297e+00 -1.204347864387291578e+00 2.553906877436826206e-02 2.811473082120733658e+00 3.087519214587718164e+00 2.079651765358768500e+00 -3.048808131143701861e+00
2.755048037488429191e+00 -7.958219061725205767e-01 -5.200295674897997822e-01 -2.977512521816243041e+00 -2.574322489743477327e+00 2.546095318148284381e+00 -2.606588611253193299e+00
-3.136429514675831420e+00 -9.230716296860443926e-01 -2.721751345765898167e-01 -2.608812991274958470e+00 -2.004076393765732433e+00 2.797249517064572366e+00 -2.307771187605498486e+00
-2.767990706457210237e+00 -1.351765237146132836e+00 -1.543572905496956915e+00 -2.319190422381149030e+00 -1.516981466424619063e+00 2.877353679427088196e+00 -2.172054345963831068e+00
-2.402062321310576287e+00 -1.043289600707309805e+00 -1.687749522813289049e+00 -2.026665046710730778e+00 -1.175369728656756152e+00 -3.136402942345009492e+00 -2.004037442061986418e+00
-2.019280092537910409e+00 -5.580554765058471922e-01 -1.250133539630302382e+00 -1.674349351614772496e+00 -1.321293189473620622e+00 -2.662055191343713823e+00 -1.636953868832392578e+00
-1.635576228290270384e+00 4.437454699475663900e-02 -8.335525594302859442e-01 -1.276347050624960566e+00 -2.532346965959208163e+00 -2.134999751974909543e+00 -1.129257156581237709e+00
-1.314423329450072231e+00 7.758771545926853586e-01 -7.137654781164766149e-01 -9.023539432810330219e-01 -2.795453120844377359e+00 -1.690776996359153239e+00 -5.333374817021507841e-01
-1.201036617044548116e+00 2.044279162872179700e+00 -7.986187943252005539e-01 -8.092778163126336244e-01 -2.776641079948048318e+00 -1.506636581792121676e+00 2.892473783476625648e+00
-1.340882098752409934e+00 -2.359084887737583625e+00 -6.214919469291388943e-01 -1.320304008741495894e+00 -2.493761599034097109e+00 -1.546968900582130768e+00 -2.587678701706867646e+00
-1.285961883946794559e+00 -1.180342245392844047e+00 -1.636476254535360331e-01 -1.231846217405463850e+00 -2.055683738764686019e+00 -1.405763488481630796e+00 -2.017085695576719573e+00
-9.673132982723384732e-01 -2.216418835132248355e-01 3.788800765384208735e-01 -8.138006169005028712e-01 -1.538490096312336242e+00 -1.109889958406371280e+00 -1.523679021791741972e+00
-5.178148556493521459e-01 7.040588636444677917e-01 9.941262947703987107e-01 -3.059268661632597031e-01 -9.827268460918270332e-01 -7.584200637665977629e-01 -1.109089941988087080e+00
-4.286383988357298294e-03 1.570397099612356406e+00 1.641023611536237770e+00 2.440375120268215015e-01 -3.983508504444665532e-01 -2.977646768172591552e-01 -7.074932232828807788e-01
5.682527730042276071e-01 2.369666842145204733e+00 2.313461327020184477e+00 8.614542984271478243e-01 2.252116321187032089e-01 3.888582242242306641e-01 -2.090232979167256366e-01
1.218483861445667893e+00 3.089352226374762367e+00 3.006121935541314016e+00 1.557965832876706092e+00 8.842834723835637512e-01 1.473206616479424858e+00 4.512904440370532622e-01
2.149869151943415435e+00 -2.667914016850619685e+00 -2.651124400104576839e+00 2.350578668410285843e+00 1.580695939944780415e+00 3.138662889025697567e+00 2.827231491229968974e+00
3.131457034435345399e+00 -2.841240628594956519e+00 1.559953446036524305e+00 -3.013309169796822840e+00 2.289115377076960556e+00 -1.838525345398503541e+00 -1.818690380817248542e+00
3.017857343733138631e+00 2.992400382567689476e+00 2.044540908582554550e+00 -1.706484726747694802e+00 2.935522447783435407e+00 -8.762138044980176677e-01 -1.009725959839954168e+00
-2.899940554336693843e+00 -2.810267604381332163e+00 2.700287955031590137e+00 1.116475043988086835e+00 -2.822711418049821841e+00 4.312498918969419337e-02 -2.181512932828027773e-01
-2.367474729822450108e+00 -2.136500016172961036e+00 -2.961154940741182795e+00 2.308407265291575250e+00 -2.464408720138473008e+00 -2.737945711325801224e+00 6.736664542352157614e-01
-1.743552079826173440e+00 -1.278639816507612936e+00 -2.418384304292109821e+00 -3.009477387094515510e+00 -2.132997242228990231e+00 -1.785789732628006110e+00 2.801902114149569911e+00
-9.859416343067839428e-01 1.131078342886721738e-01 1.786005010676900984e+00 -2.080325211948904407e+00 -1.694670854145620797e+00 -9.992898447016863583e-01 -1.416406280403523565e+00
6.435029433476134875e-01 1.739809336960231878e+00 2.215872137138747089e+00 -1.071472806973205127e+00 -1.122896600227717867e+00 -2.314437601925411203e-01 -4.981480515794062813e-01
2.400738345684575226e+00 2.652230427583978312e+00 2.731540604751898638e+00 2.608182540698305019e-01 -4.586635015867231990e-01 5.512095782274555322e-01 3.712554240128923544e-01
3.102232897633850239e+00 -2.952826993457849269e+00 -3.033009103593752975e+00 1.770151951064357521e+00 2.728439427166345355e-01 1.390297033914504210e+00 1.246342816765885209e+00
-2.651952436288917081e+00 -2.363781576507130389e+00 -2.526220379629732893e+00 2.830005025782593275e+00 1.104417649968577608e+00 2.331433722869435954e+00 2.143907911581328207e+00
-2.171601242508002905e+00 -1.818973680999128151e+00 -2.012296774908765240e+00 -2.631423194497657825e+00 2.074323916871526396e+00 -2.910596363867099523e+00 3.014141147498066164e+00
-1.718282406268292206e+00 -1.347221927603381664e+00 -1.519524872958661899e+00 -1.918251496357547436e+00 -3.119729200904170607e+00 -1.851845695915464107e+00 -2.513115579812133848e+00
-1.284183035501694325e+00 -1.017074170984649362e+00 -1.096816900908807124e+00 -1.280853327267510888e+00 -2.095838999448496942e+00 -8.807489186280591520e-01 -1.889041415542452862e+00
-8.771230699652351470e-01 -8.896770831371296762e-01 -9.182407843295992134e-01 -7.374208488885117818e-01 -1.249259279546822032e+00 -6.923766295744404609e-02 -1.395793559878350409e+00
-5.224893874502667401e-01 -7.952814529526528453e-01 -1.511109180930658713e+00 -3.128584340705938271e-01 -5.188245566590207192e-01 5.111660367190025145e-01 -9.541515516341071423e-01
-2.499040648431783695e-01 -5.240889410244838897e-01 -1.979111287920560125e+00 9.224898553795664313e-02 1.472658913728159547e-01 7.646792906897483810e-01 -4.640309234735568999e-01
-1.351217041448085077e-01 -2.853299141312401477e-01 -1.978482398822489108e+00 6.440056798401240234e-01 7.587373195313764640e-01 8.905522323356951375e-01 1.140467207018233536e-01
-1.604693821217896832e-01 -5.056893931868796654e-01 -1.721260345373549328e+00 1.545305910975006025e+00 1.337098328787458268e+00 1.270634667717595701e+00 9.932087656570273149e-01
-7.759570498160209273e-02 -8.799600544712028460e-01 -1.329762529676966176e+00 2.957365802866263049e+00 1.902910706409034258e+00 1.772591883266277479e+00 2.870816398367945776e+00
2.251713543219087676e-01 -7.672256682769844627e-01 -9.390738949099736166e-01 -1.901417198810209541e+00 2.465104965189020447e+00 2.196436862458652772e+00 -2.019011333563154764e+00
5.006382836692363503e-01 -6.296885240091755209e-01 -6.578796046635098094e-01 -7.482659098145995058e-01 2.996849759665579871e+00 2.433158809849192306e+00 -1.117134828291726834e+00
-1.268843257740577268e+00 -5.031243851954312341e-01 -5.315869554993762902e-01 3.216314726122883050e-01 -2.893444282646970844e+00 2.673789909173784451e+00 -2.955169554792385078e-01
-1.257363458848711923e+00 -3.489102310109087335e-01 -1.135615129441065241e+00 1.308204451784355182e+00 -2.946466004904390257e+00 3.101520324537751172e+00 4.954130679572247287e-01
-1.283318799451720782e+00 -1.972106415305961424e-01 -1.876637176333833201e+00 2.158076563521788227e+00 3.027534916462856440e+00 -2.653289861573957964e+00 1.285449422345641413e+00
-2.648634034379280688e+00 -3.629520639065381693e-01 -1.775683512907234585e+00 2.860724671933996710e+00 -3.037545733655357072e+00 -2.131666207959818760e+00 2.064543212611929413e+00
-2.423654396627742180e+00 -3.983357424346559150e-01 -1.456814697048510743e+00 -2.816204156079832099e+00 -2.606965448450519585e+00 -1.720881226886953552e+00 2.814689658804853778e+00
-2.008860721639911695e+00 4.185037991014702551e-03 -1.058025267836711247e+00 -2.228294480151431056e+00 -2.107270080301231641e+00 -1.490633723425156765e+00 -2.719532731156650840e+00
-1.557402856655883516e+00 5.909890067465861652e-01 -7.482049605899399047e-01 -1.637893956827840780e+00 -1.580743839386725913e+00 -1.310790155663087653e+00 -1.954281589226006810e+00
-1.045099988823775972e+00 1.189205979720429296e+00 -8.041797575441603785e-01 -1.039931443511228570e+00 -1.044871754024504940e+00 -1.036925392014450109e+00 -1.159735517855779774e+00
-4.552675458129230024e-01 1.714693283752819930e+00 -7.084413415915224999e-01 -4.478607361732990233e-01 -5.169411096508651493e-01 -8.482731222734962717e-01 -3.753804440961518440e-01
2.252890067176684663e-01 2.120615793547437455e+00 -2.584511157899127554e-01 1.007664004846346162e-01 -3.311063454958468322e-02 -1.384937447048255388e+00 3.448948001921735562e-01
1.336914604913708837e+00 2.469982173463143305e+00 5.515116152835084495e-01 5.365730845158850348e-01 2.217154704893240236e-01 -1.614436401401618371e+00 9.386132761515955103e-01
-2.656647993240898398e+00 2.934269897616432754e+00 2.813621234439131591e+00 -2.715973604650261941e-01 -1.175036834935093477e+00 -1.292286306321419831e+00 -1.134076519230021285e+00
-1.819379875861510065e+00 -2.679992075006486285e+00 -2.425826037033170568e+00 -1.052310916530508900e+00 -1.087459933420827918e+00 -9.031080084270116659e-01 -8.549725297089905141e-01
-1.206666578448591487e+00 -1.814965887423301227e+00 -1.691670989711949513e+00 -7.176547644479578381e-01 -6.764471862316119299e-01 -5.799887763816583552e-01 -4.900134060958791227e-01
-6.223181294475826908e-01 -8.972538133092767820e-01 -9.744097378693983291e-01 -2.762093364756239566e-01 -2.413110158067140742e-01 -3.084460919945537505e-01 -1.094705068956604438e-01
-3.816173831431696889e-02 -3.800150612797817407e-02 -2.614637758434375514e-01 2.142080146812748720e-01 1.887954942613902232e-01 2.515145787943964123e-02 3.345449526260657058e-01
5.450793151520746394e-01 7.357855217842664830e-01 4.386481761952579217e-01 7.310178446216664128e-01 6.334721560345912827e-01 4.525135647547313122e-01 8.413817562713915565e-01
1.117866941057378716e+00 1.422223446678974934e+00 1.106152361810381679e+00 1.244767904976420869e+00 1.116771915417086092e+00 9.291676321882009759e-01 1.361390206951782700e+00
1.678189100186905591e+00 2.039878898680146602e+00 1.744476916138280265e+00 1.752167806304897768e+00 1.645558263886479633e+00 1.426604771049760689e+00 1.863404984366142436e+00
2.231991376972427332e+00 2.614523497563566945e+00 2.379415957207299925e+00 2.268941998776627944e+00 2.206480399953191451e+00 1.944130122096004110e+00 2.344445102326922381e+00
2.790144964843818354e+00 -3.119266963812798554e+00 3.068866504432839815e+00 2.809001413830328975e+00 2.782296472714432589e+00 2.486856291542088648e+00 2.825057359979260330e+00
-2.922874488116174341e+00 -2.598020115885835590e+00 -2.377922445726883716e+00 -2.916528374282360669e+00 -2.925916744888309218e+00 3.043149402575590745e+00 -2.968877568554320057e+00
-2.344459042995994391e+00 -2.157788118189969850e+00 -1.351210758466294681e+00 -2.379096561830582157e+00 -2.373910573946854008e+00 -2.711511818458277379e+00 -2.515461104913559343e+00
-1.763430982762308252e+00 -1.867340130112099983e+00 -2.782886117123422043e-01 -1.926676075464113236e+00 -1.868064869270295247e+00 -2.291925458190337661e+00 -2.174970135893080414e+00
-1.178852003343561217e+00 -1.685036201207638973e+00 6.071853262836000020e-01 -1.650421300669056901e+00 -1.409935517200920252e+00 -2.058845691542002587e+00 -1.965398964857246300e+00
-5.675173495672847235e-01 -1.409947678944739158e+00 1.274907166809625458e+00 -1.493154386484298657e+00 -9.441808502158001160e-01 -1.845676277911503904e+00 -1.709983127056112773e+00
1.381249482533805362e-01 -9.974045889685128063e-01 1.786317326835075159e+00 -1.207277897280231826e+00 -3.895719864413830225e-01 -1.443903483410608590e+00 -1.316169381805581295e+00
9.605291008374571282e-01 -4.925491048014832285e-01 2.193345677145474237e+00 -7.498593417957836182e-01 3.204874413303163139e-01 -8.850019042188356222e-01 -8.352901159208111492e-01
1.711651744149195853e+00 1.725488589021697994e+00 2.596653720340780236e+00 -1.428597963730353637e-01 1.288494247214642119e+00 -2.135154191171652338e-02 -3.009523386553625279e-01
2.331649616808832981e+00 -2.774674331411143946e+00 3.076708265928175035e+00 8.488791700055601241e-01 2.448485096125409655e+00 2.926304558299738456e+00 3.062285020292023763e-01
2.880901134684698217e+00 -2.251069174209007873e+00 -2.684172264346091463e+00 2.882184201711959215e+00 -2.890200752872047918e+00 -2.602188008733169688e+00 1.320120299825242816e+00
-2.889076131546767012e+00 -1.797951256900197858e+00 -2.168784523586828161e+00 -2.452550304389153890e+00 -2.189812338733875041e+00 -2.013642962356434030e+00 -2.687315359585044305e+00
-2.395781963713187857e+00 -1.432167685633417120e+00 -1.744250156257828976e+00 -1.852983648235626557e+00 -1.627753662297432680e+00 -1.493019187823072302e+00 -1.862425471639421737e+00
-1.911291442158693954e+00 -1.149223156633547127e+00 -1.524875530954715508e+00 -1.344040576830078049e+00 -1.144746947104493318e+00 -1.032936773150916920e+00 -1.291651716493555924e+00
-1.439005076484225487e+00 -8.966667102433563130e-01 -1.553005568753314858e+00 -8.808807485976298812e-01 -7.126239046386972920e-01 -6.260549464763095484e-01 -7.813939007180350504e-01
-9.927389820736578496e-01 -6.281422512311138906e-01 -1.496765842968204030e+00 -4.519051482404143338e-01 -3.441855079579829724e-01 -3.281913045084862146e-01 -3.040121491106476115e-01
-5.986293582796150536e-01 -3.332240829687493355e-01 -1.233650253078005132e+00 -7.005895305900206038e-02 -9.644509156656963511e-02 -4.041441407428311150e-01 1.403282677795017197e-01
-3.026371601475731921e-01 -5.308363809413588208e-02 -8.822139508449557965e-01 1.884743260073512561e-01 -1.535320514602273381e-02 -5.976593231678464235e-01 5.118641335169663575e-01
-1.294035309821163493e-01 1.864323227513781656e-01 -4.946495089250212973e-01 2.906847093778213154e-01 6.088491905340810001e-02 -2.999554723197996320e-01 7.801533037234766876e-01
2.953091242615545411e-02 3.793120720441287563e-01 -8.690599306808143021e-02 4.314065101319008999e-01 3.096581657517363251e-01 1.858565224186317089e-01 9.838504374159989796e-01
3.241451802982645569e-01 5.925369273826655014e-01 3.696643149916899462e-01 7.602860075260847728e-01 7.297041499511049967e-01 7.056650479427331035e-01 1.247007954642345595e+00
7.406473132890530886e-01 8.181572302695576671e-01 8.278757522467328211e-01 1.199778011759048635e+00 1.265104490517865443e+00 1.220975532869668978e+00 1.610918082646628946e+00
1.218892638875238132e+00 1.012775493386396386e+00 1.189358226318551148e+00 1.677563736350449419e+00 1.871423529598750690e+00 1.741017200810189625e+00 2.050848832789224474e+00
1.689560830488099796e+00 1.163288931450365826e+00 9.818389294609950468e-01 2.148555330846481759e+00 2.511407759554875607e+00 2.278720793800756539e+00 2.527598705684084290e+00
1.794263787304626767e+00 1.383249988562636590e+00 7.866634161972886341e-01 2.585678214733707403e+00 -3.136304418826183493e+00 2.817742030014164900e+00 2.985966925264427640e+00
1.970859451986496091e-01 1.741720253061909141e+00 1.238056473062333129e+00 2.984643351884318729e+00 -2.719709383248372081e+00 -3.002161707722284856e+00 -2.927219796249077799e+00
5.658234707992063628e-01 2.206911549321158184e+00 1.884304017615311633e+00 -2.920369078688073827e+00 1.536519200233166238e+00 -2.870150258717947711e+00 -2.720161364180184282e+00
1.075521024747912779e+00 2.722034522803965295e+00 2.594298807696480580e+00 -2.504818372204544286e+00 2.162985290337402500e+00 -3.117286160728799604e+00 -2.540351616420038816e+00
1.618814595528321743e+00 -3.062033088756451527e+00 -2.925092260381085385e+00 -2.020169155894485868e+00 2.843280642195706864e+00 -2.908916439575564450e+00 -2.194588617305834877e+00
2.163198389813675071e+00 -2.620637728499869201e+00 -6.221757507839434376e-02 -1.473467836433760114e+00 -2.751326309947927928e+00 -2.464953977517239103e+00 -1.721247353305608518e+00
2.660425976977740969e+00 -2.345199273561370479e+00 1.022680955018770321e+00 -9.039817921485737706e-01 -2.089730855037633894e+00 -2.003177895428400301e+00 -1.230781702986074588e+00
3.058055312325132391e+00 -2.300606590998836687e+00 1.571427747084227278e+00 -3.645732064895832458e-01 -1.500284673762609877e+00 -1.580931873935956578e+00 -8.128062340674387931e-01
-2.923605530574996614e+00 -2.328601422988782588e+00 2.061014558297660670e+00 1.022382190778429595e-01 -1.139292593384595431e+00 -1.182678234395628358e+00 -5.127519607890435038e-01
-2.612556676918445842e+00 -2.259716728099294691e+00 2.566174803034038110e+00 4.855775994071517276e-01 -1.943450607169367794e+00 -7.553965672214523197e-01 -2.679374972403022470e-01
-2.237059770886500765e+00 2.371581124580687483e+00 3.075429666603536116e+00 8.735290808165424581e-01 -2.097870614171304826e+00 -2.595426816422673477e-01 6.797225855744901124e-02
-1.786751442714483940e+00 1.904378189917958375e+00 -2.755653187482296040e+00 1.306264389422832739e+00 -1.478475737323691863e+00 3.099675995081099811e-01 5.144217662797190282e-01
-1.255372367643036391e+00 2.237500488279423383e+00 -2.703179307431472722e+00 1.791723426749840975e+00 -6.132739394555004608e-01 9.495456627453098264e-01 1.043517623236720482e+00
-6.248631528219406039e-01 2.719369161282718217e+00 -3.090251244150258092e+00 2.301980452583758829e+00 3.376480488493137089e-01 1.646218745382542537e+00 1.598650028561857006e+00
2.196667661851456343e-01 -3.037944859739220682e+00 -2.897677245399794543e+00 2.781908963808196411e+00 1.237352075058573808e+00 2.373927396751027707e+00 2.111260466898124299e+00
1.792059344399014931e+00 -2.473102860411973580e+00 -2.418963986145964640e+00 -3.089441798106038028e+00 2.014312297801213347e+00 3.101843574447547880e+00 2.501879514118100278e+00
-3.066169911883700916e+00 -1.911225118312327220e+00 -1.877593900644023872e+00 -2.795028394706514874e+00 2.664557760531954145e+00 -2.472450494282420586e+00 2.810264231587491057e+00
-2.318815096852833157e+00 -1.402671268372980951e+00 -1.336759581142238362e+00 -2.604253653971471127e+00 -3.070658698272120901e+00 -1.790772896826938299e+00 -3.050964900092832721e+00
-1.893182486003008425e+00 -1.029132988940820281e+00 -8.553225727403845902e-01 -2.391778661419336593e+00 -2.577194338883662894e+00 -1.163397272632025636e+00 -2.528832066527592737e+00
-2.008015340326809728e+00 -7.550319263604100550e-01 -4.692056075095408230e-01 -2.025072268676427534e+00 -2.076199949274403878e+00 -6.916524639383118123e-01 -1.973761654260599796e+00
-2.249717608350898512e+00 -3.392306346952597695e-01 -5.576655156417016646e-02 -1.540133284648407042e+00 -1.550578560505964765e+00 -8.597834530842395351e-01 -1.420594660515672070e+00
-1.969744557229677007e+00 2.833924339409614745e-01 5.482300502764496652e-01 -9.868000278094631872e-01 -1.002752499499232508e+00 -1.127399454949902013e+00 -8.399293424154539167e-01
-1.529061116199704973e+00 1.389817342933026056e+00 1.827683181560813441e+00 -3.794481914388334598e-01 -4.323305551682974923e-01 -6.684590827926406575e-01 -1.849146770328609912e-01
-1.067652606159568140e+00 -2.400369248357224539e+00 -2.516676538042943001e+00 3.001145243444054422e-01 1.599044412394926562e-01 -3.408409077856110192e-02 5.752080595555362219e-01
-6.183661122253546472e-01 -1.384577208738266396e+00 -1.547433934873627459e+00 1.157788927416455449e+00 7.749724088598961558e-01 6.486976308580447714e-01 1.492580715590569485e+00
-1.723522062180145864e-01 -5.973172420605843413e-01 -7.893739722193998665e-01 2.459805925599619414e+00 1.404195155482096835e+00 1.373310459982180154e+00 2.557030931749825431e+00
3.160809545503633355e-01 1.731420738706614115e-01 -7.832085588418452593e-02 -2.440604714737420800e+00 2.074686387004620158e+00 2.284392457986784031e+00 -2.687826142205209212e+00
8.755613046941528310e-01 9.334349821852097051e-01 5.922595790260063442e-01 -1.569156496983358240e+00 2.898623676053080356e+00 -2.402447210949047562e+00 -1.837954462767775077e+00
1.548998315525657921e+00 1.671733476559427389e+00 1.250337522161318216e+00 -9.454340343303325733e-01 -2.444394596789420504e+00 -1.122073098778182176e+00 -1.206795462513173600e+00
2.424303535682531319e+00 2.317037997506946834e+00 1.895421806934358466e+00 -4.353972896537712245e-01 -1.640498330603816779e+00 -3.842174306370343406e-01 -7.402548568709274024e-01
-2.814782311405241266e+00 2.772232298481661417e+00 2.544242799451191583e+00 2.891567405320756221e-02 -9.786436831814160353e-01 2.136486456237055021e-01 -3.194456275510958454e-01
-1.939161668523027071e+00 3.115615072322949430e+00 -3.094318120199213151e+00 4.942379571250709036e-01 -3.806867124199248553e-01 7.690586777376466898e-01 1.507479358479436038e-01
-1.248782576920957288e+00 -2.892889803251617487e+00 -2.546146390624648870e+00 1.004405432359598338e+00 2.042610429016051554e-01 1.326232330896172762e+00 7.077654109953575023e-01
-6.367201048809338904e-01 -2.684717570096526895e+00 -2.083265941392705045e+00 1.548217785077008024e+00 7.886644940138193283e-01 1.891020935418421534e+00 1.321811632804540837e+00
-4.855186382886882146e-02 2.704920983820183533e+00 -1.662984381323685756e+00 2.075482870751739650e+00 1.367642558087806215e+00 2.378570353614975819e+00 1.955824779625737753e+00
5.365825723164604488e-01 2.594433538549225648e+00 -1.263068222180731670e+00 2.447661290808534229e+00 1.915408249356116865e+00 2.260359373514012393e+00 2.561522782848436375e+00
1.125026644345032079e+00 3.095668758369451989e+00 -1.027563093661736371e+00 2.135459567540422210e+00 2.392672270478287011e+00 1.786136180124090922e+00 2.977248127540570444e+00
1.700560654035905506e+00 -2.552693489540970084e+00 -1.241639043436031375e+00 1.896434262961640194e+00 2.755934361419619893e+00 2.204599523861629606e+00 1.673427108370147520e+00
2.251900239608540577e+00 -1.915958564706227385e+00 -1.441371525978997425e+00 2.330299714499755481e+00 3.012886657807258395e+00 2.806693401157603240e+00 1.802774607582045885e+00
2.774043411752138866e+00 -1.281149201192602227e+00 -1.269037457660673551e+00 2.956522578904098530e+00 -2.979299313783058789e+00 -2.813195537650323264e+00 2.348192337794035023e+00
-3.022936315159031384e+00 -6.964392139205164423e-01 -1.028602388066966800e+00 -2.624775319931653250e+00 -2.557149984098153528e+00 -2.091252282606797408e+00 2.901307434925773254e+00
-2.532020108513092449e+00 -4.758306819208346083e-01 -1.119498227379150279e+00 -1.842704310492036424e+00 -2.014602245360615829e+00 -1.249095243695567126e+00 -2.844236522867259698e+00
-1.976751329087609976e+00 -1.198086503639133715e+00 -1.209564144129887442e+00 -9.629244752784259509e-01 -1.385146562070260323e+00 1.180543351068353564e-01 -2.300826714652693283e+00
-1.348627715628817558e+00 -9.818025999406602145e-01 -9.013815038945041103e-01 -7.304524699932790632e-02 -5.855164791716084283e-01 1.974475160237628035e+00 -1.676352688104010946e+00
-7.336635371684536722e-01 -4.739779394839514493e-01 -4.377978584074329604e-01 4.130412500456387415e-01 2.906147447828003827e+00 2.848762616084493438e+00 -9.512521614679508852e-01
-2.208047439810957302e-01 4.520169560817551002e-02 4.648834717210331008e-02 5.058158491969665382e-01 -2.542487545492693624e+00 -2.743874759474556058e+00 -1.725936520217304926e-01
2.360332428176832031e-01 5.781063758595205160e-01 5.603582601081580350e-01 9.544867558156674425e-01 -1.713797228578769705e+00 -1.962063852462139435e+00 5.947716658533236389e-01
7.389234593583841049e-01 1.139122081668986652e+00 1.108828912551184320e+00 1.536761236382795159e+00 -7.791688962716775135e-01 -1.013842007929443900e+00 1.294265703058226080e+00
1.314764441151310859e+00 1.770341294797429077e+00 1.705023123163591059e+00 2.193363789354353610e+00 4.251243141585066554e-01 9.130877693502431613e-02 1.949796894304485217e+00
1.890826027801375098e+00 2.800323977174523638e+00 2.339926814146928713e+00 2.991270884304958244e+00 2.108814024755574668e+00 1.245705265396449768e+00 2.651327810894970050e+00
1.751000330338320365e+00 -2.480680969709548600e-01 -2.251000811389129441e-01 -2.085284794907267703e+00 -2.601307648812153150e+00 2.309252166152409025e+00 -2.635791031453557753e+00
4.314515121064027570e-01 4.594703127570736734e-01 4.070108125432349011e-01 -2.082038244621978451e-01 -1.254373393983130081e+00 3.376724870466649708e-01 -3.349271539895796179e-01
9.584355739181754652e-01 1.101701262037894535e+00 9.920684146054742358e-01 9.464215780626579200e-01 6.832006228401674153e-02 1.055929129529737276e+00 8.886387089857255006e-01
1.521185649441462839e+00 1.665672441282845195e+00 1.496812620027219154e+00 1.744164345009696415e+00 1.242909089280347601e+00 1.840135758929124066e+00 1.685929163051197222e+00
2.055138421735341225e+00 2.140817409310788566e+00 1.916265540487666952e+00 2.398194848807435609e+00 2.207020542600344193e+00 2.546586459609054831e+00 2.374769109220933316e+00
2.543727062989751708e+00 2.564176186778429400e+00 2.298318530212486444e+00 2.923025455959144647e+00 3.021964726910668197e+00 -3.138664295897947820e+00 2.979913791045273541e+00
2.981940363894084900e+00 2.995501989236059259e+00 2.699468028893408089e+00 -3.008752153595686263e+00 -2.554260126511775475e+00 -2.704116678885258196e+00 -2.813734823604144619e+00
-2.900126725656074544e+00 -2.815761988614398081e+00 3.136782354980193421e+00 -2.816461320510933231e+00 -1.951018100210957895e+00 -2.491250749402949882e+00 -2.506091501682559120e+00
-2.510346514322171707e+00 -2.327973116288122313e+00 -2.705846711361237666e+00 -2.605448224503090326e+00 -1.483905959498247773e+00 -2.366608149228227376e+00 -2.382859372651406460e+00
-2.093859886523882885e+00 -1.828957715362644842e+00 -2.256212225724785192e+00 -2.238778767688633931e+00 -1.176624748817310051e+00 -2.051858542371497229e+00 -2.163117664906997195e+00
-1.633012055182915923e+00 -1.317690996274805570e+00 -1.824621383284844134e+00 -1.759174338302156304e+00 -9.253840308932633762e-01 -1.567136944116594321e+00 -1.762950770101483045e+00
-1.132888037969105532e+00 -7.805815804988592843e-01 -1.551770921527985569e+00 -1.237281168637817119e+00 -5.902799270800895837e-01 -1.012160403549080101e+00 -1.298101493495949610e+00
-6.134737485553011238e-01 -1.766624567433214832e-01 -2.841084871480804352e+00 -7.534806922189497547e-01 -2.057917719598229556e-01 -4.493397783810882395e-01 -8.917297518957372215e-01
-1.049177656954008997e-01 5.233070478317115581e-01 -2.914733008747655951e+00 -4.738550572191646548e-01 6.252795320010905156e-02 5.389959063332012967e-02 -7.513916832128906265e-01
3.594783718898927338e-01 1.299162680400029135e+00 -2.578544324891946182e+00 -7.017405610784355208e-01 -1.654915266770854224e-02 1.016977842441956353e-01 -1.045228885831686938e+00
7.227336700886795029e-01 1.979791412222150271e+00 -2.284244256617418589e+00 -8.033810034101709352e-01 -1.757078396915432716e-01 -8.669875433479898863e-01 -1.012471308526987190e+00
-2.242709690144026435e+00 2.585706656111282697e+00 -2.218417018431266818e+00 -4.835239900974793725e-01 -3.607123263494835252e-02 -4.886479216824230476e-01 -6.330451485578686421e-01
-2.003149994864048988e+00 -3.097568467818685445e+00 -2.255724471905182771e+00 -4.336324709057488153e-02 2.063446517776863498e-01 1.257971521567318174e-01 -1.545624060351056817e-01
-1.706904024575740975e+00 -2.487967013033371977e+00 -2.071633024053593175e+00 4.165419059214424680e-01 4.170407390805693781e-01 8.329000862060901289e-01 3.486406778290446762e-01
-1.287316939536416571e+00 -1.835106045748438719e+00 -1.654780144891315974e+00 8.051097357930939724e-01 4.708110498925759946e-01 1.711941855772957100e+00 8.460808376083293059e-01
-7.735378661779810372e-01 -1.135594172783123579e+00 -1.108990804330268753e+00 8.321966283272896892e-01 4.044426664578789077e-01 -2.744151343480392136e+00 1.299340049606495739e+00
-2.012555590534033656e-01 -3.977274234515714157e-01 -5.020962240984486735e-01 3.645758847459557583e-01 5.388573113491368360e-01 -8.690782037988520337e-01 1.489565531061267434e+00
4.033458468269187081e-01 3.668411432029762276e-01 1.206011916452947447e-01 5.634125843039020642e-01 8.969196159991603690e-01 9.192293070891753570e-02 1.032268339692062664e+00
1.015831628275408738e+00 1.136500861738674262e+00 7.021381376574187261e-01 1.048468025144223992e+00 1.364390567513613206e+00 9.097127639414682720e-01 1.118183047228619609e+00
1.617211195273316138e+00 1.904317565562670733e+00 1.185696316328120448e+00 1.600579038845341140e+00 1.884095458567848658e+00 1.666669685553023195e+00 1.583329767379867858e+00
2.177008153095706167e+00 2.648101233164589896e+00 1.444305498422318479e+00 2.139557508806527952e+00 2.420850205685605161e+00 2.359870666282135598e+00 2.088272501182962149e+00
2.628273975509823224e+00 -3.034020141778998703e+00 1.446263226137505242e+00 2.579638983485533998e+00 2.925717309397603660e+00 2.926877240372598887e+00 2.462466070919223426e+00
2.842787664760799249e+00 3.051013867187690742e+00 1.628294261879796867e+00 2.826358069523260852e+00 -2.970607846397457674e+00 3.136645936835666504e+00 2.589320098016084870e+00
2.885995665621218453e+00 2.823423128529081172e+00 2.081191784621045038e+00 3.022333249931168364e+00 -2.798508597318579483e+00 2.990404205220003941e+00 2.775675192034244620e+00
-3.123430234775757874e+00 -2.877898939695416658e+00 2.635309571513580362e+00 -2.849283708782610613e+00 -2.674276272250953657e+00 -2.995115365043153677e+00 -3.038577388724701844e+00
-2.643916481136980412e+00 -2.212872838263038933e+00 -3.141370984038614367e+00 -2.284226074182331256e+00 -2.359782214793952893e+00 -2.467745792232826307e+00 -2.433593129614620931e+00
-2.092398279900105962e+00 -1.584635161771842160e+00 -2.814620767833043491e+00 -1.664699636910546676e+00 -1.903259764709090529e+00 -1.927171786526009400e+00 -1.789878576044128478e+00
-1.549696031325884737e+00 -1.176506740721257271e+00 -2.760705362269376906e+00 -1.049827006780145844e+00 -1.388165815472932385e+00 -1.464447623848330604e+00 -1.156677074368427593e+00
-1.075765233650778585e+00 -2.278610272144640181e+00 -2.561579491970782829e+00 -4.647340708810997478e-01 -8.594575812592170072e-01 -1.085244092259520343e+00 -5.346249279699439860e-01
-7.388140897076208580e-01 -2.207303634896163658e+00 -2.116835972920853237e+00 9.365217853652263447e-02 -4.635546524253142953e-01 -7.084703481292443650e-01 1.656559105395449538e-01
-6.078612230660702664e-01 -1.630734955461637048e+00 -1.486326789604522025e+00 5.191717082558923169e-01 -2.755834178542612811e+00 -2.968594627961932964e-01 1.626314806357268328e+00
-6.259283376447728475e-01 -9.720147920541366560e-01 -7.057237133491723879e-01 -1.629042222302778509e+00 -2.238049018710885907e+00 3.527493981430186720e-02 -2.550634964721891773e+00
-6.146793687325694533e-01 -2.667287237377002351e-01 1.785900986552543257e-01 -1.146687805070568444e+00 -1.706225894324226111e+00 -5.988444907650939397e-01 -1.751022828161031830e+00
-4.802065949860562233e-01 5.595221776845816786e-01 1.097239285282479271e+00 -5.915186456977177265e-01 -1.188786458511070565e+00 -1.036062093851309429e+00 -1.102090550746609665e+00
-2.310589871358726399e-01 1.653418177504361264e+00 1.925742625396180241e+00 -3.472398908619661606e-02 -6.782296030849098711e-01 -6.091731087472778139e-01 -4.907573458590917537e-01
9.305593065197945157e-02 2.864021072529450596e+00 2.648757450317185569e+00 5.338615412641737334e-01 -1.670135731992310191e-01 -5.828249778079300919e-02 1.209115398805943875e-01
4.255790275836120462e-01 -2.596500797195500532e+00 -2.994399713454585665e+00 1.115493712005331872e+00 3.303454043637196191e-01 5.240688596289657664e-01 7.411267716176097586e-01
6.927657201579989765e-01 -2.073980933662820547e+00 -2.489199965824489880e+00 1.704878074985323844e+00 7.898388831581311109e-01 1.125551215493203694e+00 1.369653889804032243e+00
7.917032813583693152e-01 -1.780729562759176599e+00 -2.238399308340945915e+00 2.280469733720275283e+00 1.203232291082871441e+00 1.789053752731280866e+00 1.996651231744366539e+00
7.056385173848607195e-01 -1.825390043702028509e+00 -2.449163891650461444e+00 2.837213574862573751e+00 1.668172275599540288e+00 2.829670477791563332e+00 2.648790647866080317e+00
4.301952599039511882e-01 -1.772172743246497317e+00 -2.273821122569148034e+00 -2.828585535984744492e+00 2.433475729787681008e+00 -1.994063232548012987e+00 -2.865023483569817397e+00
-6.557969189586795866e-02 -1.363139557407495595e+00 -1.718315913616470958e+00 -2.065415707086961206e+00 -2.522206614087934895e+00 -1.271336209053273159e+00 -2.007236540858099882e+00
-4.969160213007858123e-02 -7.812399454513272445e-01 -1.023197201217095342e+00 -1.210746891803553993e+00 -1.291012481606038875e+00 -6.886688666165842188e-01 -1.191090730615355087e+00
3.128368855743003385e-01 -1.271999074999010659e-01 -2.768894597381919565e-01 -3.771900294113965102e-01 -4.133423943319229354e-01 -7.187385070531825126e-02 -4.349710659178973593e-01
7.729684917540905476e-01 5.476352234626091775e-01 4.741880364408795900e-01 3.941678744589161010e-01 3.288158730344478697e-01 5.689427084839940862e-01 2.847447549497438279e-01
1.251562633887405518e+00 1.215929471952722940e+00 1.209544117158532384e+00 1.105038899129836771e+00 1.006135455110289678e+00 1.205116765189274464e+00 9.788450742673469041e-01
1.737427829709723426e+00 1.861097811448178652e+00 1.911645553493562577e+00 1.759749234790640271e+00 1.639828840496533768e+00 1.818209346880129029e+00 1.644159140467845726e+00
2.256879986042725772e+00 2.489509267054452302e+00 2.580903378211232724e+00 2.370505807777959717e+00 2.245932102586823742e+00 2.411518985685789929e+00 2.284271136291323501e+00
2.834331806620897787e+00 3.129150931268654734e+00 -3.053817490756053576e+00 2.955534633229933927e+00 2.835069100666345765e+00 3.010727324263822613e+00 2.914300146632753830e+00
-2.805979382018334523e+00 -2.470218355469145699e+00 -2.431985743354376339e+00 -2.759348448603154758e+00 -2.887235975801986321e+00 -2.631314527834927031e+00 -2.729257121661630148e+00
-2.089325242246355074e+00 -1.705836563881350632e+00 -1.806064397886642414e+00 -2.213288038011329562e+00 -2.410090903167656951e+00 -1.908337598400243085e+00 -2.058237828041884043e+00
-1.285402615750126154e+00 -8.668949246298742750e-01 -1.123114599726664942e+00 -1.718040992358503605e+00 -2.160675123216057703e+00 -1.056449040558292252e+00 -1.334594878175463073e+00
-3.877870667176929742e-01 -1.131973297285403246e-02 -3.718010648109775218e-01 -1.327497625905464274e+00 -2.175282495491301926e+00 -3.899095831960777692e-02 -4.762337372615955688e-01
5.595716150212107776e-01 8.023179206302515354e-01 4.062606736114957595e-01 -1.152195929317480161e+00 -2.002303141619698135e+00 1.041306446950042375e+00 1.203387794419627621e+00
1.439953972991445008e+00 1.534069431196772193e+00 1.155877120899837074e+00 -1.191516297431474136e+00 -1.619945778048660578e+00 1.946200102485178496e+00 -3.140649784234417652e+00
2.178128214155210962e+00 2.168253528132582097e+00 1.859148549448166321e+00 -1.051198264310946540e+00 -1.247438095782009038e+00 2.593164342000217726e+00 -2.214450422940223540e+00
2.816946700203803111e+00 2.712147522344812600e+00 2.515025780246783249e+00 -7.100983933506199719e-01 -1.153376496996897371e+00 3.030742915773895874e+00 -1.393445512686600551e+00
-2.841747158874842416e+00 -3.097186503175013428e+00 3.134424017926366268e+00 -5.817065710092713671e-01 -1.527704408270424308e+00 -2.897097225918867647e+00 2.132268203669525963e+00
-2.179363953736611403e+00 -2.681524816152364821e+00 -2.526749436517468972e+00 -2.102763365999946732e+00 -1.556555254550622713e+00 -2.483896297256172669e+00 2.918141050469534203e+00
-1.466854423294909227e+00 -2.433082238592319868e+00 -1.864243798870109048e+00 -1.817775616016625184e+00 -1.259441692277840863e+00 -1.984641945605952751e+00 -2.753978876194138614e+00
-6.956472759118851323e-01 -2.998529570411941236e+00 -3.683896696689750033e-02 -1.424371399213446798e+00 -8.838243922697731625e-01 -1.446733646849921451e+00 -2.211797242650112238e+00
1.647195013800263341e-01 2.793958595150045188e+00 2.147111275991200774e+00 -1.109191737196201455e+00 -5.622878685463547077e-01 -9.169670310643706079e-01 -1.735898440624556338e+00
1.218005071346757617e+00 3.059645641892754675e+00 2.810225074233678733e+00 -8.172139644347945486e-01 -4.161400645308301893e-01 -2.943412591616213492e-01 -1.275133642684539215e+00
2.774271269691405362e+00 -2.846279147999345671e+00 -2.913421144389385375e+00 -4.578051588204398170e-01 -3.839345644593021301e-01 8.188849959693189628e-01 -7.730858414601436968e-01
-1.955800102422658338e+00 -2.457816606263348191e+00 -2.399985748454520174e+00 -7.152344295502646720e-02 -2.579832583882807895e-01 1.924696061835486027e+00 -2.200148214079964137e-01
-1.115810353945901445e+00 -2.100935534155131013e+00 -1.931330036119987215e+00 2.685789969491557683e-01 -6.338714622098613749e-02 2.694352884463375730e+00 3.656183296416599671e-01
-1.740455114855813834e+00 -1.768122113097060799e+00 -1.475679291181909214e+00 4.840519034316755898e-01 1.510626550947452573e-01 -2.935984865821925194e+00 9.307054581013259886e-01
-1.087583073024869895e+00 -1.454253395867133092e+00 -1.025774216539608874e+00 7.100866815015545175e-01 4.694819387137836864e-01 -2.338233423486534956e+00 1.429475321103237606e+00
5.036261641561108338e-01 -1.190160402390159744e+00 -6.065735296665701881e-01 1.155317968817783925e+00 9.171870831293752468e-01 -1.836640841892312359e+00 1.848913345868125946e+00
2.013284927831686666e+00 -1.031824995904620401e+00 -2.593631879725699085e-01 1.851770285813271411e+00 1.476972616074323286e+00 -2.344917121556163497e+00 2.276005139822993684e+00
2.994738546853271011e+00 -9.028426917715961508e-01 -5.900552893707504409e-02 2.728837210937762325e+00 2.151149022090482532e+00 -2.958147399876311923e+00 2.799839115104702181e+00
-2.491281562037670039e+00 -6.191767212598603409e-01 9.712072285653411408e-02 -2.616008664085379909e+00 2.952971385790066794e+00 -2.451359189412826378e+00 -2.873514198752956439e+00
-1.748403141987262543e+00 -2.093847612834145444e-01 3.494287042688146716e-01 -1.741259177806177227e+00 -2.440936671665027813e+00 -1.854798629220579587e+00 -2.198318493428840004e+00
-1.020014726034497388e+00 2.531454130365715094e-01 7.138413310902456121e-01 -1.000089680959467042e+00 -1.587950006816368775e+00 -1.265420067278614225e+00 -1.486231241007353265e+00
-3.013760146605705681e-01 7.001388023356861501e-01 1.090534374614972268e+00 -3.801928196791707348e-01 -8.359336718360216301e-01 -7.274144513628919562e-01 -7.486132874512462232e-01
3.773114743958900785e-01 1.118926610064542970e+00 1.428649280474568961e+00 1.680806169551692097e-01 -1.671667132952920909e-01 -3.040699419005676862e-01 -5.024844681494088257e-03
8.820392991842830321e-01 1.477861719367989490e+00 1.696002069131250289e+00 6.719372091137107983e-01 4.467643399354188638e-01 -4.223166775301737119e-02 6.600192502964301600e-01
6.587623460545483089e-01 1.749456279749169063e+00 1.930134021421852974e+00 1.161044309440027567e+00 1.038612489745099010e+00 2.443906734536414327e-01 1.168827851487174829e+00
4.216963450336448371e-01 1.935630750905860564e+00 2.176104955670886909e+00 1.654198395943222266e+00 1.631415517210984545e+00 7.632237542017945575e-01 1.629414891734044968e+00
8.476350957605512937e-01 2.104236650990235713e+00 2.371417237810036216e+00 2.171742655720823034e+00 2.255487152556685970e+00 1.499938119800958258e+00 2.199693054429179728e+00
1.398967531830237920e+00 2.358181366422268610e+00 2.502499155140402554e+00 2.715699883407567850e+00 2.930876731384177258e+00 2.387619271351402173e+00 2.821248728721735155e+00
1.961772488098974865e+00 2.656818284896990345e+00 2.634012198091510104e+00 -3.023483685296017853e+00 -2.651073288014065721e+00 -2.983564952791068148e+00 -2.868144501584166228e+00
2.485231465452077515e+00 2.885219473971841087e+00 2.816661966570364939e+00 -2.508959500790563180e+00 -1.964721523391877112e+00 -2.178306748241653601e+00 -2.325445273116063749e+00
2.919828959782473365e+00 3.015049593665090288e+00 3.010542990196587443e+00 -2.059128569135815212e+00 -1.333757384508940769e+00 -1.517879417740282566e+00 -1.849569220515967505e+00
-3.021005644163526682e+00 -2.979177658410037566e+00 -2.993480877948251351e+00 -1.671016468974295455e+00 -7.818143116999221043e-01 -1.006979686963960230e+00 -1.423495392320732966e+00
-2.703109228598939318e+00 -2.555001149442383657e+00 -2.648238947797252330e+00 -1.331532679820915721e+00 -3.355230704036972211e-01 -7.773499880102444637e-01 -1.022922529106530254e+00
-2.366152177276103163e+00 -2.105648777306754482e+00 -2.253984093537877431e+00 -1.059874209962351266e+00 -5.304063270121565921e-02 -1.393070822872561232e+00 -6.463506228474784621e-01
-2.069178386503998102e+00 -1.711032437849533849e+00 -1.836577648188508771e+00 -8.924172385323142498e-01 -1.310674128383647417e-03 -1.530319862516234197e+00 -3.509892928511399446e-01
-1.832157320921375288e+00 -1.371081279668791009e+00 -1.396529226046038463e+00 -7.781923956713820978e-01 -1.207570688245638985e-01 -1.175824293619309735e+00 -3.046954248317481628e-01
-1.571208783534310927e+00 -1.078496064250201281e+00 -9.713120007111580856e-01 -5.862313013785388494e-01 -1.205922494430758385e-01 -7.260773049182343009e-01 -3.914237263100337483e-01
-1.258073358644009598e+00 -8.660835431571431986e-01 -6.182463208379196384e-01 -3.252303923391285378e-01 4.075097143775858327e-02 -2.530037148086913268e-01 -2.115178981148687909e-01
-9.657645051198070485e-01 -7.232577675790404781e-01 -3.375026907376993957e-01 -6.437697578497696138e-02 2.958969171485587024e-01 2.220417113825338962e-01 1.637292281476118161e-01
-7.189456966957933348e-01 -5.782421435723790193e-01 -1.194629962449414301e-01 9.666611671311689524e-02 5.939956328037576672e-01 6.636206936453006300e-01 5.821152080112407257e-01
-4.401421167844477011e-01 -3.791109723725969993e-01 -1.491071820568475384e-02 1.269598144406202944e-01 9.162235224357492269e-01 9.503643329953795904e-01 9.429178861637966813e-01
-1.353656854039487489e-01 -2.291639454240877727e-01 -4.350866545155409049e-01 1.283286996813557401e-01 1.238881029163849901e+00 1.229466082126447757e-01 9.794710654597030830e-01
5.140891533795666907e-02 -2.209870618128167152e-01 -7.077509442023848241e-01 2.277721039005486114e-01 1.555864817374323028e+00 -4.254169315177921407e-01 3.901004986781660411e-01
-3.569422139231652191e-01 -2.053671099390909083e-01 -4.512934111887185185e-01 3.705177073947110711e-01 1.856195944666086506e+00 -2.622080978017726771e-01 2.493359881395289246e-01
-8.457976620780714994e-01 2.186040425359783365e-02 -2.777206191271779437e-02 4.934990988072551765e-01 1.372697946202133812e+00 -5.610237567863262526e-02 3.934093664039209348e-01
-7.597701076309210100e-01 3.480675265568868859e-01 4.095462418166046503e-01 5.481623973813649631e-01 -1.958307225703650734e-01 1.843334512822876470e-01 4.958405676501942971e-01
-5.162448203513286815e-01 6.496478226192993199e-01 8.073818799557025416e-01 5.955376516338116710e-01 2.104072249250335536e-01 4.791772682177130593e-01 4.934747103939166046e-01
-2.600515371632323158e-01 6.243144276492896827e-01 1.048903572955217856e+00 7.137069047567315971e-01 6.935575794029806840e-01 8.155837685993316821e-01 4.956450557273889279e-01
-3.764261455273109486e-02 6.811219033347166996e-02 8.890489315760693456e-01 8.974492357936553200e-01 1.190925588053434625e+00 1.172717413957873989e+00 6.104529998986042427e-01
1.693663217653341713e-01 1.857995470190148546e-01 6.405638226544754232e-01 1.073958787757877342e+00 1.598024656702542234e+00 1.504027229355338280e+00 7.871508162245064444e-01
4.160099726885084781e-01 6.262198843049018304e-01 8.401275030265876742e-01 1.224618700146240746e+00 1.529146617956359977e+00 1.732948462411177948e+00 1.014091314103234831e+00
7.001483564976844765e-01 1.110172001353545213e+00 1.185728589500663954e+00 1.403538609284439742e+00 1.101944956474422366e+00 1.797449663051679858e+00 1.304368802123073934e+00
1.021437613542488076e+00 1.551129017391128073e+00 1.529953955812092259e+00 1.657952123529943922e+00 1.376777956037414263e+00 1.819238801978562803e+00 1.653614792689898305e+00
1.398116580426024269e+00 1.925963209825620748e+00 1.832243758967432967e+00 1.974731895962838157e+00 1.868683468591137764e+00 1.993538424685785682e+00 2.035037436312860493e+00
1.837062313818988990e+00 2.267497621899125182e+00 2.118882426779842287e+00 2.328090359379257457e+00 2.408212745533246490e+00 2.296576820017067977e+00 2.429807791465212752e+00
2.325025441159414008e+00 2.614730624008430926e+00 2.442548519196420465e+00 2.693749645233942669e+00 2.958353504798638678e+00 2.637221240199012495e+00 2.820675301875861685e+00
2.854099008919481761e+00 2.968791960919309414e+00 2.836720034368492183e+00 3.024527447102735245e+00 -2.769741269447079990e+00 2.961407789481242059e+00 3.137772018826293863e+00
-2.834781090981575158e+00 -2.952792857231238965e+00 -2.936408694668500186e+00 -3.000473538307529608e+00 -2.182993767864109369e+00 -2.995460492864440383e+00 -3.057824614814957265e+00
-2.074475784654180366e+00 -2.744872908020230096e+00 -2.243701113898509458e+00 -2.838954420651331745e+00 -1.464746323482712054e+00 -2.594388834235999752e+00 2.942917236210570664e+00
-7.226575545637126119e-01 1.652628241927616148e+00 -3.897269323394052520e-01 -2.866815895682300219e+00 -2.749380571644797211e-01 -2.020519066035256994e+00 2.771884178374165675e+00
7.382925343850973432e-01 1.855849544584448729e+00 1.181560594464570846e+00 3.009570225275730593e+00 1.136863307738202211e+00 -7.295354781972062108e-01 2.838573411116960266e+00
1.504899684143242489e+00 2.207735726535719145e+00 1.790446885120133835e+00 2.880067782896332140e+00 1.989760740619149093e+00 1.122471473224390559e+00 3.035213622704413972e+00
2.020856908356596371e+00 2.477142500046025209e+00 2.194592765400512402e+00 2.986305626956368364e+00 2.618460340936017872e+00 1.796012212826531673e+00 -3.007631454271054050e+00
2.408695651078769373e+00 2.690489276959204812e+00 2.520863456534141012e+00 3.044386524124251814e+00 3.137919633887130466e+00 2.178963224239214735e+00 -2.780050338367809459e+00
2.733835420132467497e+00 2.924284341456159009e+00 2.860254888634650161e+00 3.019855641901016519e+00 -2.771074459089741815e+00 2.390002431808032402e+00 -2.883254077429108886e+00
3.054138820256692810e+00 -3.094329276093085390e+00 -3.050509918666237663e+00 2.993784170006653422e+00 -2.709933692444995490e+00 2.580329245752502221e+00 2.213760067678013144e+00
-2.918299011681646515e+00 -2.876230918756081500e+00 -2.721667766237176433e+00 3.035375618328539638e+00 -2.995637875091011981e+00 2.837388687234700058e+00 2.332326227888427361e+00
-2.637103774389577993e+00 -2.715286616553666654e+00 -2.459431693273541164e+00 -3.005921027455117134e+00 -2.952935146677728273e+00 3.135073657050484019e+00 2.782885175596865324e+00
-2.400543246480439485e+00 -2.609258892191279600e+00 -2.266955312771127939e+00 -2.622157282133774192e+00 -2.653243934245401281e+00 -2.840422817641415687e+00 -2.991553849972308665e+00
-2.216510482548350147e+00 -2.529560220480508992e+00 -2.174996653753006548e+00 -2.191936340184022391e+00 -2.295485978285599860e+00 -2.541515346523997909e+00 -2.487653440249576242e+00
-2.047469657336495885e+00 -2.372814253404822438e+00 -2.242146768700301163e+00 -1.785716145308458236e+00 -1.953592404219049117e+00 -2.281772086264961086e+00 -2.035534984362929123e+00
-1.697811032374640261e+00 -2.033178203851743415e+00 -2.147177084167589456e+00 -1.406792136848263430e+00 -1.621216317376283911e+00 -2.098832946842126290e+00 -1.642036335454453599e+00
-1.082776891583169254e+00 -1.580341732912498465e+00 -1.853297769207430834e+00 -1.015542862164846349e+00 -1.272430284140606993e+00 -2.146201004906564513e+00 -1.320613751509264633e+00
-2.339775096644824137e-01 -1.190008301158478776e+00 -1.638649228070201858e+00 -6.671832984522233501e-01 -9.376935018204022310e-01 -2.694179769862175444e+00 -2.040393843781608041e+00
7.942244440510312087e-01 -3.112459744574433085e+00 -2.124889274610543222e+00 -2.547488541474605572e+00 -9.455790583121201909e-01 -2.842142551870186828e+00 -2.902441502373057869e+00
1.861644106776572549e+00 -2.716547570119625110e+00 -2.195286420749809508e+00 -2.319424401808804603e+00 -1.979369182794800119e+00 -2.553457134162085751e+00 -2.458574754130573137e+00
2.847621601520328838e+00 -2.145529912319707577e+00 -1.749880316800741964e+00 -1.797889294267897675e+00 -1.789819738262695470e+00 -2.117746818824373101e+00 -1.942104685606835801e+00
-2.548701869290722843e+00 -1.559413350459753822e+00 -1.201398653204846845e+00 -1.261191579365679605e+00 -1.313030498137978341e+00 -1.631594884315822114e+00 -1.439761878199032452e+00
-1.752187743159742128e+00 -9.845111020029091442e-01 -6.501717905135249165e-01 -7.433744312548740130e-01 -7.899381467506110255e-01 -1.141778695560827561e+00 -9.712103783154726333e-01
-1.042960213782394341e+00 -4.309055262080654369e-01 -1.365026237470985948e-01 -2.532682013014734279e-01 -2.766778341545621522e-01 -6.643619374572700131e-01 -5.200375027411990869e-01
-4.312365014903864480e-01 9.067232671108435560e-02 3.264018808896843038e-01 2.140953977525980600e-01 2.038394574455419106e-01 -1.883160592121012611e-01 -5.892602454922944710e-02
6.205889662217439068e-02 5.307606949959013942e-01 6.867248404818361296e-01 6.550981632064468707e-01 6.469176719965705757e-01 2.951650436705890446e-01 4.165217366931301957e-01
4.394433554010657161e-01 8.462186875072320591e-01 9.194767973670208150e-01 1.087891328904740051e+00 1.079160021512967527e+00 7.676455657152863044e-01 9.351458756250669024e-01
7.476310150044408465e-01 9.947592471449820950e-01 1.039295791009018810e+00 1.533798862459983425e+00 1.526069988587792192e+00 1.162384684405794788e+00 1.523389403254676422e+00
1.057024619874746385e+00 1.004756532658785950e+00 1.129951105807941225e+00 2.001763057131070500e+00 1.980256500914983286e+00 1.264587316923420968e+00 2.200120024620420001e+00
1.348174121059652952e+00 9.763891148209616899e-01 1.209369164128474949e+00 2.467719828101338830e+00 2.366969802744377738e+00 7.802006586021424939e-01 2.965609654020472608e+00
1.601899207205320197e+00 1.132135486646715039e+00 1.358554899611010613e+00 2.838057222661376944e+00 2.182777553082280164e+00 7.726839869132506866e-01 -2.528056787128426297e+00
1.886145401993049475e+00 1.426385924483616563e+00 1.603188363014502293e+00 2.734523698874859132e+00 1.048679696816030349e+00 1.138135963597726841e+00 -1.880203413810360047e+00
2.326505483717301814e+00 1.747236512371915795e+00 1.893117820056859912e+00 1.882868357852201635e+00 1.151691397323755250e+00 1.589207914851523018e+00 -1.661584050944154178e+00
-3.033365437810938481e+00 1.958133833606405583e+00 2.084201300559834102e+00 2.304999173368452503e+00 1.354364857287027268e+00 2.010200117477144222e+00 -1.511316561421518934e+00
-1.589413342914388405e+00 1.887759996997091516e+00 1.835880061577609412e+00 -2.106697652367527596e+00 1.473869375417256711e+00 2.250201258691453710e+00 -1.118389644464477417e+00
-8.306798995880152470e-01 1.904784186203025032e+00 1.710915911897886499e+00 -6.925420711279055563e-01 1.476395804006424228e+00 2.130225888520108857e+00 -6.040744417811410027e-01
-2.929051833191764209e-01 2.284585930121057373e+00 2.070453585314399270e+00 8.759533529674498609e-02 1.527916165920985447e+00 2.117706192959824207e+00 6.587511399778077717e-03
2.370133847439327701e-01 2.865897505311539639e+00 2.660148413518292454e+00 8.091034838639035165e-01 1.789376807893964694e+00 2.456686896976045809e+00 7.126327286601851219e-01
8.226315405329505115e-01 -3.066903810353474036e+00 -3.019452756708158603e+00 1.594389294867476936e+00 2.236956892588696011e+00 2.930119322767998025e+00 1.612680574497417085e+00
1.491285493573385024e+00 -2.823988118034871597e+00 -2.465236583529534453e+00 2.507877779442894361e+00 2.813932566313666506e+00 -2.844192750144715731e+00 2.737574317586015660e+00
2.351894225475911426e+00 -2.334287814756559776e+00 -1.942241388431396931e+00 -2.766231634109574955e+00 -2.804007232576952724e+00 -2.322169360708867814e+00 -2.516537044195927386e+00
-2.554004687715458299e+00 -1.705405296327666020e+00 -1.338755279587471536e+00 -1.824473261327320461e+00 -2.073673741077833199e+00 -1.774072479272213343e+00 -1.708179885990833036e+00
-1.148370920850926513e+00 -1.061602545772773576e+00 -7.108066356005030562e-01 -1.026495031061601448e+00 -1.318795459368375944e+00 -1.201804505894581432e+00 -1.022710807318922388e+00
-2.849585350724926913e-01 -4.397523961384014468e-01 -1.071264562906273227e-01 -3.422432519592290001e-01 -5.903242955476628584e-01 -6.251584788470366805e-01 -4.045353128766164263e-01
3.527806989235132140e-01 1.535694385410687757e-01 4.471047144707876453e-01 2.496644836165894110e-01 5.473597212682741048e-02 -6.523685142138822834e-02 1.551278226183374354e-01
8.829841394407559330e-01 7.231337395766557208e-01 9.320324838442008986e-01 7.586274753018218409e-01 5.630614380805361030e-01 4.695446514035236385e-01 6.422054155395758857e-01
1.366888512985026560e+00 1.292723389868841055e+00 1.378714515381781247e+00 1.235963332202942633e+00 9.614071445197842625e-01 9.850541427826056129e-01 1.083191439971449954e+00
1.819246600102315981e+00 1.855791663759498000e+00 1.811607816379700475e+00 1.717875382791280492e+00 1.363525449576608040e+00 1.480691940948288376e+00 1.513314439792687649e+00
2.203724502389317941e+00 2.379798214246028998e+00 2.221010657216679007e+00 2.192810316033468432e+00 1.816301979819975987e+00 1.940083083539843267e+00 1.928438984536695155e+00
2.474838961298832185e+00 2.826921967274097724e+00 2.579292639381530527e+00 2.612793037613567737e+00 2.270473617543871114e+00 2.340546447540293062e+00 2.243002836629444108e+00
2.667190525711020666e+00 -3.110182235960947228e+00 2.859964626557556677e+00 2.901179303983800306e+00 2.660732453077200965e+00 2.661486304996915742e+00 2.284726927514849848e+00
2.896143175888811871e+00 -2.833212632542466469e+00 3.072704150016476454e+00 2.977713149041796292e+00 2.937863926480082100e+00 2.864173921478745832e+00 2.124775042094003474e+00
-3.081608556724988457e+00 -2.613895132314218550e+00 -3.073675079805407329e+00 2.870094977898502098e+00 3.099936046468624529e+00 2.897299988363051249e+00 2.198363183065810134e+00
-2.697143856072899304e+00 -2.404161447929991091e+00 -2.984038535675694881e+00 2.930020438040703112e+00 -3.019958313825259033e+00 2.899256799979157861e+00 2.532508451692333740e+00
-2.249583024202802317e+00 -2.183088885326346151e+00 -2.921660502894213529e+00 -3.106166163899695132e+00 -2.809056851626829943e+00 3.046659947037015037e+00 2.980949285793383918e+00
-1.762452469972731306e+00 -1.971165232287557689e+00 -2.806429008460403551e+00 -2.811614528821321013e+00 -2.619667239480639953e+00 -3.015921567569969319e+00 -2.840761857656354028e+00
-1.304887513835957469e+00 -1.933010454846832316e+00 -2.605532328864040625e+00 -2.557497327867614967e+00 -2.455180768151686621e+00 -2.826945323261083054e+00 -2.513943629663264456e+00
-1.082441815756884695e+00 -2.025392290437777021e+00 -2.293089186893786380e+00 -2.254134567080139817e+00 -2.161318458185275126e+00 -2.619731070265079342e+00 -2.242962856243603920e+00
-1.336264401439952731e+00 -1.849298320642434490e+00 -1.895981695826773006e+00 -1.814707378998154041e+00 -1.697766174324982558e+00 -2.269783403224594487e+00 -1.743166391962487127e+00
-1.197376837561831442e+00 -1.409977283495852829e+00 -1.441806716814351130e+00 -1.249793605182545786e+00 -1.118187752570582116e+00 -1.772751791344580052e+00 -1.020991155586372878e+00
-6.989331956330137041e-01 -8.566939991916596719e-01 -9.795951275908622025e-01 -6.066510689456120486e-01 -4.688717680139359301e-01 -1.180959975291320907e+00 -2.100030058182410231e-01
-1.120433875361891568e-01 -2.665483690682511897e-01 -5.655838626043440120e-01 7.614837480195457697e-02 2.257931383044422258e-01 -5.288794409625747761e-01 6.011688743002799873e-01
4.870404880619819132e-01 3.394250259273234871e-01 -2.116161279334635437e-01 7.850038040064037936e-01 9.718298419545169375e-01 1.663282970429912355e-01 1.387686001262025570e+00
1.069113097478297414e+00 9.312779965090630663e-01 9.006730096803974850e-02 1.506636929132016300e+00 1.802726758992070133e+00 8.916678978811357625e-01 2.130426609120015247e+00
1.627862629614087453e+00 1.497348238175826518e+00 3.465301297569344241e-01 2.249416188626511826e+00 2.759362698147478810e+00 1.643330906925985602e+00 2.824351148244332865e+00
2.157561333619669508e+00 2.002639713558598711e+00 2.890122648797003868e-01 3.023126380819406211e+00 -2.598177034184560696e+00 2.449463940689532215e+00 -2.796549454821342096e+00
2.655545670031964178e+00 2.393148522971443981e+00 -2.230792533947723866e-01 -2.517267870456191492e+00 -1.922947791577119370e+00 -2.832335962698078635e+00 -2.173307309704790580e+00
-3.134205086946169505e+00 2.626879185106757664e+00 -4.181562931889116763e-01 -1.882414923829292652e+00 -1.416751961419946859e+00 -1.592440486561931268e+00 -1.571283103677456827e+00
-2.577974194655768603e+00 2.155174073343685937e+00 -3.580307133468496605e-01 -1.415291744180593225e+00 -9.872889523537023981e-01 -2.122447982479063189e+00 -1.001077287608913347e+00
-1.820995957436485346e+00 -7.281456960918786248e-02 -3.056248025707112292e-01 -1.083676114650738764e+00 -6.050772674332091094e-01 -2.394852224413728248e+00 -4.916991318844524672e-01
-1.099291250142401255e+00 1.025168979103512207e-01 -2.025041630904354517e-01 -8.437236554276101863e-01 -2.678625768006777097e-01 -1.926335642318752317e+00 -9.766550125817059780e-02
-7.242612832329441419e-01 3.403166416147276885e-01 -6.712199299411418518e-02 -6.716231482355080606e-01 -1.164952444253840834e-02 -1.425642663364266260e+00 -3.017383627327999834e-02
-5.023775264682999175e-01 6.279577442484767236e-01 1.248171924525369597e-01 -4.817824393967310992e-01 1.623412280277559683e-01 -9.256056867651474285e-01 -1.404416559818216781e-01
-2.791205329559731108e-01 8.020379116600401259e-01 2.953847474041903509e-01 -2.824661035760376304e-01 2.973671329923165407e-01 -4.447817767895384522e-01 -4.487887705056573667e-02
-2.266649698041873703e-02 7.581390949656794387e-01 4.460947347022285459e-01 -7.942788234013059556e-02 4.203204491574404345e-01 -2.083587986211279247e-02 1.855768351230359381e-01
2.262199185632955967e-01 5.945114837093264937e-01 5.526701402065608004e-01 1.216356505072497540e-01 4.869715226723960178e-01 2.750549946660441614e-01 3.809577519906720555e-01
4.773892956142473665e-01 7.107425539977291207e-01 6.705132815007416314e-01 3.801339977133849080e-01 5.728137459965001455e-01 3.908415070771126820e-01 5.674305034759190569e-01
7.341010216267640498e-01 9.608245448281595991e-01 7.790043631680707570e-01 6.830081544966737361e-01 7.684768240190634758e-01 4.278550587240448344e-01 7.965548947394325285e-01
1.010081535435996658e+00 1.266731180327479445e+00 9.087645472955530046e-01 1.021729371875883530e+00 1.073171254088044257e+00 5.898812460896266652e-01 1.124653231239439055e+00
1.293266053188703468e+00 1.604085412112946418e+00 1.034714305914804289e+00 1.372708210125786810e+00 1.444036376466211191e+00 8.911420861151952977e-01 1.522373217357592123e+00
1.570153631784106496e+00 2.048985660294378786e+00 1.138520427056019191e+00 1.728083087087209258e+00 1.850787833070945965e+00 1.274813642912424827e+00 1.969957813397686941e+00
1.790419939880861788e+00 3.038675394746634950e+00 1.172558649831894506e+00 2.064530002123344143e+00 2.263582855634642232e+00 1.709982682411243404e+00 2.483366712252514485e+00
1.574569253211920872e+00 -1.428284968664370602e+00 1.158754745941389164e+00 2.297310487122458778e+00 2.639686308350872590e+00 2.314723759340694631e+00 -3.118360170375029217e+00
3.608645997488469925e-01 -6.423162111084124160e-01 1.080839498308808988e+00 2.768655019219724012e-01 -1.049401040620088002e-02 -9.685358909623879020e-01 -1.848211998426682046e+00
4.768377067509170786e-01 -4.816249928176976475e-02 1.048791768774850919e+00 3.275963387573176400e-01 3.062339272304807625e-01 -2.209086133655293882e-01 -5.467252187445168499e-01
8.153129332279585029e-01 4.948599400170755058e-01 1.162565613671042497e+00 7.309751432937289239e-01 6.692577595281108405e-01 3.937568533751901190e-01 2.075379097333829304e-01
1.171666128675779905e+00 1.003600411149678795e+00 1.395020458072958380e+00 1.182901607795475485e+00 1.061373692288790638e+00 9.913204092248435462e-01 8.010639598085551594e-01
1.492859142203260214e+00 1.448750229690184854e+00 1.668745301094457734e+00 1.611043797356512597e+00 1.469426234514116247e+00 1.541195817599400497e+00 1.308856145558165540e+00
1.777966310054227117e+00 1.819966130230367574e+00 1.947429976810157282e+00 1.975671833317361070e+00 1.879602247341444654e+00 1.999518641375693795e+00 1.741698603456160344e+00
2.046827098614047991e+00 2.127516655516472177e+00 2.215526402588930299e+00 2.274020296449880796e+00 2.280880330237524234e+00 2.337290091633560163e+00 2.103747725369291111e+00
2.314300166924553981e+00 2.393521974530256280e+00 2.447353028924617924e+00 2.551749681851090301e+00 2.670566038498910721e+00 2.590676551084232226e+00 2.429380625233321656e+00
2.586350581836600160e+00 2.637064900778987475e+00 2.648965140620710201e+00 2.870447834945224930e+00 3.053874488724202862e+00 2.849481620018661232e+00 2.765742278837210133e+00
2.843543118861574293e+00 2.814132907466690980e+00 2.779798033790012113e+00 -3.075364035147280628e+00 -2.868142009949905979e+00 -3.137134656014248346e+00 3.091765664287522863e+00
3.066266247317368077e+00 2.924543249646037069e+00 2.874611781486223538e+00 -2.728279563170779909e+00 -2.534481106383626781e+00 -2.818869586813243178e+00 -2.881082831165613811e+00
-3.076639471107093904e+00 2.965165877193915556e+00 2.928417927597562809e+00 -2.415499458326947568e+00 -2.251935662003093697e+00 -2.525381109962347548e+00 -2.643725673324208270e+00
-3.036814097624526365e+00 3.015639614435174476e+00 3.012163231188170531e+00 -2.123417732871959895e+00 -2.035221241906706613e+00 -2.300005756709608384e+00 -2.500763244529240925e+00
-3.117838059743535783e+00 3.016189167669010907e+00 3.039751556373443631e+00 -2.011574332133633902e+00 -1.957822035617484246e+00 -2.211620932224007685e+00 -2.708523713825448986e+00
3.078870205490676693e+00 3.025686226123825762e+00 3.079982750706991457e+00 2.764101108009927366e+00 -2.220349721404613952e+00 -2.358212381148099279e+00 3.065905795441363768e+00
3.086604036842660825e+00 3.063226547216030493e+00 3.118160219376632458e+00 2.568592293262080162e+00 -3.064382795559319472e+00 -2.814271770568892439e+00 2.886721435368450717e+00
-3.009147046349546883e+00 -3.001525985854923029e+00 -2.956670805210589670e+00 2.966060530336689371e+00 -3.096843850924550612e+00 -2.935949026180863175e+00 3.125898194930750051e+00
-2.713571628470434316e+00 -2.696597985822750232e+00 -2.670476753969448058e+00 -2.894404754626490828e+00 -2.795776830054482076e+00 -2.732025361215509207e+00 -2.822368930798200726e+00
-2.275496934573159713e+00 -2.236344487013307791e+00 -2.205907710866358951e+00 -2.321684416721514932e+00 -2.294764785994654943e+00 -2.323274244747282058e+00 -2.300231905885850026e+00
-1.742682399639795543e+00 -1.714067719447550209e+00 -1.671601616655553180e+00 -1.699232308006000114e+00 -1.738379259905825203e+00 -1.833289681312713748e+00 -1.721975632076162110e+00
