1.573250641457017762e+00 1.617684328095074342e+00 1.600670626169231392e+00 1.628503790523816885e+00 1.618982059077188174e+00 1.557591755244956966e+00 2.968117200248666876e+00
1.924560227110407196e+00 1.540101734037304881e+00 2.098154484089338911e+00 2.249648644707304967e+00 1.787627177224494268e+00 1.944284598752275439e+00 3.130972124753114372e+00
2.283975199454012728e+00 1.367092299712091119e+00 2.551969064308432067e+00 2.817784775177305079e+00 2.170676616184787022e+00 2.275838562943375276e+00 -2.687745622653479494e+00
2.582931463086018731e+00 1.399162951130656252e+00 2.741835407421811421e+00 -2.931873377036299910e+00 2.678141096127266696e+00 2.566124688954633193e+00 -2.173496237794982022e+00
2.885574142825888533e+00 1.704417883170567860e+00 2.286087396978275788e+00 -2.393511176888310832e+00 -3.110933202469598147e+00 2.829702622500412268e+00 -1.779717466348499144e+00
3.077248607187562879e+00 2.157214016784434918e+00 2.139609347363780945e+00 -1.923236296875134643e+00 -2.599213660323288266e+00 3.084399343224948353e+00 -1.527977983212430280e+00
-3.031814010470041509e+00 2.701628278719837795e+00 2.513654534298130905e+00 2.886455465491240435e+00 -2.142884726109774096e+00 -2.960428989272532618e+00 -1.454786871483795929e+00
-2.946031878570560369e+00 -2.935748270635512913e+00 3.024770848258277134e+00 2.555667970855386439e+00 -1.862992334378933856e+00 -2.796895757694145335e+00 -2.022940858983671930e+00
-2.851208673281859340e+00 -2.086288058069245555e+00 -2.671264953952865007e+00 3.037525422548833731e+00 -3.029409739960270631e+00 -2.754668936548227531e+00 -2.699940224530972710e+00
-2.793183177103341297e+00 -9.041774758763003739e-01 -2.012916337573054992e+00 -2.739506582583141281e+00 -3.063911304824650461e+00 -2.702546335459133697e+00 -2.389415781931571114e+00
-2.657116003183374708e+00 3.270204299879269638e-01 -1.106221972647086105e+00 -2.207253716780031461e+00 -2.650792407735197642e+00 -2.561495527317315890e+00 -1.902847002182427971e+00
-2.523632372306284566e+00 1.290488765668789783e+00 6.370590094942754078e-01 -1.615168334650318283e+00 -2.145132042927170524e+00 -2.404949006861991645e+00 -1.257726845731738541e+00
-2.340548420903447724e+00 2.092831943494805724e+00 1.833226570469596250e+00 -8.582296456607811930e-01 -1.599440034723679238e+00 -2.257512598927889691e+00 -4.254439982322841263e-01
-2.173517985101560690e+00 2.818210392177587842e+00 2.521827820956162203e+00 3.036472211394345422e-01 -9.767530211120314387e-01 -2.047820942184899629e+00 5.623001161842646756e-01
-2.043575804335317159e+00 -2.794013263024700322e+00 3.092090931102182694e+00 1.685633127217441185e+00 -6.654065505886724852e-02 -1.767016844361488648e+00 1.571277391880531171e+00
-2.068732236026256111e+00 -2.181108471983050912e+00 -2.662945589924682999e+00 2.664341632743101762e+00 2.081917586711115042e+00 -1.482206126151784042e+00 2.451701231246246060e+00
-2.142619852395880375e+00 -1.604467790377168912e+00 -2.136650571807054977e+00 -2.856246671453323227e+00 -3.099160985103458721e+00 -1.291544777925357046e+00 -3.050074211570541927e+00
-2.120094817993093184e+00 -1.043282443373868995e+00 -1.595433121532011000e+00 -2.173319422775820797e+00 -2.411345543824396920e+00 -1.322448319878626100e+00 -2.298847310240192066e+00
-1.924039780471451300e+00 -4.959327968524358532e-01 -1.000855986478419002e+00 -1.519680706151083305e+00 -1.810360941643325727e+00 -1.548181255230241193e+00 -1.562402789858036378e+00
-1.621404361031243857e+00 5.034943704596613057e-02 -2.376851497668069080e-01 -8.686094360605346454e-01 -1.232228742062844828e+00 -1.539447534598646916e+00 -8.134728257990366806e-01
-1.247940085368921537e+00 6.078587540639279752e-01 1.436171783607280039e+00 -1.898347163716719022e-01 -6.434868614550348642e-01 -1.239106691428793150e+00 -6.321496536401483360e-03
-8.274549195832678894e-01 1.085793041390709757e+00 -3.098099815071501784e+00 5.774346319675615069e-01 -5.556070055848974509e-03 -8.042149716073708765e-01 9.206027648873791325e-01
-3.910170451822781446e-01 -1.017286221586337192e+00 -2.264148981915185654e+00 1.571457657443340317e+00 7.573170616954671974e-01 -3.689349752556868589e-01 2.028199550895021464e+00
1.737908811636151296e-01 -5.167050527765544299e-01 -1.596201864487561961e+00 2.891424750022738355e+00 1.687836256183656847e+00 -2.420642039877777540e-01 3.111490345062240870e+00
2.523748405642746384e+00 1.771172084591579599e-02 -1.000229057508182251e+00 -2.240207343658970451e+00 2.705638675661165227e+00 -8.361232309857772327e-01 -2.294613938069723691e+00
-2.544615237901657778e+00 5.139815131540071969e-01 -4.100707307054217710e-01 -1.327631660706110495e+00 -2.655607361293969237e+00 -7.091225368497026116e-01 -1.517475764566025731e+00
-1.981831493968233548e+00 1.008394683300426475e+00 4.303755732736493922e-01 -4.064754226415314142e-01 -1.857539473774058703e+00 -2.358231220275612827e-01 -6.965753581228052438e-01
-1.487927062101071840e+00 1.580394346896327740e+00 2.345398630723298350e+00 6.615629956375627119e-01 -1.112911511636440531e+00 3.352334936163984813e-01 4.606570854910892465e-01
-1.041204914457706465e+00 2.315400408340484439e+00 -2.830610397196904771e+00 1.788654718724702830e+00 -3.826189504291402366e-01 1.027552688282623805e+00 1.925250917151269725e+00
-6.632826389037426162e-01 -2.978409933126024089e+00 -2.131660675460008925e+00 2.776448071329904455e+00 3.453248177411575304e-01 2.186921614439327310e+00 2.947380822451183491e+00
-4.200729784113008680e-01 -1.826393854291955110e+00 -1.514796367234669594e+00 -2.663936222461916969e+00 -2.162513408923417479e+00 -2.282211615776196911e+00 -2.527183186476211763e+00
-2.716792630190458246e-01 -8.289653279274658004e-01 -9.444397466148778397e-01 -1.910537731830726615e+00 -1.374639681266372371e+00 -1.343279388311021005e+00 -1.756746938261412927e+00
-1.307529544066380334e-01 -3.189709746803805895e-02 -4.167457862227000875e-01 -1.223094387373399483e+00 -6.428603495053724082e-01 -6.915287800833511689e-01 -1.001097845812523701e+00
1.150825126033203638e-01 6.265683648793669569e-01 7.302127608351602350e-02 -6.119017536915689615e-01 6.615692730149907996e-02 -1.445136578353969914e-01 -2.794921544861736495e-01
3.754439126064348931e-01 1.174197512062304716e+00 5.251508285230317430e-01 -1.076846490357844799e-01 7.537442010397823466e-01 3.383616252436209004e-01 3.352807992601072873e-01
5.989045362710370135e-01 1.645097085719802177e+00 9.234571664232199550e-01 2.641811496620587452e-01 1.419542459244275578e+00 7.828943643528126772e-01 5.027450469495395868e-01
5.050017402250799314e-01 2.137720404342588587e+00 1.153919174677387582e+00 5.363964847484676834e-01 2.147229982670086468e+00 1.202470837767814382e+00 4.113351282256574870e-01
7.651178396815559724e-02 2.923645157127392036e+00 8.008802901863056878e-01 8.261065045134979856e-01 -1.898140771748888067e+00 1.596994715099868900e+00 9.638885276367106236e-01
9.028934689065902519e-02 -1.320159740946220905e+00 4.334251224295467275e-01 1.186427009727654136e+00 -3.451174896939269710e-01 1.969109913566837067e+00 1.868682051651394671e+00
4.135414288972189545e-01 -1.451407881136593803e-01 6.280279333836360500e-01 1.550561629426193910e+00 3.232910489228286166e-01 2.240403391182799187e+00 3.020002993505693123e+00
7.887275759471616965e-01 5.718870027442650716e-01 9.512572027709121913e-01 1.754533694191654947e+00 8.922568086637497897e-01 1.954079966079780295e+00 -2.001587342549158599e+00
1.157536358317526215e+00 1.189240699659551925e+00 1.280710505325807880e+00 1.490911534617062717e+00 1.378575664164809478e+00 1.549310642091337620e+00 -8.875054472129586536e-01
1.504257322261375096e+00 1.747246664632415403e+00 1.608536180972142349e+00 1.207201963551481683e+00 1.805847017253795261e+00 1.815653722902431877e+00 1.491623476729530412e-02
1.876438976332031716e+00 2.270845443282214049e+00 1.984217776449575865e+00 1.442298380181419537e+00 2.220783290710941493e+00 2.250856986413134919e+00 7.861476919617316206e-01
2.308604480199345055e+00 2.794193819531642475e+00 2.445648262102895654e+00 1.908696941641657041e+00 2.646920360891872992e+00 2.724185178216521397e+00 1.545253135473683148e+00
2.791794742962418585e+00 -2.947543244935621143e+00 2.983412049210390826e+00 2.482758966382188959e+00 3.088045949042300897e+00 -3.075991211201816178e+00 2.336095846268178455e+00
-2.970822780632791371e+00 -2.403593783097815795e+00 -2.718345964972192608e+00 3.123741578308525391e+00 -2.726460712386903129e+00 -2.594255751573676161e+00 -3.105364498894048975e+00
-2.439646858155814169e+00 -1.911681593871943141e+00 -2.135501629813861157e+00 -2.476586926669655853e+00 -2.202464143356191784e+00 -2.125029960351928704e+00 -2.182345309589290849e+00
-1.906327463091316732e+00 -1.565962483058235488e+00 -1.604019921029925966e+00 -1.773553879077977458e+00 -1.626046720350236452e+00 -1.686391305217092462e+00 -1.123299881341803585e+00
-1.392899485562256512e+00 -1.386022936218934465e+00 -1.197098537529745377e+00 -1.077182246418485034e+00 -1.023328792078715743e+00 -1.307417530469454414e+00 2.201161755076579685e-01
-9.328484360987828738e-01 -1.111754661953685330e+00 -9.254139934327413330e-01 -4.566653089792435116e-01 -4.480335255734623767e-01 -1.055263785913202801e+00 1.722419800073149654e+00
-5.967028947269668038e-01 -6.166328552889177583e-01 -5.587461741612268495e-01 -1.580124524413062614e+00 -5.069543238263262142e-01 -1.102295948321986963e+00 2.899702741340383305e+00
-7.659181324568131721e-01 5.805516099898092724e-02 1.340129244591168334e-01 -1.746368224331124042e+00 -1.978156918639456530e+00 -1.487790834581188548e+00 -2.460798059805231475e+00
-2.263049964395331681e+00 1.057181264705055357e+00 1.421547551656574759e+00 -1.097042392126118981e+00 -1.501310908365069308e+00 -1.645218674364031797e+00 -1.672309386420005373e+00
-2.353847475531781530e+00 3.118259737446887669e+00 2.948253452056509349e+00 -4.175722725480721653e-01 -1.028591004994308999e+00 -1.558007346498956336e+00 -1.055065583425780051e+00
-2.109588592134579166e+00 -1.834801508988015639e+00 -2.319759102705488019e+00 2.859011014704274795e-02 -7.501655782987316501e-01 -1.355608520304297127e+00 -1.148451414183718100e+00
-1.711715807715347815e+00 -9.529428417366567761e-01 -1.497253474729680622e+00 -9.815873562444208389e-01 -7.004842044229681042e-01 -1.067215634338887220e+00 -1.430505431591785115e+00
-1.224921343805810414e+00 -1.588574694444260249e-01 -7.426900917453473916e-01 -4.906903223392747870e-01 -4.202537537664210454e-01 -7.162808054861733442e-01 -8.389695050983491109e-01
-6.872673602511338853e-01 5.791982436983423854e-01 -5.495086589728682275e-02 3.417945967056131851e-01 1.638558967968468116e-01 -3.501610723749583598e-01 -4.259430521727281677e-02
-1.274115344191534827e-01 1.195352192869487462e+00 4.006396758763030586e-01 1.256974372076384849e+00 9.133926288171546615e-01 -3.007531950465390166e-02 8.414037672612623142e-01
4.031732418242499061e-01 1.426060506846143827e+00 -1.040369846479557436e-01 2.229789678193249802e+00 1.810935420341047708e+00 1.976570575349305414e-01 1.838637398157708214e+00
8.431435541763523389e-01 1.688957252554648791e+00 2.045724995014988612e-01 -2.970325398679976026e+00 2.910560507348905812e+00 3.526650358816273423e-01 3.086039127207238497e+00
9.658730779383645215e-01 2.822565464349900299e+00 1.326776120371093270e+00 -1.476157526580906598e+00 -2.104313994397354559e+00 5.282062130641987929e-01 -1.554149452719315594e+00
6.599095835091762785e-01 -2.379708436251920300e+00 2.792837980415990184e+00 5.022127875640859385e-01 -9.083376542403801546e-01 7.686214029395215253e-01 -5.764306701727924670e-02
7.760497570646676113e-01 -1.563011886176918219e+00 -2.418964241436496465e+00 1.792010072859454350e+00 1.546677675381561423e-01 1.026396502067002947e+00 1.209046772222529986e+00
1.255463729962567498e+00 -8.241902714645236161e-01 -1.591500505844283264e+00 2.796622437241022219e+00 1.192035035656015207e+00 1.151276217834283022e+00 2.514794089096086260e+00
-1.328626297945390222e+00 -7.272873056323014840e-02 -8.357570725317259308e-01 -2.554438709376221528e+00 2.451822145207995352e+00 8.340915021759431891e-01 -2.357722235554841728e+00
-6.959723568700084684e-01 7.538997362088015741e-01 -8.358861257903253683e-02 -1.622800928198285364e+00 -1.759742609361949928e+00 6.379197945053562968e-01 -1.063959375173260558e+00
-1.057548651906509429e-01 1.782751308017748393e+00 7.126718169286223592e-01 -6.393740268302275931e-01 -3.474730208505715234e-01 9.255791579632316468e-01 1.221789020233266312e-02
4.394440348387097517e-01 -3.075800224533046912e+00 1.629586606659441328e+00 4.152654478889851730e-01 5.810042696347113012e-01 1.388322953411608829e+00 9.416882796171979209e-01
8.620719085149179950e-01 -1.807384254727443018e+00 2.730205758403168481e+00 1.466032393757520591e+00 1.379485824761158552e+00 1.910271716715656876e+00 1.786134115090052488e+00
1.118391853248782208e+00 -9.798703520515509302e-01 -2.466373292283010166e+00 2.405908951457955247e+00 2.108223766253398690e+00 2.440168491790238203e+00 2.566731579182721656e+00
1.269986647214826903e+00 -4.215519616176581219e-01 -1.618273354989792079e+00 -3.074154668844041538e+00 2.771966227108394687e+00 2.905170205575266174e+00 -3.000901934447651964e+00
1.508662245933912738e+00 -1.056387335493177426e-01 -9.891732955588428133e-01 -2.392848689664378803e+00 -2.928616397633912349e+00 3.088712778125168867e+00 -2.362642518136256697e+00
1.838917198694308697e+00 3.944345469797123221e-02 -5.470351469096494945e-01 -1.821517065024575110e+00 -2.465634041773075324e+00 2.815911226149541591e+00 -1.842232798472359434e+00
2.188961624839363296e+00 2.261296549700297642e-01 -2.565362123014116591e-01 -1.353291030700162878e+00 -2.174084402048129583e+00 2.904711922725705886e+00 -1.513883406446065338e+00
2.521785358481812178e+00 5.357968857461156142e-01 1.317877833565591619e-04 -9.751605787920513135e-01 -2.112125136736235920e+00 -3.139562732419334701e+00 -1.423018339403917754e+00
2.821370709414606992e+00 9.289462725164923107e-01 3.315968858419151566e-01 -6.687199593750643434e-01 -2.160393609783526792e+00 3.064116895731333390e+00 -1.287235890590511023e+00
-3.120274783065647206e+00 1.345839674156600552e+00 7.240212689087143216e-01 -4.276314041520994924e-01 -2.059621573266225525e+00 -3.075731843778969132e+00 -9.380414275439072913e-01
-2.701048902118678097e+00 1.714606877220448578e+00 1.122751783932293579e+00 -2.393681320419395742e-01 -1.763332984846320839e+00 -2.262367812408264012e+00 -5.051492824234024015e-01
-2.169059507098087813e+00 1.938574736399443221e+00 1.477322110232846430e+00 -3.647511242498203271e-02 -1.353340894714508691e+00 -9.751091451003546240e-01 -1.042409479706391529e-01
-1.538536402250400448e+00 1.990170979600088152e+00 1.757653137358020423e+00 2.187402365550983885e-01 -9.193673709034783093e-01 5.275723807414786637e-02 1.114605444865595651e-01
1.600986172256805729e+00 2.117956179913048853e+00 2.006770107470812636e+00 4.282383179000091022e-01 -5.829377773292978571e-01 7.426756780551827530e-01 -8.681650517338583561e-02
2.831163052857144535e+00 2.445448024788088315e+00 2.336098944912087916e+00 4.491676252031738259e-01 -5.783942956518405287e-01 1.249526685373358648e+00 -3.121164437834608174e-01
-2.701723563987874055e+00 2.876281456679228743e+00 2.778730141213951566e+00 4.427012804012779301e-01 -7.344298406357153697e-01 1.590088508652499399e+00 -1.579629036100305972e-01
-1.976699466100457103e+00 -2.954729039334103025e+00 -3.004248950283875619e+00 6.832295592853366850e-01 -5.045107460186759596e-01 1.770528261120978053e+00 1.853485349756769929e-01
-1.257349645236782276e+00 -2.520756406185807652e+00 -2.518382254568368506e+00 1.114747425507836676e+00 -6.176388524424944459e-02 1.963016361790179909e+00 6.714165499241420143e-01
-5.599698798157108914e-01 -2.117049108437513372e+00 -2.087304668949108155e+00 1.656003001667622376e+00 4.413761975982201102e-01 2.317788606836086895e+00 1.248167276708509466e+00
7.301435393160714271e-02 -1.727664667165936363e+00 -1.653270105565624704e+00 2.262168473246516598e+00 9.578023854014122707e-01 2.801421737636046849e+00 1.865916212257243467e+00
6.075543767032097753e-01 -1.322929969339901035e+00 -1.137563185737875182e+00 2.901871106893979313e+00 1.478249233619159497e+00 -2.936862137186084798e+00 2.489998993860707444e+00
8.945523058997324473e-01 -9.026406086667021489e-01 -5.584386946217679837e-01 -2.737088304011007001e+00 2.016582785814402090e+00 -2.383839227656212145e+00 3.099246358731804207e+00
9.770949630540073372e-01 -5.001966517404006218e-01 6.524227493571402997e-03 -2.129820460594287201e+00 2.598626029493784628e+00 -1.875248953768519522e+00 -2.621762982788879537e+00
1.244134661227482841e+00 -1.195869598094819602e-01 4.413153505646924546e-01 -1.647575497522610899e+00 -3.026809983402587001e+00 -1.523441454288681607e+00 -2.197159225903010160e+00
-1.076642299329460428e+00 3.022934758364190788e-01 6.002502956779848242e-01 -1.434981477310631526e+00 -2.274057476215981755e+00 -1.781514031963059352e+00 -1.894253287140058584e+00
-4.798492160729663780e-01 8.106242751343643027e-01 6.620232313625693532e-01 -1.271498373352242472e+00 -1.498124316894846375e+00 -2.266321327405629749e+00 -1.457983859191258835e+00
2.196838488266345257e-01 1.395468858644439702e+00 9.780265315738082554e-01 -8.220020162715739875e-01 -8.267901636875372162e-01 -2.029913512716435164e+00 -8.501819199961297979e-01
9.004712058064908708e-01 2.039444834514161364e+00 1.470124413507343242e+00 -2.233246913733936967e-01 -2.926476886299220204e-01 -1.591540753621685012e+00 -1.870616931587985310e-01
1.556616054733807042e+00 2.740264487633636392e+00 2.035156580313233654e+00 4.027559223460847604e-01 1.913643928225934598e-01 -1.086145716119301774e+00 4.533306581227959375e-01
2.195946446133799856e+00 -2.783428410078735649e+00 2.636292219699500006e+00 1.014111894275391945e+00 7.086785587156758659e-01 -5.457477638256039709e-01 1.054234009557662777e+00
2.854921909174974903e+00 -1.975744106917528553e+00 -2.992278914366830911e+00 1.617411227078267233e+00 1.251450458626893081e+00 2.496916973367740294e-02 1.641228889875870678e+00
-2.679403958797974550e+00 -1.148334831828737190e+00 -2.152176819732784185e+00 2.249166835386129826e+00 1.777080325233603597e+00 6.662445232410155738e-01 2.257364296340416132e+00
-1.677741704317224469e+00 -3.399691004106670245e-01 -7.908832854119525191e-01 2.956048993691855475e+00 2.242918462520782086e+00 -1.918662965482303751e+00 2.928871888066850282e+00
1.286796232436766135e-02 4.188587458102185357e-01 3.693137246349584291e-01 -2.507084173275607952e+00 2.624384416342786075e+00 -1.268977108108138241e+00 -2.624450564900961069e+00
1.304058789965452547e+00 1.114536098584842261e+00 1.015707948227508872e+00 -1.565810917024475613e+00 2.946579257922037343e+00 -6.252150175248363251e-01 -1.842346321500008877e+00
2.073302729503482489e+00 1.741291257481464960e+00 1.487261409317680139e+00 -5.904964037332793847e-01 -2.984977536834642287e+00 -1.364150170550016772e-03 -1.026372804552781348e+00
2.660007362031291400e+00 2.298449026626288916e+00 1.909722837545408725e+00 2.649706706756792540e-01 -2.514107758145225358e+00 5.817235905720606892e-01 -2.102632914319846613e-01
3.119265347001356048e+00 2.807370327800230658e+00 2.340948956525786162e+00 9.679790604812993360e-01 -1.873831517476396646e+00 1.088778838269169436e+00 5.577988431156647442e-01
-2.881039585888508281e+00 -2.965225205212484560e+00 2.800789309885893363e+00 1.584012086678246334e+00 -8.082150406074388727e-01 1.475041497676158775e+00 1.239699486028930320e+00
-2.843073238370906974e+00 -2.420720238449580286e+00 -3.011426166501238288e+00 2.168611828120603935e+00 1.130451616407722959e+00 1.814960391008676899e+00 1.850143615439602485e+00
-2.927734924082653567e+00 -1.869163006404511718e+00 -2.575465685076745892e+00 2.741931230282788512e+00 2.188740550824582964e+00 2.303480842424640240e+00 2.442391553609284838e+00
-2.763386609684349793e+00 -1.387462028363217748e+00 -2.231463262074179887e+00 -2.976028557560452370e+00 2.928460424956852215e+00 2.965057080258761246e+00 3.062596706190962692e+00
-2.361594475204809473e+00 -1.040493097238512021e+00 -2.019962712610225086e+00 -2.414018441745350074e+00 -2.673373641842029524e+00 -2.554686234642120191e+00 -2.555538359787717706e+00
-1.827229315727328052e+00 -6.484762836511832607e-01 -1.937805620736337886e+00 -1.848018944576980793e+00 -1.999700469387990731e+00 -1.742114010336584418e+00 -1.848469783729605576e+00
-1.219872725720924311e+00 6.098220089122601273e-01 -1.960728933678832941e+00 -1.306805771819329332e+00 -1.321812786697114106e+00 -9.003896164633218291e-01 -1.066556303990692678e+00
-5.574675164579971920e-01 3.019779961188416184e+00 -1.981810084693478080e+00 -3.136043920342305391e+00 -6.433994660705908419e-01 3.692966702665436557e-02 1.922829003946603832e+00
1.913608438318742389e-01 -2.322861915644530484e+00 -1.826745771043351452e+00 -2.954639857103074974e+00 1.858916903031291451e-02 -3.090212605328556794e+00 -3.090903165767709737e+00
1.273285504710740090e+00 -1.423991230803963282e+00 -1.483078642424825899e+00 -2.341620954097199725e+00 5.537554850160479880e-01 -1.923361098439806849e+00 -2.355582193056173335e+00
-2.818520833094021683e+00 -4.822306387046417231e-01 -1.017133728392979997e+00 -1.708705759167859384e+00 -1.585334470370070026e+00 -1.101918803846197781e+00 -1.670455220139527963e+00
-1.709344499513608007e+00 4.921715397427754990e-01 -4.542247393055678373e-01 -1.091003775223975847e+00 -1.093492102661995036e+00 -3.326147980079110500e-01 -1.033141929177218810e+00
-1.008139008820502891e+00 1.435317545181367338e+00 2.678303244010974971e-01 -5.061601561700462826e-01 -6.005777886008192290e-01 3.870399418181196260e-01 -4.655426615786824041e-01
-5.459788628918731401e-01 2.299473794682379779e+00 1.338440169105913125e+00 4.815572173563253955e-02 -1.552896441667196425e-01 1.023068816398238878e+00 2.571910992132653284e-02
-5.942250872414686080e-01 3.102707502953202745e+00 2.640786005313290552e+00 5.968021007064573391e-01 2.858316651628137195e-01 1.512333776598740132e+00 4.734558032036335629e-01
-7.121416581282323799e-01 -2.407373278587120247e+00 -2.666007159637015622e+00 1.162992084895860145e+00 7.629488315605406079e-01 1.819384826450867187e+00 9.377225307778598307e-01
-2.818212950157817920e-01 -1.656174939312207162e+00 -1.941464803570250863e+00 1.750712463759975801e+00 1.283271289830997031e+00 2.109455730603535972e+00 1.460879678992238029e+00
4.049961819570259691e-01 -9.439525254514621322e-01 -1.401001222897036547e+00 2.366370300801836635e+00 1.847066690621781637e+00 2.558812754802110678e+00 2.056734863754917875e+00
1.317136154802414749e+00 -3.279991916818741915e-01 -1.138522003052361509e+00 3.039050809253092567e+00 2.466988805072654944e+00 3.139298480924740620e+00 2.716725054286377006e+00
2.532276654374719715e+00 4.071404061190462415e-02 -1.132885331653351368e+00 -2.498781634702895715e+00 -3.115047238409749841e+00 -2.497455655886445580e+00 -2.859652495799438476e+00
-2.490501293228965629e+00 1.155856050310463540e-01 -9.332575781247444136e-01 -1.701957409558559675e+00 -2.311265756857090015e+00 -1.827445292376197239e+00 -2.120144040902706806e+00
-1.504422213354301263e+00 5.152860753167061159e-01 -5.117488127593231573e-01 -8.784131863924262706e-01 -1.407974371033578143e+00 -1.162396717813422464e+00 -1.351381121503023142e+00
-7.075018611449889194e-01 2.744377373385018970e+00 -2.081289153840146927e-02 -2.805085906009449626e-02 -4.466948439994979925e-01 -5.323973399981584143e-01 -5.150130620364625766e-01
-1.536844681785298414e-02 -1.923542152888665591e+00 4.032095103093528699e-01 8.855133834198390952e-01 5.083595927570427886e-01 -1.327556513766595288e-02 7.170360735987139078e-01
6.021243848054369519e-01 -1.138728380815204222e+00 4.396562200643924778e-01 1.949344251941526052e+00 1.424627941414200016e+00 -2.458887175430758687e-02 3.118860325625651964e+00
1.126826327646361703e+00 -4.066924411487288227e-01 9.110374614996970266e-02 -3.021115397021011173e+00 2.309482013480105067e+00 -7.083730750869424719e-01 -2.071200962471152263e+00
1.383452687540184467e+00 3.087178009866237693e-01 3.334968652672710143e-01 -1.671330505502617525e+00 -3.107198655717933633e+00 -4.625174662315754137e-01 -1.251521454561086877e+00
6.757932122502208205e-01 1.011400367181028104e+00 8.382217545378304324e-01 -5.511870354554240237e-01 -2.255423266155179629e+00 -3.255331554861515264e-02 -4.971810372125785027e-01
5.899180121291726087e-01 1.688720140723614094e+00 1.419563662512039137e+00 4.246701083123301523e-01 -1.429065164460399773e+00 3.958408848862366436e-01 2.407295590986727463e-01
9.057909631057341482e-01 2.084909893880898757e+00 2.009703114229847820e+00 1.373205463781446589e+00 -7.232000942139942268e-01 7.738721022201177080e-01 1.027873499754096587e+00
1.130628230558920588e+00 2.161402258500592088e-01 2.167580926753250203e+00 2.412925381016200799e+00 -2.040634803300088063e+00 1.057350554989878066e+00 2.154896679044293162e+00
1.103696280020346032e+00 8.403255945536866056e-01 4.859340618004507895e-01 -2.511190580468701139e+00 -1.685536510726016735e+00 1.231242123294108204e+00 -1.622430640883223196e+00
1.169215391923740022e+00 1.525207990527057911e+00 1.083008336079548606e+00 -9.333942694959870279e-01 -9.198688204767897503e-01 1.406573242439780769e+00 -5.185543362171991522e-01
1.509620832839408289e+00 2.220351360949519570e+00 1.736392884489482480e+00 2.439402457562402649e-01 -1.248039112672955364e-01 1.698284011484611611e+00 3.049666900252063217e-01
1.982194672409877789e+00 2.895717075086951642e+00 2.378251522177373012e+00 1.183518396302916775e+00 6.709053336709859261e-01 2.089218520609593455e+00 1.078265955993076064e+00
2.498715919618530457e+00 -2.837427177449764137e+00 2.968379039214029902e+00 2.034118217589614197e+00 1.463464090521087391e+00 2.527746195873849633e+00 1.804165963303491660e+00
3.012923363628043472e+00 -2.845211362631035801e+00 -2.833475188323484328e+00 2.765280999622560021e+00 2.258529837521858763e+00 2.975252234526604589e+00 2.277181829900269960e+00
-2.794691359935823627e+00 -2.992267643353961670e+00 -2.473836999631375821e+00 7.640380855475125133e-01 3.076832353690475585e+00 -2.891804797458662257e+00 1.237024863111881423e+00
-2.394642174241891297e+00 -2.460296687597268495e+00 -1.990589439066230426e+00 1.526011697767885478e+00 -2.268410542425967957e+00 -2.553750480543298007e+00 1.655487521239229487e+00
-2.149691607796985426e+00 -1.726176205053522095e+00 -1.172690284456119780e+00 2.383630654267978599e+00 1.192690026787787128e+00 -2.293616846173721413e+00 2.481014833637354755e+00
-2.151103538161974082e+00 -9.216374563003040254e-01 -1.899312694284996661e-01 -2.960562138930153075e+00 -2.072720837437120878e+00 -2.040240700855744826e+00 -2.670091322472806006e+00
-1.930990715068110486e+00 -7.843100509061497194e-02 7.019966766623076948e-01 -1.814859579761609609e+00 -4.671959243873446410e-01 -1.817154308236284654e+00 -6.456417631782883637e-01
-1.116605480053784127e+00 7.719802354157101476e-01 1.443640895127147994e+00 -2.062271073326678861e-01 4.140064210670078015e-01 -1.976579797221734713e+00 8.034083444991197975e-01
2.576705195486176936e-01 1.452426422894299129e+00 2.051240812292166815e+00 1.266047848280800858e+00 1.219107280003232541e+00 -2.478504278078413225e+00 1.755107400823132657e+00
1.414733012791146827e+00 9.028169987473989577e-01 2.540879953911640676e+00 2.313695178077403547e+00 1.985613967790138989e+00 -2.293298630712305108e+00 2.592337756769295343e+00
2.246285097528259111e+00 1.079755196416777974e+00 2.947798430668864267e+00 -3.071704384278010291e+00 2.724547617172237146e+00 -1.845845776081350254e+00 -2.894219111384077614e+00
2.962406611187607730e+00 1.663641964459630085e+00 -2.985767280424975745e+00 -2.210918204008263555e+00 -2.832430230374437308e+00 -1.331383736960014996e+00 -2.107795527193163210e+00
-2.653035395078947811e+00 2.277071846369297159e+00 -2.748096771313562225e+00 -1.321228071703921092e+00 -2.074743679593848977e+00 -8.168571942604015979e-01 -1.287650047229265127e+00
-2.025797174745693319e+00 2.927301349942999398e+00 -2.664948140477668925e+00 -3.200831633899853257e-01 -1.139360023830930713e+00 -3.482245056937159911e-01 -3.316184634043893298e-01
-1.484497599203702833e+00 -2.683279672831000884e+00 -2.533753581491960283e+00 8.585925227736437293e-01 2.113905205488109396e-01 -3.904001402237468332e-02 8.713186134817165751e-01
-1.214788337146031960e+00 -2.017592485907641731e+00 -2.242614682092725964e+00 2.049125866817791852e+00 1.435708939761308978e+00 -9.251342033010427901e-01 2.056090630239351125e+00
-1.559584290406059948e+00 -1.381656187245314138e+00 -1.879283960607195381e+00 3.043598759767333739e+00 2.302509422285926810e+00 -1.354388296833997973e+00 2.992643434050946905e+00
-1.537375047349681001e+00 -7.862656166940010793e-01 -1.497225808584801809e+00 -2.412916644777869823e+00 3.036291679022370182e+00 -1.019624728494905153e+00 -2.511526735954776601e+00
-1.115668574683319481e+00 -2.278635248384905942e-01 -1.086929733331465586e+00 -1.686734528449335579e+00 -2.562538687072871024e+00 -6.369420583375815514e-01 -1.824013384485185796e+00
-5.816938364447347132e-01 3.106183855860213394e-01 -6.280738149624384148e-01 -1.016551614685928806e+00 -1.902555820702861444e+00 -3.116112819028760139e-01 -1.203101308210372533e+00
3.139172458550462327e-03 8.532439446915750514e-01 -1.235378105613706007e-01 -3.753350668978889249e-01 -1.259348858634342205e+00 -5.646364244087737072e-02 -6.274129789387300482e-01
6.204234781945643373e-01 1.422812504652573917e+00 4.073551264214261280e-01 2.522707210364257269e-01 -6.285107650921010203e-01 1.775662521079033329e-01 -6.339256047253870319e-02
1.269386689402198787e+00 2.037728703593475021e+00 9.267944646678275555e-01 8.840430010709654507e-01 9.566553210817610106e-03 3.788302028371527408e-01 5.272981910736713740e-01
1.969865627255924290e+00 2.725582126692375873e+00 1.214184760522840856e+00 1.548487137062991792e+00 7.206771911514178175e-01 3.961180085755704461e-01 1.175313876597011253e+00
2.923721884480117605e+00 -2.327188639749600441e+00 3.849737062976904545e-02 2.281151360954989826e+00 1.730962834582636889e+00 2.689631462021361830e-01 1.912212210589700367e+00
-8.888947063382924840e-01 5.023298944009864098e-01 3.046608953888665927e-01 -3.073574349583463317e+00 -2.591988206134504313e+00 4.011915722677941165e-01 -6.852876680913596585e-01
1.439785220754434825e-01 1.243314196834687690e+00 9.228737164812750304e-01 3.905614273170664869e-02 -1.239798833906561759e+00 7.498929249876257197e-01 1.640277076678316459e-01
8.236472547343567374e-01 1.887688668876457143e+00 1.605129519864936904e+00 1.126898133968747162e+00 -2.891081240061780244e-01 1.191769068523005348e+00 9.710282859013311674e-01
1.442825764665870425e+00 2.506964638668738310e+00 2.308386616989475115e+00 1.963528539969930042e+00 6.647593643581909406e-01 1.683497578875273737e+00 1.800899413836440033e+00
2.036799893700435238e+00 3.105043247725729483e+00 3.015554904022659688e+00 2.767357195040809348e+00 1.731570110589259581e+00 2.205229115258259487e+00 2.666396616332170844e+00
2.611861095306828862e+00 -2.648723680952957071e+00 -2.568263606561093315e+00 -2.724795123591488455e+00 2.847398096032753845e+00 2.729733385215765029e+00 -2.719073487205896811e+00
-3.119660409717139871e+00 -2.427331005058734004e+00 -1.878559651214361637e+00 -1.943443264330992903e+00 -2.428673334626678670e+00 -3.071170392031385976e+00 -1.813058061541348298e+00
-2.615844370552098397e+00 2.892107985677238258e+00 -1.162171650005404233e+00 -1.167815098706780130e+00 -1.561009539872151519e+00 -2.743417955491263438e+00 -9.263240490904169899e-01
-2.205966118291026401e+00 2.830939753148117077e+00 -1.516381121087780892e-01 -3.803432954091544027e-01 -7.938377329257387816e-01 2.634178778140268573e+00 -7.522662513021340092e-02
-2.155206825517301805e+00 -3.095513219203175126e+00 2.084508046426229999e+00 4.586097096712428711e-01 -7.965653600394471956e-02 2.087235410460961393e+00 7.398593265826838294e-01
-2.924690834553212770e+00 -2.600699989163080428e+00 -3.110262612432451501e+00 1.409141891958764381e+00 6.468451482089963012e-01 2.450436898544043451e+00 1.537442528494253891e+00
-2.893259652802875781e+00 -2.013592872063448613e+00 -2.351482799716181127e+00 2.510155529791108009e+00 1.465724081272696377e+00 2.945844665299399701e+00 2.349596811105445937e+00
-2.514363590436287765e+00 -1.377065907589616334e+00 -1.658881030262573386e+00 -2.625505037494774818e+00 2.465907884538980355e+00 -2.764082996541080028e+00 -3.067471422510575696e+00
-2.096008795520218015e+00 -7.261729803164145292e-01 -1.008990971034897655e+00 -1.590414412224950169e+00 -2.643984228499779654e+00 -1.901206193842982950e+00 -2.123469451143084274e+00
-1.714379024403661189e+00 -6.411443027222187008e-02 -4.030175485500755439e-01 -6.772963453843801052e-01 -1.570735151759492965e+00 2.034581035921912417e-01 -1.133649384763689261e+00
-1.397183429883419814e+00 8.124405895543781453e-01 1.639086634163933742e-01 1.641506356215721718e-01 -7.320011181145088530e-01 1.026350301873525384e+00 -1.697874687487076761e-01
-1.087847725988496439e+00 3.103762772492281385e+00 7.201297057417693770e-01 9.719327865533070598e-01 -4.251013283500713891e-02 1.510793533457020388e+00 7.236220017514655156e-01
-6.839230541690546339e-01 -2.315944773257057054e+00 1.396235886269938664e+00 1.767524184444566160e+00 6.082890235720519456e-01 1.912533217519611917e+00 1.548466980390686087e+00
-1.203223234174529560e-01 -1.825951842007176973e+00 -2.494284368123210083e+00 2.559036572931089992e+00 1.317433404233717908e+00 2.219009914380330351e+00 2.339069314446829750e+00
1.110160331579301829e+00 -1.473021129274310947e+00 -1.488280069574076547e+00 -2.940756912568753823e+00 2.141818770971630315e+00 2.421610531946341016e+00 3.120230117982102591e+00
-2.950630223573109223e+00 -1.259537548692835518e+00 -1.017376083612494764e+00 -2.183181331192978192e+00 3.086812913646605594e+00 2.692033748665881188e+00 -2.405062907589653687e+00
-2.158107764736360679e+00 -1.105266592055347497e+00 -6.554482420792273611e-01 -1.483442220046698123e+00 -2.234450345424011442e+00 -3.093938991442555686e+00 -1.702630359774983226e+00
-1.492177450144892559e+00 -8.535402018947835234e-01 -3.816738874190878095e-01 -8.815735939615029215e-01 -1.400444657590712350e+00 -2.403005054202504542e+00 -1.084949774200472783e+00
-8.321836683156176306e-01 -4.530177212454515323e-01 -1.155750818414244818e-01 -4.103609145404400471e-01 -7.194923642723065615e-01 -1.580800385545230835e+00 -5.462882253606080596e-01
-1.756603170192425900e-01 5.565290480204723722e-02 2.532785124777592878e-01 -4.996225389303382558e-02 -1.493236684116260593e-01 -6.938389505908251209e-01 -5.548145337811680178e-02
4.576974233293036320e-01 6.170014454620849076e-01 7.205110460735537625e-01 3.003299854216285869e-01 3.500903098237154176e-01 1.430665576519531135e-01 4.033970707402650957e-01
1.039836124483236146e+00 1.184347761633463225e+00 1.227181206309519101e+00 7.248145677894310968e-01 8.158106081072729054e-01 8.349552561816538931e-01 8.553845689550434450e-01
1.555518435997921056e+00 1.724245859809965253e+00 1.722470572234003905e+00 1.231195800398394269e+00 1.288462690643964903e+00 1.403648009568297272e+00 1.338901148353103254e+00
2.012675833424402150e+00 2.217585899998037569e+00 2.167005223649682399e+00 1.785774643560213315e+00 1.797081503885732623e+00 1.922393395064032395e+00 1.861347436374996445e+00
2.440038895296858357e+00 2.661937708680182091e+00 2.536463332334174314e+00 2.335969287679517059e+00 2.330906376466227670e+00 2.424453880361766789e+00 2.366176894829520094e+00
2.855812067345086636e+00 3.073962817196267849e+00 2.848776381665243829e+00 2.809760364126950183e+00 2.846886029460903078e+00 2.903604865693429460e+00 2.731067586237866163e+00
-3.031192831796234888e+00 -2.801228290719185665e+00 -3.120175942868211205e+00 -3.140964650881158171e+00 -2.987411122574294087e+00 -2.933810362598697541e+00 2.853200211274895093e+00
-2.656732583075074317e+00 -2.377267112740220067e+00 -2.771243132642499774e+00 -2.886853665314308426e+00 -2.618061361295274558e+00 -2.517087897355302140e+00 2.977017944123640181e+00
-2.293290196786581525e+00 -1.936628262347357410e+00 -2.399368220991700884e+00 -2.569414532700580622e+00 -2.262957916884758891e+00 -2.114576202208635181e+00 -3.003483112428829926e+00
-1.917299509486239950e+00 -1.488106350552215185e+00 -2.014817455899324816e+00 -2.168031931935150425e+00 -1.861123086672001881e+00 -1.712149309618783866e+00 -2.629422388008329392e+00
-1.511958666269509033e+00 -1.044162172071256611e+00 -1.607197444156136745e+00 -1.676459028041402899e+00 -1.408293123281312509e+00 -1.294372314423660963e+00 -2.209631429878865738e+00
-1.069782097825324740e+00 -6.344630811748637189e-01 -1.171830256309773777e+00 -1.046682707234650733e+00 -9.119558814002133307e-01 -8.519968444943203378e-01 -1.781978203346915812e+00
-6.019541703440679514e-01 -3.706453529922620338e-01 -7.458240066839022520e-01 -1.926676757618474289e-01 -3.783969236516712131e-01 -3.990429062709446306e-01 -1.815100292914627156e+00
-1.498785097173450376e-01 -8.435710531631631648e-01 -4.894346192965666753e-01 1.168819162157301417e+00 1.593993832685775547e-01 2.897667641694364957e-02 -2.605239205215522880e+00
1.922044426830010755e-01 -1.365350921552986874e+00 -2.132211649675398668e+00 2.571654598410125558e+00 5.731042464956350724e-01 3.992868734858288082e-01 -2.279781085690521625e+00
-8.045627967821773589e-05 -1.137897270654962822e+00 -2.325899806390846702e+00 -3.000791118758837417e+00 3.844897307791174668e-01 7.124581670116346688e-01 -2.012116210205588729e+00
-7.762724536282513688e-01 -8.788158815136282165e-01 -2.121260623462056127e+00 -2.594006751800446597e+00 -5.711123924861142287e-01 9.019096891282506467e-01 -2.232285659782510034e+00
-9.056074553349232614e-01 -9.534963641930889189e-01 -1.893678137388229432e+00 -2.182623202335876478e+00 -1.323550826634438016e+00 -1.074001381612168293e+00 -2.091824159130298622e+00
-8.517269708674224393e-01 -1.001554715053325051e+00 -1.617704344262659300e+00 -1.683953255577260943e+00 -1.111215866369658301e+00 -9.858799797922624952e-01 -1.602653579034111209e+00
-6.230438451920480292e-01 -5.693788886583283082e-01 -1.225690058551426542e+00 -1.130980231655349222e+00 -6.209843571669284579e-01 -5.981677581015872880e-01 -1.026497745445963394e+00
-2.232328845616223523e-01 1.036560502374815340e-01 -7.294061321590787905e-01 -5.426895347198171793e-01 -7.533435578732153304e-02 -1.234547558862060940e-01 -4.204238074646279855e-01
2.761342673840270767e-01 9.452891021680014383e-01 -1.816470001701958603e-01 7.256755530885190819e-02 4.943790812004965063e-01 4.192616035986465040e-01 2.079721385091063968e-01
8.378352334240526389e-01 2.112685736840338446e+00 3.763219881757770002e-01 6.810939498747992094e-01 1.077682712874214577e+00 1.001019351533042556e+00 8.290059410559829089e-01
1.425753008550335821e+00 -2.737623626018558909e+00 9.213416723942110531e-01 1.159803266631505014e+00 1.649694835653748193e+00 1.592920288693370656e+00 1.379523506055556625e+00
2.021192882931622137e+00 -1.821296246683556941e+00 1.501626388323619166e+00 1.231201702871375092e+00 2.171448315518943240e+00 2.183403154596126772e+00 1.799655452298277947e+00
2.622555410260479114e+00 -1.197847076933739707e+00 2.990945332463099682e+00 1.454324813547759998e+00 2.643289429339018337e+00 2.791961357487667161e+00 2.280765157236383622e+00
-3.034047677689859945e+00 -6.633077660437699530e-01 -2.275329534498938600e+00 2.352963127930967069e+00 -3.120776366550608305e+00 -2.836403298920302074e+00 3.012814487423685961e+00
-2.264240462096662743e+00 -2.740895572379087319e-01 -1.914772970593116908e+00 -2.676636710422795495e+00 -2.445479929308338463e+00 -2.151016159328268618e+00 -2.413750995615575157e+00
-1.361135953747856897e+00 -4.389732641467047336e-01 -1.519911908550395374e+00 -1.625775011934597281e+00 -1.568203242105797424e+00 -1.488812251362271910e+00 -1.576397259333675915e+00
-8.189400587142094956e-01 -6.149332564729951267e-01 -1.065690910529069724e+00 -8.567114507494727471e-01 -6.380933686591516718e-01 -8.974337515791110942e-01 -8.493702520434233127e-01
-3.849688840287113223e-01 -1.582557115683228821e-01 -5.471546193224691157e-01 -2.603589520771392163e-01 5.034988877822550724e-02 -3.909985906366337249e-01 -2.848467832395664145e-01
1.026052022897275123e-01 5.075216870082469578e-01 4.414935494068074340e-02 2.324318525008525205e-01 4.323816177862974119e-01 5.770910060724511459e-02 1.454915061713523694e-01
6.392108638718797531e-01 1.264373443559585475e+00 7.145968398123080378e-01 6.904324606546469179e-01 7.480317877022149009e-01 4.984466753600609867e-01 5.822321811730319929e-01
1.180116421411697480e+00 2.087732141162575328e+00 1.482222566235976924e+00 1.174566603052775049e+00 1.208932196576325779e+00 9.723332464818645882e-01 1.131716095042013093e+00
1.714223567833660811e+00 3.000840770237324318e+00 2.473167841696244373e+00 1.703043066148442364e+00 1.764530092195110589e+00 1.491117063141861543e+00 1.772261313139737782e+00
2.209458331070143000e+00 -2.117274281237419231e+00 -2.026364610144025136e+00 2.220368806325398570e+00 2.334191623804520166e+00 2.038857427973102876e+00 2.460204176552406086e+00
2.583061324502759604e+00 -1.615501711675233210e-01 -5.110482675291018184e-01 2.463416346560155290e+00 2.824541306105173621e+00 2.576241076682724618e+00 2.182798367576224585e+00
2.670475509716601970e+00 1.400001270044203494e+00 3.766622923273149071e-01 2.020797918769535073e+00 2.942747103878654347e+00 3.052737583799131738e+00 8.587733891585704882e-01
2.519558728155478544e+00 2.533639548774780259e+00 1.066633416865236939e+00 2.304052486432251357e+00 2.535189445308517531e+00 -2.832599634185743120e+00 1.609488045237792875e+00
2.683388780241894089e+00 -2.419060904208402807e+00 1.531152575903259372e+00 3.025833346362060805e+00 2.774130657252118493e+00 -2.443837403110389772e+00 2.383909285124086175e+00
3.073252832391060174e+00 -6.229193820048554153e-01 1.410193876211711439e+00 -2.302414348089206531e+00 -2.939370447857641455e+00 -1.972130360789096093e+00 -3.082379569890326909e+00
-2.729425773667935928e+00 6.701813250969183011e-01 1.327065341016457678e+00 -1.074486011519506512e+00 -2.243874755495433693e+00 -1.411742185285397300e+00 -2.061977964486413573e+00
-2.263495340237891451e+00 1.644586009254968229e+00 1.823843601548469140e+00 2.237860388677740953e-01 -1.387517306855790444e+00 -8.131988695638515674e-01 4.634699382147254854e-01
-1.945800603238661886e+00 2.529517848468416208e+00 2.509325044034255381e+00 1.297207516319095033e+00 -1.410489564747358961e-02 -2.968470608457185467e-01 1.684841812222656277e+00
-2.666408272921586775e+00 -2.905685368196746055e+00 -3.018253627453701515e+00 2.205230177735028274e+00 1.655121044927425178e+00 -1.464229689841600734e+00 2.480124818888269633e+00
-2.950862731235714076e+00 -2.081065788162515418e+00 -2.219510672743802981e+00 3.043427481999689377e+00 2.629576368483033999e+00 -1.664807223240315048e+00 -3.073931959958999371e+00
-2.536878703491086906e+00 -1.272075635885297151e+00 -1.365388482520510482e+00 -2.406370279893012221e+00 -2.912754182545640891e+00 -1.207267490087311268e+00 -2.346325859693316751e+00
-1.990207833864540587e+00 2.616564645343864903e+00 -3.564352991913833368e-01 -1.480674390600478008e+00 -2.251320259132641777e+00 -7.480287616313537891e-01 -1.564900666184301459e+00
-1.410020509585392601e+00 -2.882010662063155593e+00 1.400492307467397168e+00 -1.889915090433830214e-01 -1.633383078790373144e+00 -3.331759614995354890e-01 -1.660228569436187629e-01
-8.255905255353058747e-01 -2.130427799252102794e+00 -3.048090376951062996e+00 1.506762726943589259e+00 -1.098297414370942082e+00 -5.376395129933587503e-05 2.340662871333877515e+00
-2.610633824297072247e-01 -1.416454129949217045e+00 -2.044366192619794464e+00 2.683643710093495116e+00 -9.790072078362423991e-01 1.996682324963313659e-01 -3.026706698913336879e+00
2.021207183963592835e-01 -7.799398169918025925e-01 -1.256671222166548363e+00 -2.701644594065764515e+00 -1.754110792953770259e+00 3.161421692659001637e-01 -2.237590704578273915e+00
3.586021131387742700e-01 -3.216750348920924263e-01 -6.172508733105148693e-01 -1.886140024082561428e+00 -1.500721980015990997e+00 5.001891425936451085e-01 -1.469789588533561453e+00
-1.472580316773771936e-01 -1.110425892917295126e-01 -1.325328478413690114e-01 -1.066682641481181415e+00 -9.874775994842323046e-01 7.757614492205459067e-01 -7.137670105426088263e-01
-7.299746992605052331e-02 2.196808148827180951e-01 2.957732360850117703e-01 -5.990237347962201059e-02 -4.500611197915209694e-01 1.076153865616931604e+00 4.829128782535453690e-02
3.528238150864824729e-01 8.182305719461098192e-01 7.807772711995398796e-01 1.548952346350917386e+00 7.983445014732698519e-02 1.366794734969366765e+00 9.025521209514640875e-01
9.116698233269355800e-01 1.539723137532078567e+00 1.324138603881512388e+00 2.833613405508250693e+00 5.970260835632564822e-01 1.675176080310366578e+00 2.026396890401729767e+00
1.518280666066885942e+00 2.296272508615722963e+00 1.906893079270093994e+00 -2.641964857856661908e+00 1.091129688275170206e+00 2.039665803016766255e+00 -2.829671772078754977e+00
2.144974899304043170e+00 3.056110589143214984e+00 2.530625739404419594e+00 -2.025359726068979516e+00 1.223346223231618568e+00 2.447396298441246287e+00 -1.727694608379250818e+00
2.774058651210604687e+00 -2.473879188996246370e+00 -3.098787185429380031e+00 -1.549690085749042545e+00 -7.939921363061307469e-01 2.833117861519391045e+00 -1.023052538726908489e+00
-2.896916962386494099e+00 -1.739006304591830032e+00 -2.436069777872864162e+00 -1.123889540847197610e+00 -5.896113586845077581e-01 3.015250804293589493e+00 -5.009043133016100047e-01
-2.273465799681625654e+00 -1.026108708087232868e+00 -1.767873471008263087e+00 -6.437816363249142526e-01 -2.748546971643578418e-01 2.457137024839058270e+00 9.094830023360775395e-02
-1.649690626198313081e+00 -3.055337443415419019e-01 -1.075005276307097191e+00 -1.570772397079706895e-01 3.723109280107313873e-02 2.259936830725246981e+00 8.399390024898613083e-01
-9.992996864007699376e-01 4.870650428045280034e-01 -3.057976701842102796e-01 9.552042068141637643e-02 7.612550378691324005e-02 2.556249942841057443e+00 2.358884836763777582e+00
-2.404028466315096813e-01 1.357238201338535788e+00 6.091468048721214723e-01 -3.335315148211653868e-02 -1.933729649181985533e-01 2.910392967690427657e+00 -1.455226325223602846e+00
6.594715306259980592e-01 2.203132144442194296e+00 1.664880764948206027e+00 2.182827836492099716e-01 5.604169064114455923e-02 -3.116596775958212717e+00 -5.962949596421950327e-01
1.639092566132764439e+00 2.951480683158798080e+00 2.702555045772697451e+00 7.585311216410548507e-01 5.398510319256984991e-01 -3.110644302005075357e+00 6.770145671189345404e-02
2.444305062986950272e+00 -2.698261751429861022e+00 -2.696958541904613149e+00 1.266728834993789743e+00 1.066214184211021099e+00 2.696900460443352188e+00 6.053731081820972193e-01
3.037808213024494552e+00 -2.175887286654967667e+00 -1.985581362493121560e+00 8.568539226842395440e-01 1.527538666104212517e+00 2.401066491984090945e+00 1.005225706720945134e+00
-2.755293808783099596e+00 -1.718852719980951793e+00 -1.420961561902355452e+00 2.798565480116607107e-01 1.889246326954057364e+00 2.578157297547206905e+00 1.352554178505993132e+00
-2.364509674934564210e+00 -1.274516263349446898e+00 -9.183038917968602277e-01 4.790514969934476230e-01 2.284636164186995888e+00 2.934407046031736854e+00 1.605759605152972780e+00
-1.932301517300269778e+00 -8.430903923363926022e-01 -3.238489596875637200e-01 7.459469602111976627e-01 -2.633918464030613915e+00 -2.933788902175784141e+00 1.502463050771234210e+00
-1.501389785921339204e+00 -4.777184846195844381e-01 5.308868321239385013e-01 1.332769183065043439e+00 -3.418581747427260065e-01 -2.483670258831726763e+00 1.476138818931422625e+00
-1.158669007743226675e+00 -2.149021111582087584e-01 2.024829191373255899e+00 2.310393626722967664e+00 2.435795289899139182e-01 -1.988274154521834536e+00 1.904573530102864121e+00
-1.033868005948709090e+00 1.366517487932251695e-01 -2.723822209825646823e+00 -2.489922389378401935e+00 5.290844107737686652e-01 -1.424167151112504470e+00 2.594755587309538036e+00
-1.002029133434320984e+00 9.397037135473456093e-01 -1.793484797909116413e+00 -1.069842273877767314e+00 5.100518109127225586e-01 -7.715716409490251948e-01 -1.611640549058729333e-01
-6.378570497905033942e-01 2.273652217481128446e+00 -1.076688087008445649e+00 -9.777739789803308393e-03 6.806359610199780308e-01 -3.151391676671079327e-03 5.965508589734425104e-01
-9.049092798744060029e-02 -3.032025427710180576e+00 -1.644696410290923838e+00 9.236900016715233752e-01 1.132409740582113411e+00 9.425131374585905553e-01 1.333711972169630444e+00
7.103621895397039809e-01 -2.369242780005751392e+00 -2.902349812396912032e+00 1.843451796232770334e+00 1.669703659000969953e+00 2.100643177529461614e+00 2.081540661829487604e+00
1.939292670605801794e+00 -1.851758403613202209e+00 -2.392775400929965546e+00 2.804838869064353091e+00 2.224855878621613492e+00 -3.031545139727579663e+00 2.864045934630346402e+00
-3.032198412701851975e+00 -1.470210289606759035e+00 -1.927035332760063779e+00 -2.480400778898303571e+00 2.797688487587411288e+00 -2.118953861018881391e+00 -2.499929994574057179e+00
-2.211596831138050501e+00 -1.331982357776852366e+00 -1.504858618935670744e+00 -1.554068489521536867e+00 -2.874596104839961974e+00 -1.413616486355161905e+00 -1.414164617630013332e+00
-1.651390056457353817e+00 -1.614382732707323020e+00 -1.124366083239739078e+00 -7.814193900089075884e-01 -2.053391799554554975e+00 -8.166918778690277492e-01 -4.376819475069297916e-01
-1.173669332779828878e+00 -1.739493789237100962e+00 -7.890535954897086590e-01 -1.314048590412108808e-01 -4.745250150501974518e-01 -2.419161023137725020e-01 3.170311495025216475e-01
-7.562258418895750900e-01 -1.566611534083415469e+00 -5.120291893132807859e-01 4.322071030237434330e-01 8.487747885851493201e-01 3.407888510015606998e-01 9.125973733649714870e-01
-4.738387474678597555e-01 -1.382097506620516336e+00 -3.274208213454085081e-01 8.914673146271726578e-01 1.553426365920977048e+00 9.418421843114114234e-01 1.398996545873368857e+00
-2.996243333399930542e-01 -1.277180147324613158e+00 -2.693170796030079917e-01 1.201737661209424157e+00 2.073404344682796108e+00 1.484412789531492027e+00 1.724638543737450291e+00
-2.967488332879004709e-01 -1.130918678161649815e+00 -3.258731126493291663e-01 1.396621293228676786e+00 2.482394769668222700e+00 -6.328433012323928519e-01 1.947337535531744601e+00
-1.759537221539679563e-01 -8.198674251707984695e-01 -2.502656099500927267e-01 1.612209960134269870e+00 2.806596365641558233e+00 -2.961672483771786712e-01 2.245574936374634678e+00
8.752804403901638663e-02 -3.673628800297761288e-01 8.793269375825417400e-02 1.890075616170918460e+00 2.619168534068825771e+00 2.530690306854989635e-01 2.631474324379003527e+00
5.128369471846471184e-01 1.695800696558927290e-01 5.798327181393411189e-01 2.190121105186698447e+00 2.340888828181565628e+00 7.837615372528147217e-01 3.103572617747944129e+00
9.099855756041199673e-01 7.084272364580137538e-01 1.096334563021730490e+00 2.446761288742922869e+00 2.513187086534326653e+00 1.258115164354590920e+00 -2.729129225685660742e+00
1.273875331868513872e+00 1.174489514719934125e+00 1.464843027225104510e+00 2.473428192551952787e+00 3.131494556193692880e+00 1.481236843269283066e+00 -2.172278618897791613e+00
1.529487742749155998e+00 1.506730012118203454e+00 1.430389801918923176e+00 1.225416208707311050e+00 1.335428146159024054e+00 1.321308047870410007e+00 -1.425066844515393116e+00
