1.520996969597425030e+00 1.600293341256501911e+00 1.676210176799843632e+00 1.518596879225672547e+00 -1.416995606688774778e+00 1.569168404622410140e+00 1.706680559824061305e+00
2.026288494295054310e+00 1.937578134252861295e+00 1.766513607547940401e+00 2.192525124125712654e+00 -7.708495755170385877e-01 2.341797153318317282e+00 2.277670312791036267e+00
2.432303314923009552e+00 2.245925297259028230e+00 1.934183912416150841e+00 2.795612842358693673e+00 -1.882396788711099833e-01 2.933116616942703647e+00 2.577073458647846760e+00
2.621598098962302004e+00 2.693403046764071274e+00 2.262584773588661502e+00 -2.982893271969520921e+00 1.664912533928095406e-01 -2.948016779119079889e+00 2.910768491444509110e+00
2.775182297672677212e+00 -3.051779320972598963e+00 2.757472452963648291e+00 -2.501110840253236045e+00 5.790605040096310496e-01 -2.788444798150253590e+00 3.078937351945696843e+00
2.924984051276953601e+00 -2.404502710947748589e+00 -2.987839458545664684e+00 -1.885207444088438100e+00 8.623900599595727412e-01 -2.457031858638747845e+00 -3.009080685345416839e+00
-3.115228306929552105e+00 -1.711682390804692311e+00 -2.401904755621981469e+00 6.724299987579555882e-02 1.145406034539008466e+00 -2.254817643687093920e+00 2.794636998764793212e+00
-2.906369192132572277e+00 -9.050798933658346090e-01 -1.823822331377302541e+00 1.692729260988082851e+00 1.344326602487328604e+00 2.973590088980244683e+00 2.604277904325771775e+00
-2.689002266893391280e+00 6.913618971607273789e-01 -1.305438530470677039e+00 2.497399235835526365e+00 1.563605948726711548e+00 2.978098360799400268e+00 2.865296730769793854e+00
-2.539989385135580591e+00 2.868049145888478257e+00 -2.146853632630347786e+00 -3.045053873432052693e+00 1.779740106524268839e+00 -2.742418952325551551e+00 -2.978383854487176130e+00
-2.449387466805478031e+00 -2.507584362668853206e+00 -2.457191480242422621e+00 -2.326834500314089560e+00 -8.133024741517749234e-01 -2.135148603295072167e+00 -2.604142499906923369e+00
-2.419958840569821579e+00 -1.733854883813481740e+00 -1.855277406221678582e+00 -1.663408898103621247e+00 -6.538329707677992264e-01 -1.515332468915962405e+00 -2.327653073142232909e+00
-2.231232525599683658e+00 -1.014202810682552247e+00 -1.169596978164248791e+00 -1.162774085023155601e+00 -2.932874495639024581e-01 -9.419797803148115545e-01 -2.201680760693401684e+00
-1.883058935836658065e+00 -3.397558402981265546e-01 -4.701442807960231618e-01 -1.105991439900521733e+00 2.727714066256834574e-02 -5.476774485177883234e-01 -2.052494855027654719e+00
-1.443191493187025776e+00 2.685773446185234503e-01 1.558001263672746939e-01 -1.248402319790718362e+00 3.253734834562878042e-01 -8.401821717958500857e-01 -1.818151186746721493e+00
-9.972144046707367426e-01 -9.160211280274831447e-01 -2.140626572372737346e+00 -1.001376485327237331e+00 4.248889012891861050e-01 -1.098558391800547041e+00 -1.496386560327606086e+00
-5.970873363946733736e-01 -1.111117132863099100e+00 -1.478227259541630589e+00 -5.957210227190188334e-01 3.897336486049964299e-01 -6.775020341714372840e-01 -1.113939237681565331e+00
-1.835099575715788689e-01 -5.028821456089324071e-01 -7.940274198903404246e-01 -1.264370615701884137e-01 3.963875128926246383e-01 -1.384551570987037905e-01 -6.841723268865756991e-01
2.899819627257231858e-01 1.482934562147874002e-01 -1.166860205894452301e-01 3.860904532033521130e-01 5.974673251764508475e-01 4.023495035391919661e-01 -2.006022517889740897e-01
8.367855144402825962e-01 7.804875371107208304e-01 5.405737398159253804e-01 9.151180741801913099e-01 9.021450282960057354e-01 8.914316920321029292e-01 2.918134064366132430e-01
1.361916378385789050e+00 1.374288303282335644e+00 1.147871194711558962e+00 1.427187399062631590e+00 1.264807485141412835e+00 1.339639968802520453e+00 7.572165444019774982e-01
1.742694618618890301e+00 1.907429288582085825e+00 1.685817477948974075e+00 1.896170677310054842e+00 1.636598826745412349e+00 1.779846467991035297e+00 1.072659957029391098e+00
1.816890842978616583e+00 2.380232147651891061e+00 2.154235715759673653e+00 2.313123394965558077e+00 2.002633046183432519e+00 2.241673125691020729e+00 1.155446928620810221e+00
1.882156501344899979e+00 2.820747891435768651e+00 2.592011928205024240e+00 2.683465212063680383e+00 2.362422636995603842e+00 2.722982780611038489e+00 1.244750682327402824e+00
2.229910051048353381e+00 -3.033772299204879008e+00 3.054323830741301649e+00 3.020792921909284612e+00 2.710102186238501076e+00 -3.087380183530180844e+00 1.603175236023084649e+00
2.698818742116257496e+00 -2.609897714372709565e+00 -2.730988199782361736e+00 -2.933310311415350036e+00 3.054298252324136875e+00 -2.639062051937254516e+00 2.124096407006266229e+00
-3.095547111526196105e+00 -2.229261335728127236e+00 -2.201066383721902220e+00 -2.603573974784694656e+00 -2.913492668306630229e+00 -2.239237210140705425e+00 2.690797258343308851e+00
-2.649983854030300012e+00 -1.962675366860189952e+00 -1.671723896871210480e+00 -2.327634819230505858e+00 -2.640875808867158447e+00 -1.919296610467594366e+00 -3.046224454740741994e+00
-2.279518124648255650e+00 -1.901195658299984048e+00 -1.147776115454540502e+00 -2.230748489411828572e+00 -2.454179107737468613e+00 -1.798960023822324672e+00 -2.633361120036396663e+00
-2.016191084056629279e+00 -1.866325441765414705e+00 8.128275807752306514e-01 -2.342902359248246302e+00 -2.343805400204354683e+00 -2.098689941818106863e+00 -2.470405427454948732e+00
-1.825202882545042371e+00 -1.708220220038498383e+00 1.647233380327364882e+00 -2.371517487801242829e+00 -2.247348389042824746e+00 -2.381695807927783459e+00 -2.503982702335486810e+00
-1.616798371883599650e+00 -1.665822843765941252e+00 2.153994281751689943e+00 -2.188263784045434424e+00 -2.027036913595280154e+00 -2.180668370442439663e+00 -2.260217187649346648e+00
-1.346217122780348996e+00 -1.867872874561995244e+00 2.814164583197756198e+00 -1.857235586636596825e+00 -1.673679515227830761e+00 -1.741985464863154753e+00 -1.809304582987460330e+00
-1.049497723547210937e+00 -1.794599040319826866e+00 -2.761983920355592037e+00 -1.453227968253027136e+00 -1.246607949596955756e+00 -1.208892865329880939e+00 -1.291395853619588419e+00
-7.775415484326408944e-01 -1.492573398369311688e+00 -2.082469985114196565e+00 -1.039137495306549752e+00 -8.128606446509587524e-01 -6.617712996296658545e-01 -7.818366746371089304e-01
-5.337119669189183124e-01 -1.128913044200396953e+00 -1.556660508592494940e+00 -6.425671456129607995e-01 -4.348511369567660267e-01 -1.646374267791521073e-01 -2.887838914584315297e-01
-2.957772996063821602e-01 -7.163931346220808738e-01 -1.272034808340054335e+00 -2.481279963456097526e-01 -1.400926513773334270e-01 2.274539451267188206e-01 2.815477960234464283e-01
-3.046432734587469632e-02 -2.417018847194852826e-01 -9.265064836420916494e-01 1.402228136053630114e-01 2.147686581268523284e-02 3.503658851919221329e-01 9.414140591232286193e-01
2.628798100413257677e-01 2.823216683964333007e-01 -3.347141293548556162e-01 3.959665470168461932e-01 1.274172576229444243e-01 2.547964710755051473e-02 1.705691689219505980e+00
6.264399954237530599e-01 8.051749333823514654e-01 3.936391292815086262e-01 3.160671827056097394e-01 3.327739102204508304e-01 4.041848505668040742e-02 2.647348129091703139e+00
1.063161446819264055e+00 1.318128064807552180e+00 1.133522459924553694e+00 4.175116619046482791e-01 7.084313762759822941e-01 4.965862771596639136e-01 -2.167162174617530690e-01
1.507831765052841444e+00 1.853025123349376857e+00 1.840681511882435117e+00 9.002385290199228507e-01 1.158206493940242776e+00 1.110731754781905112e+00 6.118703055968779392e-01
1.412544724574426702e+00 2.439325189441371222e+00 2.509873106926356900e+00 1.521663036589284479e+00 1.635730486536104866e+00 1.791475239126659513e+00 1.262001209556406600e+00
3.566727097482775832e-01 3.026592849558205955e+00 3.059013692785181870e+00 2.155631902479986373e+00 2.115371829242557400e+00 2.450118441266701641e+00 1.789142223729385694e+00
6.666838877466551017e-01 -2.847644745575057090e+00 3.066203627825677902e+00 2.726666018075935671e+00 2.586832553973552606e+00 2.840294476993307615e+00 2.200531460029851782e+00
1.128816143673815109e+00 -2.826434014528937055e+00 2.710306932685014658e+00 -3.127288646553453955e+00 3.048704231362203032e+00 2.439211769050475098e+00 2.421242213338612892e+00
1.625020848578927923e+00 -2.804293204486018265e+00 3.073098803638890875e+00 -2.895330916780024300e+00 -2.845318142483475921e+00 2.364963539571619755e+00 2.529987903680000816e+00
2.154042297064909572e+00 -2.460672365404650286e+00 -2.705174851373786549e+00 -2.672857484462108246e+00 -2.480802125792770152e+00 2.773757989486786979e+00 2.885154166396451281e+00
2.696263117065178960e+00 -1.979519263356375625e+00 -2.127120404654235131e+00 -2.285115329157708430e+00 -2.109963261287504999e+00 -3.128720493149182325e+00 -2.890320971816164874e+00
-3.076546036115312965e+00 -1.442209959951546328e+00 -1.471386763195156711e+00 -1.809751561256378816e+00 -1.724181261958427802e+00 -2.890284809346885808e+00 -2.325823333671019899e+00
-2.629658752078910755e+00 -9.046496087014631593e-01 -7.648080244973405328e-01 -1.333439605396806948e+00 -1.355513896353313541e+00 -2.589431383309812151e+00 -1.735663114286674302e+00
-2.286226528876444508e+00 -4.169046854726250473e-01 -1.000094146720729854e-01 -8.761255709578864570e-01 -9.788584517305157773e-01 -2.084897856236457958e+00 -1.067675617322685788e+00
-2.047382067307875975e+00 1.124785898665060617e-02 3.622996837220499033e-02 -4.128126490170916374e-01 -5.650613257643973819e-01 -1.523062020555313145e+00 -2.478085252955798401e-01
-1.832304031596834637e+00 4.494761410330017082e-01 -3.009086221576831588e-01 5.857415485242120634e-02 -1.475773072218464765e-01 -1.064786192051807800e+00 9.087420086401326591e-01
-1.517924462396343488e+00 1.876436856182774449e+00 4.292197539138934426e-01 4.156572901390789831e-01 2.293521959059341975e-01 -1.085151382185674418e+00 2.642338537910603691e+00
-1.118960734199153872e+00 -2.340149069503294932e+00 1.514525639666924217e+00 -8.343975315681090299e-01 4.545356445090303898e-01 -1.461757129448720161e+00 -2.342465420365718032e+00
-7.114095189169252764e-01 -1.647573341493991261e+00 2.673690239303486038e+00 -8.996277522663517212e-01 4.650413842833441835e-01 -1.210017896396961667e+00 -1.402925575005300907e+00
-3.383223410969292688e-01 -9.755309217361454177e-01 -2.550967371012240470e+00 -3.912835629822856154e-01 4.612086594287415076e-01 -7.465776618508739304e-01 -5.607354263842521114e-01
-6.096659562937520316e-03 -2.873135063991503202e-01 -1.593805344605301766e+00 1.733889612870236074e-01 6.413160244593067993e-01 -2.320488010397480649e-01 2.511912971039521603e-01
3.179342781859432754e-01 4.003849510863526362e-01 -6.931826863896708435e-01 7.096149757232254052e-01 8.936607410061937484e-01 2.801774694366162555e-01 1.019031936198671939e+00
6.307391287463229856e-01 1.068673207827789851e+00 1.934708733967926975e-01 1.137242622948408499e+00 1.150238928724224508e+00 7.496536146755279351e-01 1.667945190999823302e+00
9.194180704842120910e-01 1.684597810329065748e+00 1.109399397535599796e+00 1.366521506971218880e+00 1.399043375725936844e+00 1.135542474876308328e+00 1.627082125541366331e+00
1.189555587241068801e+00 2.185361493347430795e+00 2.066163212908582736e+00 1.480296956102869599e+00 1.678303021073867418e+00 1.485166715880466004e+00 1.138122724232190075e+00
1.508079766143745282e+00 2.447291894810987856e+00 2.995801329472750574e+00 1.748391197019573573e+00 2.022183678211089131e+00 1.922959687055643796e+00 1.617374575304088236e+00
1.901987516309685100e+00 2.522776040586981683e+00 -2.755979872973496558e+00 2.201200397256474872e+00 2.437907797129752474e+00 2.502809383556501732e+00 2.278076645711503367e+00
2.339562696870612690e+00 2.825987474701166846e+00 2.999150837074742171e+00 2.756871186194394419e+00 2.907944315835897076e+00 -3.067077361015435155e+00 3.002492858254965480e+00
2.751478305994311313e+00 -2.931368286211578411e+00 -2.841757521446260704e+00 -2.930121494829389217e+00 -2.898112905864526301e+00 -2.229369202957372398e+00 -2.538327755639505856e+00
2.881990778043928891e+00 -2.310424721641386459e+00 -2.180602376998147296e+00 -2.335450714771160730e+00 -2.441534469334619484e+00 -1.262074550467010114e+00 -1.796345183838353732e+00
2.419303019308326252e+00 -1.686215257942408341e+00 -1.509576873966820720e+00 -1.769482735800671724e+00 -2.019435275903582738e+00 -2.100397513482865075e-01 -1.059039369762536653e+00
2.512339723288808280e+00 -1.255335560824766050e+00 -8.700525465161481620e-01 -1.273838544291558517e+00 -1.648894681194689404e+00 7.951971683749249342e-01 -2.438556525780054551e-01
2.928171677111957472e+00 -2.932015465736154347e+00 -2.908551726137843518e-01 -1.204815408485482076e+00 -1.548453445013334040e+00 1.677179138519447443e+00 1.063514939239201151e+00
-2.904015790116651008e+00 -2.622321821153991817e+00 2.072226061455108848e-01 -2.127550984183516292e+00 -1.878385480017806586e+00 2.450472632624661529e+00 2.845090899849745725e+00
-2.470919196831149911e+00 -2.181453963331037915e+00 6.133855710446733944e-01 -1.787315262511380842e+00 -1.696296664555476008e+00 -3.139960427011375899e+00 -2.435806799806632394e+00
-2.059992683257861668e+00 -1.812148403851818079e+00 8.838285865687806053e-01 -1.201278189498288462e+00 -1.191775496875273621e+00 -2.523451909210456812e+00 -1.673283351747083092e+00
-1.665218148597435777e+00 -1.518025691228224838e+00 -9.859115977200337833e-01 -5.771438859410366051e-01 -6.087461519961436807e-01 -2.384815506910837879e+00 -9.915279031764557827e-01
-1.301818510869801493e+00 -1.246571545064698805e+00 -6.633647948447082277e-01 2.817911215951811668e-02 -5.479185808451918910e-02 2.429773635760604567e+00 -3.924554952076005354e-01
-9.981698969714507541e-01 -1.006250326328636868e+00 -6.657574490382660304e-02 5.375211543648573675e-01 3.576523838669335986e-01 2.975007928098529764e+00 2.843891860775389288e-02
-7.809724752469593412e-01 -8.525778133299839467e-01 5.502794715874271825e-01 7.125041945956838152e-01 1.339399407323823288e-01 -2.637321278980632400e+00 8.757476330887971339e-02
-6.585311068939345702e-01 -6.450881079810949492e-01 8.964869894430012032e-01 4.345949790267915058e-01 -2.785364875980627097e-01 -1.938503506775704821e+00 1.978662129103157530e-01
-5.458780865255224990e-01 -2.368120363673472673e-01 -1.503663036037881373e-01 6.148099017735737526e-01 1.737926573727576265e-02 -1.220681570924391668e+00 6.508741170709203550e-01
-3.472087928343292607e-01 3.218983242432943426e-01 1.563171431505523956e-01 1.080611132046304101e+00 5.114040301182493087e-01 -4.719868108331543022e-01 1.296947230552275121e+00
-6.244459970095246615e-02 9.457634671214857347e-01 7.793958680595436395e-01 1.596590979037617375e+00 1.031300719052060666e+00 5.465939217923950766e-01 2.066852472195100709e+00
2.408756059742164501e-01 1.608258760080703453e+00 1.440843888874325573e+00 2.037597205682848411e+00 1.522378269743081436e+00 -2.560451274275931333e+00 -1.817579132954590060e+00
5.068531115026240208e-01 2.342506538821453876e+00 2.096555094424231491e+00 2.214688813307476689e+00 1.882754042196314037e+00 -1.879109249405576998e+00 1.267589494211367462e-01
6.759152031941678684e-01 -2.392711625867211644e+00 2.687918265653999050e+00 2.154762614137451404e+00 1.901330252474509486e+00 -1.483097490123291395e+00 9.472402819885922254e-01
7.910649675034028272e-01 -6.077044584489731394e-01 2.569891557607276944e+00 2.442084738568391256e+00 1.843710191777918395e+00 -1.369278664073527274e+00 1.731826125457346377e+00
9.827301091978430936e-01 -4.927459865001734829e-01 1.544226092502128278e+00 3.045099299305594087e+00 2.300477333609173503e+00 -1.196936067046222574e+00 2.548375350840565545e+00
1.318072954859057067e+00 -3.749338013393128111e-01 2.042608257183428755e+00 -2.443309780691870881e+00 -2.917237908440976302e+00 -8.592181012827068143e-01 -2.811919156015324717e+00
1.781866869748294002e+00 -2.458704397725177196e-02 2.713075239877094091e+00 -1.528621671795990622e+00 -1.507645646530664241e+00 -4.684706148546822768e-01 -1.788957202858868500e+00
2.399854918350345923e+00 3.832642888788949653e-01 -1.159936020951836122e+00 -6.341509220262139257e-01 -5.207617508229660519e-01 -3.039211336770338348e-02 -7.971593924787564456e-01
-1.548313590190783628e+00 8.166307449030317800e-01 2.943550448630695149e-01 1.539142729973577706e-01 2.353717649053889693e-01 4.820090791397129149e-01 8.692183865106818674e-02
-4.537398089905536613e-02 1.279404886933753094e+00 9.307355156046248634e-01 8.391360434418508873e-01 8.808710844586552513e-01 1.038424228062407639e+00 8.644344607563961835e-01
5.671109990146537827e-01 1.766714932327735577e+00 1.517213809735098007e+00 1.438897745138050022e+00 1.446236203139812382e+00 1.596716944501638702e+00 1.542183163476892771e+00
1.079848929902833543e+00 2.261247885367080990e+00 2.091893304162939948e+00 1.967921469670890655e+00 1.941660068355411273e+00 2.124434109696868411e+00 2.109397703793470580e+00
1.542260657616290054e+00 2.742526041454570240e+00 2.656215519613700060e+00 2.436015994536577800e+00 2.387461629054631107e+00 2.599823965620863486e+00 2.572022341532536061e+00
2.002653161441513507e+00 -3.096628349279871184e+00 -3.095666579723866718e+00 2.851841118362744343e+00 2.804035572525436226e+00 3.011126434330415602e+00 2.972193170609236823e+00
2.483037381929630527e+00 -2.724725103102043189e+00 -2.657428269192590342e+00 -3.042819319914982668e+00 -3.084591599959538133e+00 -2.914928531159629799e+00 -2.918935472936777575e+00
2.966367721261762735e+00 -2.456943662113094451e+00 -2.453374208296821735e+00 -2.650039408793658069e+00 -2.696012421190325359e+00 -2.567029021193585336e+00 -2.469899091992393547e+00
-2.859610782039022414e+00 -2.293032061740339245e+00 -2.539381498187085029e+00 -2.248035095967515495e+00 -2.309810754714192171e+00 -2.197659666505306308e+00 -1.953809133373677343e+00
-2.468659608746250900e+00 -2.145008704934872945e+00 -2.471029325329531012e+00 -1.859448417272305587e+00 -1.943824652199416247e+00 -1.821116806455158166e+00 -1.387453932946106416e+00
-2.183387830323913814e+00 -1.961928822565759400e+00 -2.134901291313994864e+00 -1.527121331880301192e+00 -1.674177855968784989e+00 -1.490523089686792702e+00 -8.596991630773332949e-01
-2.049670244347609138e+00 -1.795712235394837375e+00 -1.691038753856763277e+00 -1.329865865141115266e+00 -1.599667568742122459e+00 -1.245078417038165464e+00 -2.151111962247331810e+00
-1.932345604434133168e+00 -1.654026961882681057e+00 -1.289676458324202635e+00 -1.328144602742323155e+00 -1.593462685443298499e+00 -1.029754989922970321e+00 -2.125080737639305717e+00
-1.575444885601734235e+00 -1.449701764250984848e+00 -1.552511090302819641e+00 -1.314497271798882094e+00 -1.405567065786476277e+00 -7.558167550064490703e-01 -1.454409745035422974e+00
-8.984326598630334448e-01 -1.162695327922172339e+00 -2.229570158634559096e+00 -1.115472510736642775e+00 -1.084324477565700384e+00 -4.256767854703049636e-01 -7.308207072565733320e-01
2.652163664689975442e-01 -8.430441877905657799e-01 -1.876451241414829552e+00 -8.330141440054569246e-01 -7.475607710257735627e-01 -1.000364468821106217e-01 -1.787781649286248470e-02
1.687170534010240974e+00 -5.407755491367953748e-01 -1.378228492395456195e+00 -5.901519606904338522e-01 -5.015914885504278997e-01 1.592052987234661710e-01 6.191553405177767644e-01
2.679322848815860691e+00 -2.810028438461694700e-01 -8.738207382038869486e-01 -4.362416434547704558e-01 -4.769561609291578241e-01 3.036322030403018069e-01 8.095347718849708052e-01
-2.847303979122926432e+00 -4.064546768635475538e-02 -3.940684926192523085e-01 -3.244592602192614139e-01 -5.715842927161772780e-01 2.916101929538168491e-01 6.552929703520098126e-02
-2.215408182479774890e+00 1.619811206858945973e-01 2.189992668888474450e-02 -2.203176777129140784e-01 -4.745882209784186845e-01 -5.013333067742888581e-03 2.698422523469242718e-01
-1.720286902833602305e+00 1.821683532884554590e-01 1.925219141492055530e-01 -6.187756704377406908e-02 -1.819706883104407757e-01 -1.224923992742697337e-01 7.376516038679670206e-01
-1.483329963803901475e+00 -3.439646862598745580e-02 -1.070225832246127773e-01 2.207896253615724835e-01 1.730574803000191064e-01 1.359295821506092405e-01 1.367889947022621566e+00
-1.570874273675236132e+00 2.560880051256036669e-02 -1.974700476427601256e-02 5.524093611150161509e-01 4.659954128287438491e-01 5.217306328997165510e-01 2.297734807662473511e+00
-1.538363068665442590e+00 3.700598145071066769e-01 4.594062061021464971e-01 7.372349625467512491e-01 5.146468212198617165e-01 8.799600976354989834e-01 -2.471391626154589183e+00
-1.285990697260723570e+00 8.233722382493811054e-01 1.089115030654108196e+00 6.107831232452952674e-01 4.322738890774557308e-01 1.103346469851433476e+00 -9.642115136377893414e-01
-1.002102469114409811e+00 1.295883327730081191e+00 1.859315451883178483e+00 6.410903544083699224e-01 5.997133395854817861e-01 1.201275914041169068e+00 5.437454347676170391e-02
-8.193549313303574166e-01 -1.539526428007268688e+00 2.994048340688053145e+00 9.718934017726192920e-01 9.429416788848309361e-01 1.391668671249907119e+00 8.954497932725354881e-01
-7.015221323911570162e-01 -1.037480120434891351e+00 -1.768748101221477631e+00 1.403928433148478261e+00 1.315101262819288186e+00 1.742339636960201998e+00 1.664158118060661273e+00
-4.558979200818230604e-01 -5.588576173631022437e-01 -7.945679706671788800e-01 1.811847093817937626e+00 1.653428338477716641e+00 2.174419219894224042e+00 2.398440097681651562e+00
-5.045259411298126662e-02 -3.823715655303124711e-02 -1.045725773907515282e-01 2.005589023143282024e+00 1.894474808977570701e+00 2.561254576211408729e+00 3.093953415916093963e+00
4.406485894604394993e-01 5.105752771043956528e-01 4.967839479096613498e-01 1.546277534570365653e+00 1.858485206016177393e+00 2.468140295441208831e+00 -2.670513371179828788e+00
9.819317690390404474e-01 1.060703853016966569e+00 1.038487882974578280e+00 1.319112428042737317e+00 1.445991269019582193e+00 1.968596413037436266e+00 2.836635839963045580e+00
1.555129489895949568e+00 1.585757753456097152e+00 1.500585912340535621e+00 1.530447304379319640e+00 1.236682838961727260e+00 2.232785304588739805e+00 2.671562973468772917e+00
2.129844868823839832e+00 2.041206247469115276e+00 1.880205727138710481e+00 1.820694999311279094e+00 1.308837619458559365e+00 2.674944747404720768e+00 3.025551339096601566e+00
2.627917883588345660e+00 2.337128465786754816e+00 2.204903346054412960e+00 2.142811437754856829e+00 1.595876258427994854e+00 3.094633959401965839e+00 3.114945154429143326e+00
3.001030335481000400e+00 2.383635785861186296e+00 2.446069374861413515e+00 2.540504415671872795e+00 2.041786832765840831e+00 -2.825024182720541788e+00 3.117656999573677368e+00
-2.749234576128432472e+00 2.394985970955226584e+00 2.381946164090066098e+00 3.028044503763245743e+00 2.584192586934249469e+00 -2.470462957074420096e+00 -2.851516803988650928e+00
-2.024017534452692502e+00 2.596520830028434812e+00 2.116476716727855756e+00 -2.710177454992713564e+00 -3.064629796157311237e+00 -2.065469330246054280e+00 -2.375683383011661043e+00
-1.296528829422341600e+00 2.891571039287550438e+00 2.335070586502430157e+00 -2.164909721956681743e+00 -1.926246507896333782e+00 -1.616563179875013523e+00 -1.926515059210505143e+00
-6.368191227334328852e-01 -3.136095559684898948e+00 2.801909237449220491e+00 -1.836351066269881649e+00 8.306358531390403144e-01 -1.195411749265206547e+00 -1.820185129237205102e+00
-6.516591896434326125e-02 -3.036890119935432786e+00 -2.976797326853424241e+00 3.126586903680934171e+00 1.510543920960660813e+00 -1.374568218817248555e+00 -2.873570703462579257e+00
3.866608441826612230e-01 -2.827511949135645075e+00 -2.584275735923673434e+00 -2.830397349600742629e+00 2.611158041752706271e+00 -2.451488734414845272e+00 -2.755417271093650644e+00
6.402530183314631973e-01 -2.214768626597768630e+00 -2.253553709168332642e+00 -2.167066724098368979e+00 -1.177249207197012648e+00 -2.011363547973173738e+00 -2.266813904381031808e+00
6.556878681647427820e-01 -1.307544151043210423e+00 -1.644606111249141245e+00 -1.435206105835973522e+00 -6.084307829599314710e-01 -1.372407119788339402e+00 -1.660402230187342010e+00
6.255401287270938582e-01 -3.905606407088167975e-01 -8.144172695290844421e-01 -6.895069504857876952e-01 -7.964766109979141973e-02 -6.673097899371075448e-01 -9.972761867060953023e-01
7.328675495039097543e-01 3.887480124809061799e-01 1.986209654795417084e-02 2.922616373080913835e-02 4.427710765851161634e-01 5.324246176074955844e-02 -3.217734743140739373e-01
9.507550263377415600e-01 1.050609184855744171e+00 7.700356110143972144e-01 6.800509997917769667e-01 9.448087902508602864e-01 7.452005543830931833e-01 3.198305063688997585e-01
1.235175938258864514e+00 1.624005673747825895e+00 1.421961243061984570e+00 1.233576807229671335e+00 1.414155750838318903e+00 1.361488747400043664e+00 8.766425965353836780e-01
1.545645328161169507e+00 2.131087243436494472e+00 1.965614682078459463e+00 1.703066522487587831e+00 1.863522384080260608e+00 1.873746353268479270e+00 1.338123674435908406e+00
1.867701730082676148e+00 2.589626921725835640e+00 2.378272137287667398e+00 2.140181733038735157e+00 2.304704020655519603e+00 2.314364714275644719e+00 1.748836090567115642e+00
2.217414586256649667e+00 3.007814589551258244e+00 2.671035129923434948e+00 2.568980821493471733e+00 2.729310895175768970e+00 2.761814232025216587e+00 2.111036689363977370e+00
2.604310228575850594e+00 -2.887656618327870017e+00 2.977118438598359784e+00 2.968208254184626416e+00 3.118044429974963005e+00 -3.037206032143112910e+00 2.229401010079342438e+00
3.007618550178419614e+00 -2.515474276393404818e+00 -2.880446630533545438e+00 -2.984160146981884587e+00 -2.837742158098379264e+00 -2.560368982085578615e+00 1.991930944873197440e+00
-2.894823542245516634e+00 -2.159008918578632752e+00 -2.373699378320026643e+00 -2.762921754448412592e+00 -2.590179498770964983e+00 -2.191548749989346234e+00 2.182705820509081907e+00
-2.555824734931757547e+00 -1.866009810602443197e+00 -1.870906869068431400e+00 -2.636821751464853758e+00 -2.428096801651105974e+00 -2.152123363919167254e+00 2.697176106516876892e+00
-2.246543317898912484e+00 -1.724789558437666459e+00 -1.552516408108526313e+00 -2.478222928610423814e+00 -2.294954141759871558e+00 -2.384279013050174534e+00 -2.960334364063557100e+00
-1.947238654521756596e+00 -1.731845883291214250e+00 -2.042346483901474219e+00 -2.209549324278504923e+00 -2.122687105337517810e+00 -2.273027015975473297e+00 -2.310261147257546277e+00
-1.679362942175913975e+00 -1.630661665799184146e+00 -2.184693013637919901e+00 -1.859578945551638940e+00 -1.896762316211680455e+00 -1.937594565357576792e+00 -1.669998462086951907e+00
-1.512938400403548656e+00 -1.333219379073309341e+00 -1.710214327391940348e+00 -1.480894953233872213e+00 -1.646191339609406112e+00 -1.560036968984030770e+00 -1.063757031717038837e+00
-1.519894616698607814e+00 -9.288821639542648168e-01 -1.071116442757860110e+00 -1.156622389861032607e+00 -1.404019318655083337e+00 -1.259661946534716748e+00 -5.780477620488730928e-01
-1.576889954200944466e+00 -4.876568808648714670e-01 -3.305057314993084527e-01 -1.088113912469184319e+00 -1.194051378880877756e+00 -1.206481938113197261e+00 -2.505590059586490614e+00
-1.511314573358629509e+00 -6.529369868423416656e-02 6.046245376726138154e-01 -1.314132264859689148e+00 -1.006619155503867713e+00 -1.344366169063885730e+00 -2.066429724231058973e+00
-1.389540984201215190e+00 2.414975443975836966e-01 2.251249313626539017e+00 -1.195582652162274995e+00 -7.990858810926108058e-01 -1.213417223776634746e+00 -1.441173065330297431e+00
-1.315956993214534743e+00 1.048766055620990872e-01 -2.408757495091034873e+00 -8.215991187534696927e-01 -5.652964760504701758e-01 -8.912829388594977198e-01 -8.088802138795383456e-01
-1.277957783282564597e+00 -3.139788797946876375e-01 -1.421198533451731860e+00 -4.023029762422745126e-01 -3.481248459256415240e-01 -5.544996147221609162e-01 -2.076785937561760609e-01
-1.162279688182244364e+00 -1.025610471162117371e-01 -5.411516738220070177e-01 -5.780117502332470653e-02 -2.580916235321167318e-01 -3.085854294482127669e-01 2.717272352229649912e-01
-9.476062539626560755e-01 3.978400201949681692e-01 3.944362334611003496e-01 1.582613952469628937e-02 -4.071317388499107737e-01 -2.318003862386681657e-01 1.958791167873272666e-03
-6.933173632263937014e-01 1.066091963425622291e+00 1.496982175663644998e+00 -3.488045622940648682e-01 -5.814350625008325446e-01 -3.702080318053881935e-01 -7.284511548357811561e-01
-4.794391701779018300e-01 2.471823772465612468e+00 2.693147853480581055e+00 -4.093957049480133614e-01 -5.086974566561269784e-01 -4.617276433760382215e-01 -3.911298476120677603e-01
-3.646812057084554692e-01 -1.560962388780193111e+00 -2.577426860028403599e+00 -1.634365641185216711e-01 -2.979498245724939154e-01 -2.963053057454404504e-01 5.734079918004997972e-02
-3.669139948952386265e-01 -8.386257021582429472e-01 -1.788338839679056269e+00 1.602102688273042141e-01 -1.950383258111765966e-02 3.212158066098101672e-02 5.059135530083471721e-01
-4.032617747441202272e-01 -3.830264947132888675e-01 -1.183828008223619888e+00 5.053370949010284052e-01 3.032879766114141007e-01 4.238418455738903190e-01 8.978504721066808969e-01
-3.647319646009272165e-01 -2.051148780808828842e-01 -8.083550686988031364e-01 8.798205098197883212e-01 6.591932324148123135e-01 8.208843334098784306e-01 1.164401762497262904e+00
-2.453923259683217228e-01 -3.341880465669609945e-01 -7.976371027884354703e-01 1.297117344855923005e+00 9.879654267800048739e-01 1.155789226895521438e+00 1.311692307102856114e+00
-1.413244074270416095e-01 -4.158530554092960130e-01 -8.548908353131144944e-01 1.765136271474725183e+00 1.162051451719021467e+00 1.373458231128922513e+00 1.593937948047584374e+00
-4.254699766667179028e-02 -2.587777042795393334e-01 -5.875559442633520035e-01 2.289322427120573433e+00 1.040525033443241876e+00 1.581359221798552595e+00 2.096531332093038547e+00
1.377411700191593646e-01 4.195856218066625065e-02 -1.899175107232197179e-01 2.858372490334613936e+00 1.073129569286825458e+00 1.928706004698070187e+00 2.727537815767623108e+00
4.060421535566125506e-01 3.752653915363612369e-01 1.496875501274455844e-01 -2.826326362141889259e+00 1.438447181242012984e+00 2.340626093193327151e+00 -2.854588154745202555e+00
7.246230429400676298e-01 6.694970825960897542e-01 2.798776316024709221e-01 -2.168661129673133292e+00 1.951915158896809999e+00 2.605386701750024514e+00 -2.086304803546366049e+00
1.077890339700639410e+00 8.568510454300113377e-01 2.545580810279304274e-01 -1.446763307987321445e+00 2.499930310043279924e+00 2.524138600645881247e+00 -1.162208238651247560e+00
1.422672976172637105e+00 8.604065982746996744e-01 3.296427971526936229e-01 -7.498618735452619033e-01 2.620016579046327010e-01 2.576855973951130085e+00 7.362355543279728610e-03
1.729448493594756719e+00 7.769293975903026617e-01 5.345443860692878912e-01 -1.050420349556828031e-01 7.708800792496011134e-01 2.921875464466532790e+00 1.027178502473703015e+00
2.069312300209719790e+00 9.132584260993522607e-01 7.984719683256583656e-01 5.141750790090432455e-01 1.416231807066262505e+00 -2.974400439748388969e+00 1.696885075754250627e+00
2.543001042178981486e+00 1.223029801576595910e+00 1.080998812755954219e+00 1.098612771514428932e+00 2.046758815770225670e+00 -2.724632707872341353e+00 2.218399828259276951e+00
-3.104967081974160603e+00 1.592198969107833761e+00 1.379472218432482578e+00 1.604013356901913268e+00 2.569234853001628682e+00 -2.786810610491357920e+00 2.658682864690236070e+00
-2.259768577491030772e+00 1.990087762308392794e+00 1.707305956833886640e+00 2.019388384208586018e+00 2.652752701635973764e+00 -3.009618751014677240e+00 2.935755868625572251e+00
-7.184995129503698452e-01 2.421662097386615198e+00 2.049383668747928322e+00 2.435685936121265716e+00 2.325135746817676541e+00 -2.942118344964248511e+00 3.073927492880240031e+00
1.176600276628556596e+00 2.881025809664155890e+00 2.388265077791345448e+00 2.937703295214886268e+00 2.673557983847879793e+00 -2.555201391492708751e+00 -2.903739429852708831e+00
2.269134157560706466e+00 -2.935579189339775574e+00 2.757505129684999279e+00 -2.785128919267100045e+00 -3.043987449259529132e+00 -1.980481146026165762e+00 -2.425438693282246039e+00
-3.043281882469080379e+00 -2.476444994910627972e+00 -3.066552289898909489e+00 -2.282858479806416874e+00 -2.485602026759467620e+00 -1.300811824315678322e+00 -1.950967037749495203e+00
-2.050106684365386123e+00 -2.046131234859988712e+00 -2.473350290391056028e+00 -2.173201154109185129e+00 -2.067115428923142151e+00 -5.737343192033714789e-01 -2.068633928031008207e+00
-1.083648959450228988e+00 -1.705551782656447024e+00 -1.700238329248903391e+00 -2.411446741376155778e+00 -1.796607883304267572e+00 1.237142754126556027e-01 -2.642941132863152909e+00
-2.805086125557058052e-01 -1.598522695434497098e+00 -6.892488783140356956e-01 -2.028680566867227864e+00 -1.450947400258937758e+00 4.157082112001752039e-01 -2.207001767012537918e+00
1.575866940047483955e-01 -1.461003277299849135e+00 4.046984810151446621e-01 -1.383983405769596553e+00 -9.230850701718079643e-01 -5.670042732459926738e-01 -1.584108581185500908e+00
1.164923982238185024e-01 -9.196170145872992752e-01 1.312295132696708277e+00 -6.718099313276068019e-01 -2.859952532947354076e-01 -1.526572598808052794e-01 -9.291008652101756526e-01
3.400202248044655318e-01 -1.676880251061954041e-01 2.055370010928848412e+00 3.315079906236957641e-02 3.750327619756614328e-01 3.980509036852725169e-01 -2.928395571150885779e-01
8.126841524859379495e-01 6.133116900393638105e-01 2.705812352218846417e+00 6.754795814930821818e-01 9.998266072322370412e-01 9.570298046277442294e-01 2.648546142317398377e-01
1.321360179170495863e+00 1.326892892187918394e+00 -3.014705659537952442e+00 1.223108652481151859e+00 1.547282454111422956e+00 1.568069523832173351e+00 5.864074297445195372e-01
1.770013673062330151e+00 1.976438426994576281e+00 -2.637719289959934432e+00 1.728139008495320095e+00 2.036275773176427162e+00 2.230844606975793010e+00 4.618829502147764887e-01
2.111454032624377142e+00 2.613343098667478159e+00 -2.651840505115904634e+00 2.293358760365054483e+00 2.531672291564835309e+00 2.917847008749606008e+00 4.058973059754826251e-01
2.386661347526788379e+00 -3.019755098843685204e+00 -2.592106609897088632e+00 2.942137887936480567e+00 3.068052636225372609e+00 -2.674976252728784587e+00 5.119593045377952567e-01
2.708032490956656435e+00 -2.364287257984287294e+00 -2.153805645053350037e+00 -2.646735769346211242e+00 -2.648533915002163397e+00 -2.001867053393706186e+00 5.244810845870240268e-01
3.098966563286764231e+00 -1.728243328879477181e+00 -1.581510135763094738e+00 -1.954736127218544173e+00 -2.096053675706838870e+00 -1.388409042978044017e+00 7.627663770759589568e-01
-2.800945785931189036e+00 -1.135194939997923536e+00 -1.016328664334667176e+00 -1.326463737937584542e+00 -1.609314302263704866e+00 -9.008065818557984272e-01 1.289356488275724910e+00
-2.487292952765934650e+00 -6.004655272252191756e-01 -5.864363324575250225e-01 -8.744297831449920899e-01 -1.214252027378407428e+00 -5.769259551105638817e-01 2.011875695934727482e+00
-2.185035967090307896e+00 -1.352567986171300529e-01 -5.684551658124462614e-01 -7.266424587651900691e-01 -8.511076846887052350e-01 -2.907663964444816562e-01 3.111814851785562830e+00
-1.756125528827513715e+00 2.384347555988987344e-01 -8.006138371448427993e-01 -6.281770259481732621e-01 -4.502076309029440782e-01 1.023161116415113037e-01 -1.702991775812902064e+00
-1.182107704997098940e+00 5.167435243629373565e-01 -5.682939966381188590e-01 -3.617042651413694410e-01 -3.837988253897040708e-02 5.843776066462843533e-01 -9.913892429591580902e-01
-5.049531762874450713e-01 7.946068382503916894e-01 -1.553969062518401889e-01 -8.559819397669160557e-02 3.157523124379567614e-01 1.101441427860924138e+00 -6.542545492224245418e-01
2.529638744095732972e-01 1.108804559293296244e+00 2.389826766613403763e-01 8.403637884065648378e-02 5.439193182692066975e-01 1.595939778822997868e+00 -4.842429966430900623e-01
1.096408339991058911e+00 1.341717110350631570e+00 5.375257285666328322e-01 1.501482480519975293e-01 6.798298680668636296e-01 1.971339430489990940e+00 -3.928661622572598433e-01
2.074719331499553121e+00 1.430795475410830964e+00 7.566393714337166232e-01 2.334029722630379666e-01 8.572944357788662151e-01 2.031722197652812145e+00 -2.239618817344890545e-01
-2.939127715358283766e+00 1.628700881100901166e+00 9.245009130805023068e-01 4.685690766581439570e-01 1.137928089892229711e+00 1.820493944806623521e+00 8.514693105547953278e-02
-9.746878780953424082e-01 2.046631034482547573e+00 1.073644128129763509e+00 8.628512323569363929e-01 1.485763443569898312e+00 1.875846536037513168e+00 4.658312742806289819e-01
7.311211031403774818e-01 2.619231183814323405e+00 1.308335445964160071e+00 1.356019375321649401e+00 1.864957525123463800e+00 2.162835172280395124e+00 8.757501929360060888e-01
1.815074094984089559e+00 -2.956693960205471150e+00 1.671433937802178971e+00 1.899665291272511158e+00 2.248670310144293083e+00 2.582609734518888533e+00 1.307340353708054570e+00
2.519669501866085515e+00 -2.105224734474628878e+00 2.131605757142393642e+00 2.462313583187340615e+00 2.595222058559397471e+00 3.101651117198565011e+00 1.757546945705646957e+00
2.744975640420356022e+00 -1.141500118936584762e+00 2.697125639580808532e+00 2.989338387649498774e+00 2.814269770772569679e+00 -2.584798933076614791e+00 2.175987698321895536e+00
2.930039145952894497e+00 -2.153512546709610009e-01 -2.388282479412842663e-01 -3.081468456004668788e+00 2.736759904847488656e+00 -1.942514464868138502e+00 2.457578074187198425e+00
-2.855965549387773361e+00 5.462437170352916205e-01 5.777164914624961511e-01 2.442762429104432531e+00 2.598417965407711971e+00 2.198053696853393024e+00 2.584657848302848393e+00
-2.243968758046213097e+00 1.138309500957587872e+00 1.236824261701813699e+00 2.656823885831764098e+00 2.747376312665072984e+00 2.660749616109225002e+00 2.770365713183384315e+00
-1.653944535144716621e+00 1.592409761423065451e+00 1.886065622538124709e+00 -3.079060536655351399e+00 3.063959205508526740e+00 -2.856584320095790552e+00 3.010039378501302654e+00
-1.153003089306204876e+00 1.927704770926951694e+00 2.515275533519696793e+00 -2.489970654124154859e+00 -2.861326713516576525e+00 -1.856053978318127351e+00 2.859969390478990015e+00
-7.492696668879902377e-01 2.128638011230922000e+00 3.085339102479010887e+00 -2.013760922813584209e+00 -2.556235819117577357e+00 2.472161878461745510e-01 2.381065518781494195e+00
-3.874943647030509308e-01 2.258426712615641208e+00 -2.798338995751423752e+00 1.893727330519106689e+00 -2.601588660967411926e+00 1.532915565061629293e+00 2.513629210364785038e+00
-1.949630787746385943e-02 2.496931445563692620e+00 -2.786664144302226642e+00 2.425733863329558648e+00 -3.114949498160828334e+00 2.316626128668482387e+00 2.823762129468359916e+00
3.094860826758922823e-01 2.845457723391683569e+00 -2.867704132943337036e+00 2.955252988422996996e+00 -3.087560954559100512e+00 2.993147853657542434e+00 3.110975339461459210e+00
4.457010258998095886e-01 -3.083412977685130230e+00 -2.745519911780669009e+00 -2.814288296710799386e+00 -2.793296181560344760e+00 -2.662944684266517648e+00 -2.940723977719840398e+00
-1.155878184805587405e-01 -2.796964975283537047e+00 -2.679586430803246433e+00 -2.343333878306976814e+00 -2.465409024413457217e+00 -2.058262938194499458e+00 -2.755923939759438834e+00
-5.448853456657841710e-01 -2.577847135914277832e+00 -2.711510967533817595e+00 -2.026628975822784451e+00 -2.170531747421452717e+00 -1.408388851631571459e+00 -2.665125180278491879e+00
-5.888540635253894928e-01 -2.404470453410684883e+00 -2.737439938547975071e+00 -2.122252389938547701e+00 -1.949434263774184384e+00 3.304105792468102210e-01 -2.662737433447098567e+00
-3.894790938524400059e-01 -2.195228209657509311e+00 -2.573635804503541902e+00 -2.254837940027770937e+00 -1.797763411260907551e+00 2.519013984870902334e+00 -2.514297791456023390e+00
-9.583036067045936149e-03 -1.846160010242984040e+00 -2.152971360751403385e+00 -2.039836862625852287e+00 -1.701901171397005141e+00 -3.099972956995058926e+00 -2.253961743784933525e+00
4.405231337302286665e-01 -1.366543035824772323e+00 -1.594297450761502422e+00 -1.758923719754082349e+00 -1.618813525935514974e+00 -2.525155684337534012e+00 -2.027270614513811076e+00
8.854720981355053144e-01 -8.286431636367885822e-01 -9.965551037246475063e-01 -1.521428325846774454e+00 -1.473844979456758075e+00 -2.022526839130294185e+00 -1.861875903558012135e+00
1.337083291765699622e+00 -3.029158830477714504e-01 -4.224256010367478664e-01 -1.323812129615099753e+00 -1.258615735982814288e+00 -1.698912751305323932e+00 -1.743223445253707871e+00
1.814985352875047475e+00 1.544369560229926219e-01 2.965101344359780899e+00 -1.329533305011544320e+00 -1.041101591419888894e+00 -2.692171136510995488e+00 -2.169856273062026553e+00
2.318787521109503924e+00 -2.238020103506988878e+00 -2.992174512963007960e+00 -1.701196808159736396e+00 -8.921260386243953233e-01 -2.861620780871046765e+00 -2.657666985588931663e+00
2.841692442910256577e+00 -2.034715792662261435e+00 -2.758923275185087398e+00 -1.624171325887250328e+00 -7.513194101731736074e-01 -2.409962697077548288e+00 -2.349584475132161732e+00
-2.909079654758631062e+00 -1.591786467348152767e+00 -2.413564923923487093e+00 -1.240196332632192755e+00 -5.106830470855378001e-01 -1.929113335193542111e+00 -1.862486176897448775e+00
-2.367757663158443382e+00 -1.177534238993279914e+00 -2.001265000894358437e+00 -8.198355915528623417e-01 -2.154606058667172530e-01 -1.575146739030643284e+00 -1.390605872374822471e+00
-1.823058016243004786e+00 -1.007794840740307674e+00 -1.582996700280827174e+00 -5.181914282498382152e-01 -1.150263063940831776e-01 -1.467570194241729631e+00 -1.121819163357292704e+00
-1.275419229357158679e+00 -1.105127577376722181e+00 -1.146108104549156570e+00 -4.403984381510759882e-01 -4.853477306766516564e-01 -1.368426537628577577e+00 -1.205127954217521502e+00
-7.183327014449319980e-01 -8.467574335002104879e-01 -6.397048787501600220e-01 -3.301584390725994522e-01 -4.628343721486761764e-01 -1.001691088384994544e+00 -1.077078786160489132e+00
-1.385292317208331181e-01 -3.297539911709220228e-01 -5.838508875073650933e-02 1.267331898488585976e-02 -7.186397397354503391e-02 -4.691503442539505242e-01 -6.459276759239221954e-01
4.638802735057804272e-01 2.409524027225561915e-01 5.555664630867040987e-01 4.513999961044046216e-01 3.991948072774916256e-01 1.245071008329554363e-01 -1.426189631154335391e-01
1.055945066254170062e+00 7.818727042809909822e-01 1.137918582675294887e+00 8.601815909198390342e-01 8.616186098354503553e-01 7.316980503719834328e-01 3.173273780420792223e-01
1.581330055259296818e+00 1.274730466728488665e+00 1.602975529261328358e+00 1.192467776802505375e+00 1.297918758962437691e+00 1.335656716368207375e+00 6.752754449331344055e-01
1.958597162245005352e+00 1.752801271326778654e+00 1.848038289198367545e+00 1.504181825859192134e+00 1.729428644283327987e+00 1.934336481619932213e+00 9.514105217728805464e-01
2.120564694408542561e+00 2.240300456986002775e+00 1.925808062173775426e+00 1.862922197622811638e+00 2.165544475079443032e+00 2.520423767129055026e+00 1.197795172579112499e+00
2.203879487700746154e+00 2.718153796803994826e+00 2.074934069286592742e+00 2.263628579126680584e+00 2.586208307368036419e+00 3.071037227000597447e+00 1.459977458394597249e+00
2.434690806346367253e+00 -3.140477703323382386e+00 2.324991758064157921e+00 2.675778357010538233e+00 2.968213380847063210e+00 -2.728567176929447502e+00 1.793916118419172756e+00
2.806720349971261630e+00 -2.818316004526834728e+00 2.622419104269699375e+00 3.078499671253203118e+00 -2.976861215630897117e+00 -2.335267927904578933e+00 2.220913288881887659e+00
-3.043699758645715292e+00 -2.586966199190387172e+00 2.956060442071440253e+00 -2.822618623974328500e+00 -2.669321827059970342e+00 -2.010753848885869388e+00 2.688663944387917226e+00
-2.600833751121460313e+00 -2.326362698122239614e+00 -2.938974214275845931e+00 -2.470031214202874636e+00 -2.403854142068022171e+00 -1.699729261329130159e+00 3.034953822141112756e+00
-2.182631414040633988e+00 -1.950407377580203550e+00 -2.497584663548175765e+00 -2.175179523029400652e+00 -2.205890543735105513e+00 -1.382176430978109050e+00 2.721763776670423240e+00
-1.809921132635874397e+00 -1.481519301494607532e+00 -2.051448559417595074e+00 -2.047024940102279089e+00 -2.076000603264249289e+00 -1.118630494056310321e+00 2.358163263857493863e+00
-1.486470788350690464e+00 -9.651567502163139745e-01 -1.721413068472972263e+00 -2.229728259725900497e+00 -1.943431061570597862e+00 -1.052984343230608077e+00 2.671959613020127744e+00
-1.178535156113169835e+00 -4.430014145150806826e-01 -1.689508005324191098e+00 -2.286815036319179484e+00 -1.739682630139341768e+00 -1.242485639985085655e+00 -3.125557536539227854e+00
-8.506692175560174318e-01 3.827121948921452521e-02 -1.725638479146302640e+00 -2.012292630724653364e+00 -1.464539090081194317e+00 -1.251004163838657535e+00 -2.559329054132488235e+00
-5.030784546589949224e-01 4.296698156039150396e-01 -1.457888134801597069e+00 -1.600176766889975566e+00 -1.141105905368835494e+00 -9.488945344434575047e-01 -1.946772517616660148e+00
-1.306122658607359044e-01 7.201892818897872584e-01 -1.014665957620278558e+00 -1.139648288405140875e+00 -7.618915538858032077e-01 -4.836406941999983888e-01 -1.307096978517095831e+00
2.784067694582398333e-01 1.031308638601674987e+00 -5.134710219866500669e-01 -6.506677624865465637e-01 -3.131238166884779961e-01 6.593746662209283571e-02 -6.509923612501199441e-01
7.189622774164370345e-01 1.469103856965193966e+00 -9.309220826542666119e-04 -1.312834290914179081e-01 1.855137903937892907e-01 6.510441348445006327e-01 2.465011691732396648e-02
1.163565928319802989e+00 2.019003699205129898e+00 5.464067038388390474e-01 4.236710594001451557e-01 7.211346346783676919e-01 1.222960228116738657e+00 7.378819943311286655e-01
1.606816667677374966e+00 2.653175063541791001e+00 1.293620625529536605e+00 1.038067424381842629e+00 1.295478994868502376e+00 1.637693743764636833e+00 1.494452347701888950e+00
2.076027915846249794e+00 -2.932005602355157947e+00 -3.041246905481687968e+00 2.592598211127674634e+00 1.989183358883748642e+00 1.356457030267990138e+00 2.289577994475969547e+00
2.611970256657871303e+00 -2.252590780210672161e+00 -1.364989301071726224e+00 -1.529971070671958921e+00 3.037722877181519010e+00 1.250547337939448056e+00 3.078162088826700948e+00
-2.999882140583447043e+00 -2.018586292659280801e+00 -4.422681548861714940e-01 -1.209315497585342181e+00 -2.436110066643912386e+00 1.758213696371323964e+00 8.654575745172273793e-01
-1.563904854166474623e+00 -2.474143023589843171e+00 4.188622158146136365e-01 -1.018334384817995986e+00 -1.985967961415673555e+00 2.377538626103720354e+00 1.620816649032067902e+00
4.885937626623855223e-01 -2.080201873221646292e+00 1.351025408122178861e+00 -6.728136102676155472e-01 -1.550899882459697565e+00 2.938646455400069080e+00 2.306397692416260359e+00
1.138633251595561280e+00 -1.482477569145749241e+00 -1.001588359177754350e+00 -2.376448927236202990e-01 -1.173807458744690946e+00 -3.003093910275596023e+00 2.953380041241625786e+00
1.527493196820861376e+00 -1.003746820154968411e+00 1.861187595536932179e-02 -2.130708606006487538e-01 -9.560836168102015975e-01 -2.915719159790044479e+00 -2.628919258691390315e+00
1.848160297846877409e+00 -1.551504679045869306e+00 1.340143826332814481e+00 -1.284224029920733479e+00 -8.304960623170219991e-01 -2.650381911978574312e+00 -1.793183550965328887e+00
2.202461000437443861e+00 -1.677972664231952349e+00 2.968816508266936438e+00 -8.803697937745136315e-01 -5.273608755797902781e-01 -2.179385884267921014e+00 -7.977584958677714777e-01
2.474263640597450742e+00 -1.123012746222293634e+00 -2.091277665000948360e+00 -2.993742038602282829e-01 -5.427440564840971260e-02 -1.829752686677920126e+00 4.257473627644788317e-01
2.330205839763005216e+00 -5.057842821672793310e-01 -1.200089787859337953e+00 2.357120374220418313e-01 4.779314493188455693e-01 2.803002527254840448e+00 1.879109363834436497e+00
2.100813283217701777e+00 7.593561734994352897e-04 -5.654253398141132481e-01 5.016416478675398416e-01 8.889140358283690313e-01 -3.073527996988134614e+00 -3.028124896519058140e+00
2.317137302076725636e+00 -2.208146539379883810e-01 -6.436058760054863548e-01 3.541718150743825011e-01 9.104508537721309747e-01 -2.520189974246404674e+00 -1.826292553028385557e+00
2.689661879084196627e+00 -1.065487664987395000e+00 -8.983445973421301245e-01 5.384521280645556685e-01 9.058422483222753341e-01 -2.037370834234622841e+00 -6.296284430436490664e-01
3.126873360974359528e+00 -8.620011675264899198e-01 -4.096023665871557640e-01 1.005092683621535921e+00 1.367380712207387772e+00 -1.777181942450466678e+00 8.159440941899469557e-01
-2.672839794336518526e+00 -5.877610609616592541e-01 2.546747568265643746e-01 1.511621261255876592e+00 2.055100989778077203e+00 -1.845947637368934968e+00 2.385081296040955756e+00
-2.156600790103901044e+00 -3.717677098953193204e-01 9.863156129204729838e-01 1.897727541779077098e+00 2.839916157911307248e+00 -1.767875437352172341e+00 -2.726088887697970531e+00
-1.654058871313389911e+00 -2.023279574201823361e-01 1.867293750694744903e+00 7.074158591704082788e-01 -2.658558574641540773e+00 -1.371652808818901503e+00 -1.775807558869179514e+00
-1.224243319526668872e+00 4.892895435406501015e-02 -1.446310303800832475e+00 5.136260158198784342e-01 -1.983620297753224682e+00 -8.229368332608565373e-01 -8.550228061787576994e-01
-8.808753787706424809e-01 4.265518223055035363e-01 -3.469505783904432983e-01 1.066439679165352095e+00 -1.435542309353614820e+00 -2.006238068126900975e-01 3.647466199028228662e-01
-4.512002207847972679e-01 8.799839348390773308e-01 3.771717284199764819e-01 1.728190146106469705e+00 -9.974239498713168839e-01 5.022589498869195479e-01 2.345094297603684819e+00
3.213581516409602101e-01 1.344883134027774263e+00 1.018903681059467825e+00 2.414667724259029313e+00 -5.186159926572176948e-01 1.703492040718652456e+00 -2.937841818245665593e+00
1.319969429742080091e+00 1.743973935713170720e+00 1.597667379972260715e+00 3.068138525057099830e+00 2.784539190979875567e+00 -2.677061732526650584e+00 -2.428747602786648585e+00
2.199314780370488442e+00 1.735823576302947258e+00 2.053130140693767203e+00 -2.611470818856560516e+00 -2.748953657470442735e+00 -2.089841557325374133e+00 -2.087898195935342649e+00
2.934285318802436926e+00 8.852367630358817241e-01 1.569107229727167763e+00 -2.006611753498684703e+00 -2.076617741582664767e+00 -1.660585329202852067e+00 -1.691401241171263337e+00
-2.702967193593950324e+00 1.090378501665950850e+00 1.199914229833889401e+00 -1.369455498973122909e+00 -1.386808449040390467e+00 -1.169984588144196591e+00 -1.190943831177269541e+00
-2.123629811555534985e+00 1.602202868307005312e+00 1.754525743701810248e+00 -7.320045868965818769e-01 -6.892911212614674099e-01 -6.195885090266659567e-01 -6.511272551041941137e-01
-1.601150472266623437e+00 2.173155541275191727e+00 2.423528124132078521e+00 -1.379136844132130280e-01 -8.291673843149982397e-04 -4.538617452239972205e-02 -1.294202223718750600e-01
-1.104987072146849769e+00 2.694229274745571168e+00 3.083478383170669357e+00 3.999690194848604108e-01 6.588758514845960423e-01 5.217004786057438670e-01 3.571111246970930519e-01
-6.149761828305932987e-01 2.930593841255099807e+00 -2.607437585337658348e+00 9.108732300031867624e-01 1.265258004874907138e+00 1.058382005112493918e+00 8.272208704072302465e-01
-1.497119302579959788e-01 2.553395607896648212e+00 -2.118918116892992920e+00 1.420309445211764166e+00 1.799965844786179270e+00 1.550878562974023600e+00 1.304171199678043180e+00
2.684494439606388561e-01 2.637100287241900709e+00 -1.722645358822267880e+00 1.904572846517268658e+00 2.249723754185631197e+00 1.973206028080424890e+00 1.770792831659347089e+00
-1.208012900832111436e+00 3.060286704820915471e+00 -1.301534299062819811e+00 2.300943275176240199e+00 2.595439690277970168e+00 2.245975496968395824e+00 2.185707510501684325e+00
-1.884955756950957406e+00 -2.771081282677982038e+00 -7.050274495366336547e-01 2.552452532202563074e+00 2.804943052824844685e+00 2.258052045296431665e+00 2.508912905424368400e+00
-1.383689935924117265e+00 -2.484086114262794354e+00 1.254684229882603308e-01 2.689316135401281116e+00 2.828861041808715893e+00 2.187272448291670113e+00 2.647828168614168920e+00
-8.263666851116328038e-01 -2.614181879351106907e+00 1.125352215551983726e+00 2.777607015739018248e+00 2.666840050130363959e+00 2.289746511402829920e+00 2.114606290277184719e+00
-2.756550011901716668e-01 -2.702157589329665210e+00 2.107901432256892083e+00 2.789924125975496771e+00 2.550063826343341944e+00 2.498584471372579330e+00 1.663194898753654449e+00
1.547212096180422269e-01 -2.445758021240762581e+00 2.965646649300513360e+00 2.824965666728926905e+00 2.705336896615038622e+00 2.748452073389719530e+00 1.963009170031996042e+00
-2.726276409113432275e-01 -2.196645129828476151e+00 -2.679768696189423149e+00 3.042145422483019779e+00 3.030079632113977350e+00 3.013528478328995952e+00 2.470784609461998294e+00
-7.303187471245564666e-01 -2.482578201680984087e+00 2.328985390690177404e+00 -2.899282435760620391e+00 -2.857249375866699914e+00 -3.002194391225696979e+00 3.054548306947987069e+00
-3.059161143299901631e-01 -2.850391670216990025e+00 2.576650332528050757e+00 -2.544592133537091794e+00 -2.460655621150302785e+00 -2.761351661359426224e+00 -2.633648113726685835e+00
2.730356820753459535e-01 -2.584039199495808958e+00 -3.055824959712584388e+00 -2.288799044047949316e+00 -2.156117872383141343e+00 -2.614303172179480050e+00 -2.100547749223049099e+00
9.014927490381249298e-01 -2.197754036664264277e+00 -2.394454603920923130e+00 -2.288936769244238612e+00 -2.338360455474135069e+00 -2.641172186108643238e+00 -1.943046522145307708e+00
1.567206309053464031e+00 -1.868753541379688965e+00 -1.809581452325866868e+00 -2.399371422636251694e+00 -2.868899555922748590e+00 -2.651301216626642532e+00 -2.525275821729630277e+00
2.313170965566499149e+00 -1.618502260812683335e+00 -1.453850972337991543e+00 -2.179262762051608515e+00 -2.720168327510087636e+00 -2.469734823385809630e+00 -2.239586318581564317e+00
-1.305672340806247389e+00 -1.336930881445098418e+00 -1.526944158492853143e+00 -1.714615354670250946e+00 -2.406619223789978168e+00 -2.215618838309202143e+00 -1.626798485048873921e+00
-1.126357079875949518e-01 -1.012712852217110493e+00 -1.525946033091347909e+00 -1.107830947390198384e+00 -2.165461394075800516e+00 -2.008960365246851953e+00 2.105702301185178982e+00
3.541228960715852581e-01 -9.787753530108760369e-01 -1.376911722072160282e+00 9.115921610481506066e-02 -2.074501883519519918e+00 -1.818378041507074938e+00 2.811409993442771871e+00
6.338508547515067093e-01 -1.829964966568264462e+00 -1.469983108676631955e+00 2.493738519249496299e+00 -2.069431134383053372e+00 -1.554165943593153854e+00 -2.929715900279415308e+00
8.218016376792417477e-01 -1.721188530077857770e+00 -1.420855721576351538e+00 3.034763744428714105e+00 -1.954613785443140239e+00 -1.246376526460123646e+00 -2.550011282235269849e+00
8.879631073196108115e-01 -1.294091228665897875e+00 -1.037021150046527618e+00 -2.896629465554906080e+00 -1.699365150869022845e+00 -1.024997471456009501e+00 -2.311296280439591566e+00
8.101744014215981338e-01 -8.244585062438735124e-01 -5.811558461303694134e-01 -2.543286237457154098e+00 -1.395871796363108208e+00 -1.078286039335905055e+00 -2.013049938150126561e+00
8.317803627342260642e-01 -4.024454564964898284e-01 -2.929076416694360030e-01 -2.148281625796664152e+00 -1.165234948830586204e+00 -1.190921800651153273e+00 -1.618407749360679881e+00
1.034831972539216327e+00 -1.114240794892633890e-01 -3.175473337294618115e-01 -1.772538448370482023e+00 -1.119830016529348216e+00 -9.933434399888342314e-01 -1.188008921097995829e+00
1.313329794835351505e+00 7.411644211591877918e-02 -1.641357534314643041e-01 -1.538640641492526662e+00 -1.169055191729109433e+00 -6.592332659299565689e-01 2.185505179144803467e+00
1.649195881090881777e+00 2.781406987903133343e-01 2.429426912416989826e-01 -1.576240273238787459e+00 -1.102575651205297547e+00 -3.906312424863809252e-01 2.673275153813647886e+00
2.062090168585376304e+00 3.964381244450919661e-01 5.706908639182997067e-01 -1.605742366899211904e+00 -9.189605666817260987e-01 -2.215598030320558021e-01 3.059823660831316516e+00
2.537677009966054165e+00 1.858106110546370870e-01 4.930854375135292900e-01 -1.355458439785026892e+00 -6.675416466620233136e-01 5.161886839077794303e-02 -2.750188924202680241e+00
3.019618749023916138e+00 2.609816923058561611e-01 6.120697383938721314e-01 -9.461964178314001828e-01 -3.354622491984776134e-01 4.865900297123669782e-01 -2.226235924438270786e+00
-2.943700798705339405e+00 6.983386362144499149e-01 1.170243154588411327e+00 -4.812545829374580419e-01 6.216334371204457199e-02 9.443212492768943145e-01 -1.700411851069375757e+00
3.020448156874863344e+00 1.239978302790454068e+00 1.943221003784009637e+00 -2.223595562615391166e-02 4.955003039445967095e-01 1.169396393409847024e+00 -1.232383664926713696e+00
2.859797558830032838e+00 1.645293963347907118e+00 -2.433024957436658031e+00 3.709967396655665661e-01 8.816504616527245375e-01 8.170848191633269808e-01 -8.496389003079323210e-01
-3.019449523312500272e+00 6.847619464744753026e-01 -2.216049663274012593e-01 6.064752782093315586e-01 1.058560738555325731e+00 8.983425413808786564e-01 -5.195823403311919941e-01
-2.475317666096524150e+00 5.218283850289600068e-01 5.314443033101329261e-01 5.536760448403855728e-01 7.161010073290107192e-01 1.331634788994183305e+00 -1.878736310155670330e-01
-1.871607231097859092e+00 7.904756667723104036e-01 9.756226935647120957e-01 4.026298434164749529e-01 6.220903044526018277e-01 1.813404669770951383e+00 2.204107132175033568e-01
1.580740567023109389e+00 9.640112611793238973e-01 9.737937859031373655e-01 5.014316934748084265e-01 9.390363716544588568e-01 2.238620619765701480e+00 7.321355070317168146e-01
2.438542431001522903e+00 1.186296486153087804e+00 1.121537294894372483e+00 7.056220805216167902e-01 1.329113412860486454e+00 2.485711843781251762e+00 1.342957003755691492e+00
3.021751251911229730e+00 1.472994379149981325e+00 1.559369893318188982e+00 8.451954355869089053e-01 1.008252300985911232e+00 2.353425838301308914e+00 2.084149439406608018e+00
-2.763149531320316044e+00 1.731484483743976677e+00 1.981789890636813212e+00 9.265810137925646339e-01 1.745645580142813069e-01 2.359969878175798286e+00 -6.307509235317232399e-01
-2.437245260818962755e+00 2.027299781691808800e+00 2.247025618985575512e+00 8.969492394417946102e-01 4.986557414728779447e-01 2.787390927444396205e+00 1.347126536604201404e-02
-2.356585165624505596e+00 2.477315585804177100e+00 2.528490895803017668e+00 6.293648297218745746e-01 9.142018380113237086e-01 -2.943184198092628545e+00 6.060059234007230122e-01
-2.338728579051666312e+00 3.073711519373510281e+00 2.876798902484624332e+00 7.259665540101218895e-01 1.281106011962225288e+00 -2.421197528591224390e+00 1.134938661052377062e+00
-2.126706891458856497e+00 -2.536022891058118400e+00 3.006608277209104951e+00 1.142306136115451842e+00 1.643836555129706056e+00 -2.040187627865567066e+00 1.562628295244422816e+00
-1.771752406221594356e+00 -1.829294308763728338e+00 -2.994900444778751947e+00 1.619272414331362819e+00 2.080640394311052521e+00 -1.755834777108234546e+00 1.812276399709087160e+00
-1.335940594118509628e+00 -1.123590159413397238e+00 -2.222165855021869696e+00 1.855765964254479927e+00 2.646321906531559076e+00 -1.380486209097549155e+00 1.959172878566839859e+00
-8.452713294236420261e-01 -4.278956529658604069e-01 -1.281126766785342319e+00 1.051244360304019576e+00 -2.893752858156391383e+00 -8.747578953935942758e-01 2.102644180436636479e+00
-3.301775203341859588e-01 2.455347078680683304e-01 -3.719585577205079541e-01 1.127637370261774796e+00 -1.953480315534518619e+00 -2.815848856824768043e-01 1.935505261596603743e+00
1.710453347047271033e-01 8.771050471624328715e-01 4.295557871084243473e-01 1.607333766709108103e+00 -7.960015575156714762e-01 3.794852443759474392e-01 1.960367496192815029e+00
6.109745263311964214e-01 1.468808296440491157e+00 1.114728850695738016e+00 2.153779421874741029e+00 4.026555309420279949e-01 1.114489899322424149e+00 2.496161737603543429e+00
9.501981140212071297e-01 2.023352932009983451e+00 1.699099236396603985e+00 2.723763127733325184e+00 1.413281403517458568e+00 1.936618601127826800e+00 -3.023531857486374541e+00
1.093186107420949016e+00 2.532428550224894881e+00 2.200159265907924322e+00 -2.960798689672063500e+00 2.251496320123507644e+00 2.899229800430410453e+00 -2.179166637628560999e+00
9.055450164129614787e-01 2.965933735829024975e+00 2.667842751124746670e+00 -2.300183873498939047e+00 2.987990912152479250e+00 -2.176215478437304895e+00 -1.265277274817081299e+00
6.703312423147133048e-01 -3.083193894682899838e+00 -3.113385193300953091e+00 -1.385241350927647774e+00 -2.664568486010256088e+00 -8.624863220252582119e-01 -2.052477847874304706e-01
7.310594170505564371e-01 2.953740605464429514e+00 -2.581510523385067035e+00 1.285906425308479539e+00 1.400649473962322533e+00 2.282192383146211812e-01 2.760074905699340331e+00
9.558472439276176624e-01 2.840668888750430998e+00 -2.115243129893769503e+00 2.338373475603678031e+00 1.800975359954965160e+00 1.137019225450567772e+00 -1.900434451592831309e+00
1.262933367038286736e+00 -3.083472165289428357e+00 -1.970651423840336536e+00 3.047357996455041018e+00 2.287091203403528450e+00 1.938441899465672913e+00 -7.703784423832865658e-01
1.624478142377099754e+00 -2.592803916356014149e+00 -2.117089104498229624e+00 -2.650642826320357415e+00 2.707700491013321109e+00 2.484947368830433767e+00 4.044264921637368837e-01
2.028941238180859585e+00 -2.139423862724695091e+00 -1.999102175116794555e+00 -2.204501479792861041e+00 3.129991424307489556e+00 8.786075108917157372e-01 1.686751777793232598e+00
2.450146688005290674e+00 -1.966422602781660478e+00 -1.885972485674521693e+00 -1.866510655998815160e+00 -2.715629510467447716e+00 1.458810870486787925e+00 3.047763803792662873e+00
2.863346540299879450e+00 -2.102145057436220377e+00 -1.762568071449827745e+00 -1.540278640127779930e+00 -2.249768719720660393e+00 2.174135670698026601e+00 -2.030015731049970906e+00
-2.995584346198103098e+00 -1.942687147293609140e+00 -1.526428087671054534e+00 -1.203963342467598618e+00 -1.782997349727206471e+00 2.901806638380846071e+00 -1.102987401565773240e+00
-2.534777061496150896e+00 -1.584531638525886965e+00 -2.808170179661028332e+00 -8.919490654865523949e-01 -1.312422567273992424e+00 -2.595148984637449363e+00 -3.806954860264122886e-01
-2.022529348744192212e+00 -1.136394653894603701e+00 -2.632085274245743012e+00 -5.840955995739354201e-01 -8.352428579982855705e-01 -1.652308460516042077e+00 2.510165892649526831e-01
-1.481161904846196586e+00 -5.638046358538070235e-01 -2.028778181739739672e+00 -2.201124302486697215e-01 -3.656418446423984059e-01 -5.084026341582836839e-01 8.311791705916373729e-01
-9.358149391620644852e-01 1.266470684708679850e-01 -1.460834602190763665e+00 2.158834905520032599e-01 8.469515430376590992e-02 5.718933908718442094e-01 1.346810437395355331e+00
-3.999386101113763803e-01 8.730720004616602248e-01 -1.130101555418955961e+00 7.082516762510085995e-01 4.985242128324622324e-01 1.397702828164378186e+00 1.719761451844316280e+00
1.137004596730109701e-01 1.623517340035760759e+00 -1.137520406955762287e+00 1.248405699734306040e+00 9.301491585486642011e-01 2.026694681739301895e+00 2.021759740578848774e+00
6.019475322717536825e-01 2.316437582510578075e+00 -1.032889978507785633e+00 1.824746328898570358e+00 1.398603703583347180e+00 2.509588763494819297e+00 2.468231493868387805e+00
1.064618429409344591e+00 2.905226072413139349e+00 -7.574135575670088993e-01 2.397797787192095242e+00 1.885525126039096833e+00 2.845019894183793863e+00 3.023146137996571170e+00
1.594642429710058096e+00 -2.755444949380695618e+00 -4.079612542191634605e-01 2.877636036000090325e+00 2.364276295605158840e+00 3.091338802976021150e+00 -2.848302357668041296e+00
2.277256452571831069e+00 -1.972023035921491640e+00 4.048516759799302561e-02 -3.129089741937520763e+00 2.862318923151486061e+00 -2.866135228832475956e+00 2.599847256406033313e+00
3.141156967555109425e+00 -1.115926030944674352e+00 5.837971180899589330e-01 -2.768871653452745996e+00 -2.662760916703017955e+00 -2.352099475879840806e+00 2.865469371048921854e+00
-2.056386383329779743e+00 -3.266644407575221565e-01 1.135051880650531864e+00 -1.025195481893105276e+00 -9.971097050616548607e-01 -1.687843973953481402e+00 -2.750904238265099000e+00
-9.092802121608704047e-01 3.954981821145512888e-01 1.562486054569381055e+00 4.824435247057344278e-01 2.906967439800270947e-01 -9.118056221880435075e-01 -1.981223356609645103e+00
2.132499126022136676e-02 1.114265440383181760e+00 1.787470522300119491e+00 1.225955221397868611e+00 1.059345372293893028e+00 -5.983637483064576518e-02 1.570035647815029467e+00
7.654864408792891872e-01 1.833905941282924834e+00 2.084075581587192971e+00 1.861952170654288752e+00 1.698995170234868457e+00 8.197411072860902870e-01 2.489107524109575031e+00
1.408414590322463189e+00 2.539127536830708909e+00 2.541131326546336666e+00 2.451477042014535979e+00 2.277287443041349668e+00 1.688544729977681902e+00 -3.112167490452091734e+00
2.007672698718129478e+00 -3.074648797013905366e+00 2.964747235331746555e+00 3.023387948269273373e+00 2.814868745444581322e+00 2.514387532917284673e+00 -2.460646617067549169e+00
2.584125493702533305e+00 -2.472633745715893561e+00 -2.896893791379520966e+00 -2.693048758440526491e+00 -2.980433595754049314e+00 -3.017710430921091369e+00 -1.916631140195433014e+00
3.137207194822500433e+00 -1.980314737088527455e+00 -9.069109996265326545e-01 -2.161169400394418627e+00 -2.557972930820690660e+00 -2.386206406584390649e+00 -1.820200206031091783e+00
-2.606775135933331988e+00 -1.818016492590689870e+00 1.176156080913901336e+00 -1.734953529847532927e+00 -2.247786842368035387e+00 -1.927077920756532059e+00 -2.156591437822620527e+00
-2.094461121460422515e+00 -1.971261562033167269e+00 1.959031722036191470e+00 -1.446073256413126007e+00 -2.003324118709708390e+00 -1.526161818466205133e+00 -1.703723087900097299e+00
-1.589643353417185878e+00 -1.752032311970735945e+00 2.646927006364594881e+00 -1.236265685166416217e+00 -1.735201550199412024e+00 -1.031173733288146988e+00 -1.047282573944933404e+00
-1.066951517395964499e+00 -1.560029888413260846e+00 -3.134411248568694575e+00 -1.818020942657456063e+00 -1.397330076710405766e+00 -4.599479030449131201e-01 -4.116856250008037454e-01
-5.068494223877624272e-01 -2.440425815204722682e+00 -2.784916578955441313e+00 -2.548109775557197310e+00 -9.950897428361541452e-01 2.240597353615120524e-01 1.620482933310667950e-01
1.046071418233236322e-01 -2.361054858136983459e+00 -2.350300670795501201e+00 -2.228691786412817066e+00 -5.455121438813441692e-01 1.117464504736012554e+00 7.177303898374405300e-01
6.974635860353992634e-01 -1.924433678887644161e+00 -1.766655303029339930e+00 -1.852484402484382287e+00 1.581154719815440202e-01 2.076466543272200482e+00 1.346252112425631031e+00
1.286623232325820876e+00 -1.443513849198082788e+00 -1.126128060262607367e+00 -1.546931088568475055e+00 3.077236370642630447e+00 2.873295670042773420e+00 2.033036024671387665e+00
1.908044104554498244e+00 -1.019274104949465354e+00 -6.241433153736590800e-01 -1.410041800885660779e+00 -2.675627266918394032e+00 -2.785069605347151089e+00 2.741967612034902135e+00
2.602728919629069715e+00 -7.813778462486143939e-01 -2.121174609945774669e+00 -1.368850560856764931e+00 -2.217023660620579317e+00 -2.261481089128189570e+00 -2.829018293668216444e+00
-2.893086961226043474e+00 -6.085063956387550821e-01 -1.456928495354762099e+00 -1.104409334913655671e+00 -1.772617138149347848e+00 -1.791221736525661523e+00 -2.160777540471365388e+00
-2.025058143046582604e+00 -2.318814295874599973e-01 -5.277974090157543374e-01 -6.336650365246789818e-01 -1.298118335668658085e+00 -1.330128533578963657e+00 -1.543888163875411390e+00
-1.027546251429378277e+00 3.108373600878165388e-01 4.382566819752446996e-01 -4.089429273568171569e-02 -7.479384230494645625e-01 -8.456205906841244291e-01 -9.430433499203314529e-01
3.383473697852563966e-02 9.087542982850890239e-01 1.359025939767724456e+00 6.687580876853895795e-01 -9.264150643368625204e-02 -3.184069262119489374e-01 -2.785217444941056053e-01
9.714614402559325068e-01 1.522159342501658186e+00 2.147334616585791167e+00 1.503257879120563745e+00 7.162307955930581338e-01 2.473171060621424944e-01 5.410457365686007769e-01
1.743422963668226799e+00 2.087178903920460460e+00 2.685624679713765506e+00 2.396968205759447468e+00 1.606891780202981845e+00 7.919762313653139207e-01 1.586170091304492269e+00
2.361874964023252144e+00 2.476830788206025424e+00 2.812482915594404442e+00 -3.083338482502956168e+00 2.409036261338220353e+00 1.212049133054633687e+00 3.122336556671061469e+00
2.819566411280652218e+00 2.593399238500151416e+00 2.978812500545108044e+00 -2.452818968933434540e+00 3.016965986715867576e+00 8.546786029002267915e-01 -1.525651884486167953e+00
3.125739088239014585e+00 2.721819918832752538e+00 -2.793675027969005686e+00 -1.968217678264180481e+00 -2.871648604897731438e+00 5.389387349078330613e-01 -2.986388339438557082e-01
-2.960053649321293001e+00 3.077882292167136935e+00 -2.175829394408151263e+00 -1.573610614365417160e+00 -2.597663834492659696e+00 1.089042981938322052e+00 7.597225019843154570e-01
-2.731086234796633594e+00 -2.771377726938335950e+00 -1.520956220936916292e+00 -1.232858944657167832e+00 -2.380240595852247676e+00 1.872225541980675478e+00 1.776021751262459869e+00
-2.454012516572013691e+00 -2.377150369366680671e+00 -7.545095072047909301e-01 -9.843738349040603852e-01 -2.161469091313904300e+00 2.698079488589241404e+00 2.736455481883070195e+00
-2.168433842547833557e+00 -2.260302863456390199e+00 1.189381098181433671e+00 -9.681109341455007566e-01 -2.015712292472019218e+00 -2.959863046917270868e+00 -2.736336720839123160e+00
-1.994341529042273020e+00 -2.570868543062991396e+00 2.591809127418716496e+00 -1.339062992310809719e+00 -1.973826102314018449e+00 -2.631943360570515811e+00 -2.957329848745208434e+00
-1.973993369887855787e+00 -2.559044015657338189e+00 2.963544975380761226e+00 -1.764470750103546592e+00 -1.919502030329185427e+00 -2.419374597525914883e+00 2.643202357070397746e+00
-1.937121761961266841e+00 -2.217168924299941501e+00 -3.053631279358155926e+00 -1.744989381990065480e+00 -1.710760139816567937e+00 -2.041611955609982765e+00 -2.997997453806944712e+00
-1.726981584319186691e+00 -1.758412953253902122e+00 -2.590538984604714212e+00 -1.433827613282526947e+00 -1.365512367764863955e+00 -1.525247932349319324e+00 -2.313532382838562107e+00
-1.357227170116779513e+00 -1.228444139179708516e+00 -2.004846218777837308e+00 -9.669768313942779248e-01 -9.293273286834307090e-01 -9.046912770652152380e-01 -1.607579185459492743e+00
-8.742262225019197253e-01 -6.504723899345357108e-01 -1.381875521004368945e+00 -4.110836020138018410e-01 -4.391097466832157847e-01 -1.986069287312577647e-01 -8.969920902576002941e-01
-3.235647048567095729e-01 -6.003140088978288491e-02 -7.917737283489976186e-01 1.813356843953089492e-01 6.134994865961184568e-02 5.744447998658123167e-01 -2.013720870969456789e-01
2.487114666530947926e-01 5.109579866791352787e-01 -3.066884645814437760e-01 7.532909824458984271e-01 5.565436225822498750e-01 1.417135972910113839e+00 4.705510235971738786e-01
8.284449402553218933e-01 9.976097925158124990e-01 5.326939327665011770e-02 1.135719768246904904e+00 1.034476121727360587e+00 2.347311517826454974e+00 1.037339397916573702e+00
1.384211203521813927e+00 6.793311082483920460e-01 3.431031186718837556e-01 -1.703445220798253945e-01 1.528400371566208671e+00 -2.893523482102639655e+00 2.101090994822954749e-01
-1.094617728982049343e+00 -8.161933482058869593e-01 -1.448464143804377713e+00 -1.280098549445263800e-01 2.135834424297876843e+00 -1.838713676425390409e+00 -3.896469814331700032e-01
-6.915008254007196653e-01 -4.306551068298763441e-01 -1.547962197813428364e+00 3.148360673697948031e-01 -1.615965318107656756e+00 -1.020912176398373727e+00 7.316959597208794186e-02
-6.906348283081782391e-01 -1.011064262114620971e-01 -1.102051160811540420e+00 7.468490192189449761e-01 -7.596432879790658843e-01 -5.031117898126633570e-01 3.245378870529003756e-01
-1.848237209468459152e+00 -4.462547260919474956e-01 -8.437084863473798269e-01 1.041697007430960831e+00 -4.618991350464440870e-01 -2.156899123118087014e-01 -1.957350123539882969e-01
-1.566400432502635054e+00 -1.283762189615225369e+00 -9.794740872936320564e-01 8.968128300824813603e-01 -3.087055244858967207e-01 -1.150701957104659397e-02 -3.425385512822557432e-01
-1.081753363152208935e+00 -9.753303416442364870e-01 -9.534988979716824131e-01 5.428017549931347663e-01 -7.719817178259470725e-02 3.210869029411508868e-01 9.286464532404307970e-02
-5.513209986563174514e-01 -4.929334606130454932e-01 -6.204064583497971297e-01 7.549192764411888357e-01 2.412097617833543761e-01 7.958171287911602887e-01 6.706533276109889474e-01
-9.438459322382771258e-03 3.031174871017276728e-02 -2.076914062858424281e-01 1.202000095151544379e+00 5.979878844751734812e-01 1.355044136523533060e+00 1.321990816570931537e+00
5.266597240096145827e-01 5.573130525531502233e-01 2.437228940815295841e-01 1.696984495638548696e+00 9.147206926243163227e-01 1.911656940090332490e+00 1.987052304972279249e+00
1.014010968811062785e+00 1.085813120411560639e+00 7.429917619795805006e-01 2.138195613477676282e+00 1.215572753604831302e+00 2.263647456434791927e+00 2.577094713539720860e+00
1.408330948188809773e+00 1.608172885741977920e+00 1.291081099466100612e+00 2.448101810362303343e+00 1.561758561457007088e+00 1.851030278537727725e+00 2.597367359512822826e+00
1.706804623193283854e+00 2.120226575373107991e+00 1.864878699428634379e+00 2.663625049335230699e+00 1.989246614937528079e+00 1.852379264187539842e+00 1.633762643357546285e+00
2.008056953770356756e+00 2.624111869909690142e+00 2.453039587971712621e+00 2.933134192732426371e+00 2.473462673293706171e+00 2.333253593026658912e+00 1.974548773451712869e+00
2.378006492542107164e+00 3.114728501804004512e+00 3.056214747572671975e+00 -3.008167456369800430e+00 2.958653062220404806e+00 2.875040555010172749e+00 2.425471633493340828e+00
2.780978396052651735e+00 -2.714371558498563708e+00 -2.625404095912921676e+00 -2.671584869434852738e+00 -2.879028788427430374e+00 -2.911555493405883599e+00 2.883765426201428284e+00
-3.095740084471757303e+00 -2.396880409394205547e+00 -2.062085471321573937e+00 -2.424623186283007215e+00 -2.547667612005005910e+00 -2.534185046051910195e+00 -2.965965466849490806e+00
-2.706058425946725077e+00 -2.367129884706294707e+00 -1.707111622154546815e+00 -2.293955792967788732e+00 -2.323029130410800391e+00 -2.272572377039152158e+00 -2.528260283281876575e+00
-2.290993125280656351e+00 -2.406580045313612359e+00 -2.277802909071671600e+00 -2.144623991155813147e+00 -2.103153517231616032e+00 -1.995025819717904492e+00 -2.126991084926263653e+00
-1.809704252201414398e+00 -2.129473338594265019e+00 -2.431578179203141232e+00 -1.855991403781419136e+00 -1.766917153970344989e+00 -1.578310741887090085e+00 -1.730328768263834860e+00
-1.209203004338070819e+00 -1.687314170219060605e+00 -1.977219306698517753e+00 -1.471820701154523015e+00 -1.346568817064603074e+00 -1.053142188691303049e+00 -1.320909913797320812e+00
-4.667248913105843111e-01 -1.208858123812481589e+00 -1.411675654713691497e+00 -1.068278372042639202e+00 -9.064820778154955017e-01 -4.860105562665785195e-01 -8.442425234192600936e-01
3.954535386146211806e-01 -7.702817120598388634e-01 -8.255637293898226980e-01 -7.098424137744341333e-01 -5.136311965019483283e-01 7.709807984243134682e-02 -2.651518178909229584e-01
1.549078831944530776e+00 -4.321502514791561445e-01 -2.618518024835705948e-01 -4.466802183062185683e-01 -4.178352314714187665e-01 5.193055777092976388e-01 2.662280151900678349e-01
-2.521189508026386417e+00 -1.224179745462445207e-01 1.815962997507657162e-01 -2.190077328197230222e-01 -6.549290315969505949e-01 6.941936444075345047e-01 7.068929969107755618e-01
-1.094180932582542232e+00 2.017769409904683897e-01 2.960608186438320466e-01 9.338849166493913556e-02 -6.763471728806058625e-01 5.867738761226851674e-01 9.683574999954800422e-01
-3.249659642388404990e-01 6.168419806168072839e-01 -1.884990085967379603e-01 4.984307479983505207e-01 -3.817376644362948102e-01 8.460500956531007422e-01 1.386411327149250194e+00
2.856160748905235414e-01 1.013998241848379056e+00 -2.321896391390454104e-02 8.749405411064875571e-01 -1.854187781500437338e-01 1.278040081777686465e+00 1.949115299263841417e+00
6.731625710050008760e-01 1.397774251523624889e+00 4.007739396942365806e-01 1.092575546342179793e+00 5.404717338571292384e-02 1.746147273123001442e+00 2.536444392892754252e+00
1.037951337148732112e+00 1.470573882695612955e+00 9.446570725372523958e-01 9.682194945114768192e-01 -7.657153620959171458e-02 1.119011261570333593e+00 -2.699915928871346349e+00
1.300522971300738462e+00 1.137672582508034491e+00 1.480129978346919284e+00 9.701042259439222049e-01 2.411591480681545552e-01 6.837126054041321455e-01 4.915183649497641971e-01
