1.559879145712813608e+00 1.397911478296229415e+00 -1.664094372317959314e+00 -1.447525242693890046e+00 -2.964615149807335870e-01 -1.087383470804024643e+00 -1.556977830921579375e+00
2.169357692034591167e+00 2.001492867508858353e+00 -1.828054599571186101e+00 -9.698583582783739665e-01 2.350112155043955209e+00 -7.232170175211906082e-01 -9.552690977230631209e-01
2.686661372181418539e+00 2.332637136832509395e+00 -1.508438832502370985e+00 -4.362912604268647798e-01 2.888816175958120347e+00 1.668471897646933710e+00 -4.585829494867132983e-01
2.984278139966989318e+00 2.607214142328514228e+00 -1.123431293599782554e+00 -8.373865243256499447e-02 2.893063642308949746e+00 2.828993664650682582e+00 -2.333797700209438164e-01
-3.034828304140269051e+00 2.779161520988357115e+00 -7.819616772344416544e-01 -1.080135874236173521e+00 -3.127581555783652600e+00 -2.664728393930386297e+00 -1.564500743350808742e-01
-2.968972532743420878e+00 3.009902444883902017e+00 -3.914904650711143463e-01 -8.858613831365499403e-01 -2.793963111622254747e+00 -1.862936280352100571e+00 -7.139172867590058702e-02
-2.963348917198718624e+00 -2.945522962299777614e+00 5.046712228521244015e-02 -1.379017419203314720e-01 -2.331993096539977994e+00 -1.081214662409360816e+00 2.358472901214493378e-01
3.134109455528975463e+00 -2.556377478555994731e+00 5.280274066762536966e-01 6.966332844688095660e-01 -2.007366362692682316e+00 -2.723587731229066833e-01 5.712527614859115310e-01
-3.132875852652979631e+00 -2.301459982287135553e+00 9.501819850281228996e-01 1.500400047400314962e+00 -2.375160704800642009e+00 6.676879629882478406e-01 8.872897180153800356e-01
-3.012008565697474438e+00 -2.302034661852171205e+00 1.286659360626040804e+00 2.188507690314156928e+00 2.886032580970457673e+00 1.835155508175683181e+00 1.105013134487089932e+00
-2.785058646997767617e+00 -2.291075388812836788e+00 1.548197113054269547e+00 2.803644868083428499e+00 -3.137779602161154813e+00 -2.986665204405329010e+00 1.298850098140247988e+00
-2.622180998986417322e+00 -2.014271630377160172e+00 1.835556034412938464e+00 -2.878799525678761295e+00 -2.768728542605713105e+00 -1.743251419644233469e+00 1.474118719564391888e+00
-2.470514322152993270e+00 -1.583225622801806676e+00 2.216518947114269444e+00 -2.284926112907049500e+00 -2.319159301487515812e+00 -8.870872805373346548e-01 1.553020370551140283e+00
-2.383392284464492583e+00 -1.023434903210234781e+00 2.673802214522558174e+00 -1.685650597377393867e+00 -1.904258454473559015e+00 -2.470292982597591391e-01 1.436565264770431005e+00
-2.342716490277001462e+00 -2.886504164086662327e-01 -3.083895776762583640e+00 -1.076217010772325677e+00 -1.577882893160808653e+00 3.083426495035815895e-01 1.253439768592344628e+00
-2.442001519761175299e+00 1.117102107309016379e+00 -2.487701638718725405e+00 -4.569603513503816550e-01 -2.120896882430470587e+00 8.161524513545261872e-01 1.199597905498390960e+00
-2.462273544044798257e+00 -2.708062570131601898e+00 -1.331227021186366155e+00 1.623147001435897852e-01 3.079851840262405105e+00 1.350223471432706823e+00 1.421434671168183783e+00
-2.367998286578693712e+00 -1.697875658764478990e+00 1.407939214640274272e+00 6.957505745533716368e-01 -3.033587948752814345e+00 1.943738555885563102e+00 1.856427156227709707e+00
-2.169608623007317938e+00 -8.136238189894204886e-01 2.156703701271167617e+00 -8.578143825376284282e-01 -2.670269699396249141e+00 2.568109458150020785e+00 2.423776780368061434e+00
-1.933855227749394778e+00 4.920691555626687669e-02 2.782313627789970489e+00 -6.145564818769151394e-01 -2.241704338198052149e+00 3.080154151915483585e+00 3.134298291261786495e+00
-1.628950157130357290e+00 8.901989576733090326e-01 3.141492652415555309e+00 7.512937776309210058e-02 -1.766505470575547632e+00 2.377539222690835174e+00 -2.121635780171433616e+00
-1.264785581661862501e+00 1.654965722913319004e+00 1.705503849044808895e+00 8.087536695715509261e-01 -1.328583682604733474e+00 2.222225362395045423e+00 -2.777001176197809729e-01
-8.949873640422361110e-01 2.356685531308078119e+00 2.113816864911264748e+00 1.545888288327311955e+00 -1.032751142852589288e+00 2.759154483317089568e+00 8.866097233317146165e-01
-7.144473664266678403e-01 3.075220473035419566e+00 2.707652072082888495e+00 2.274993165209523216e+00 -1.039835066260015761e+00 -2.897813521077039045e+00 1.668852455874399343e+00
-2.146967312453719412e+00 -2.389131296992203168e+00 -2.995172062358554044e+00 3.008226114391449713e+00 -1.205096728088094427e+00 -2.223181795096945468e+00 2.386855806323477491e+00
-2.078485580105118746e+00 -6.300282246610987569e-01 -2.465049299823228957e+00 -2.493650027159502347e+00 -9.733897528905286478e-01 -1.474373750860443755e+00 3.121176355187445406e+00
-1.658373910173956300e+00 1.385374155240401084e+00 -1.920477158083505831e+00 -1.547174378716688725e+00 -4.922117099117350181e-01 -6.495101546644973523e-01 -2.376677220590722506e+00
-1.188736959495503065e+00 2.218345461212392955e+00 -1.244255244744506106e+00 -1.459958969211119784e-01 1.231888419903452575e-01 2.180010750357951332e-01 -1.423945946949416452e+00
-7.043617285684425910e-01 2.903595625483956777e+00 -2.658474333786144395e-01 1.279102193073376137e+00 7.697319847374585189e-01 1.075621961713104868e+00 -3.259910768556585348e-01
-1.589616667986072929e-01 -2.750550125932153200e+00 1.110107039551020858e+00 2.225077420089657032e+00 1.431257719942065076e+00 1.875688950429268864e+00 6.722194614231402632e-01
1.517168531143956445e+00 -2.149832101982835919e+00 2.239601660712082332e+00 2.980771305688012962e+00 2.076789292587311930e+00 2.611999386246521393e+00 1.549710397136487838e+00
-2.526089651945482739e+00 -1.523871819231071845e+00 2.950356298897597984e+00 -2.603148775163605322e+00 2.710970498768053627e+00 -2.975930743505581511e+00 2.372427484827506650e+00
-1.970946189024517237e+00 -8.013913519109738814e-01 -2.885575061080590142e+00 -1.893844415691285477e+00 -2.932757965003946588e+00 -2.295879055541124814e+00 -3.082758397577959553e+00
-1.452777520000107847e+00 2.931753578978745778e-01 -2.533990876466567954e+00 -1.102157833508419449e+00 -2.303774284678640427e+00 -1.586130391939009510e+00 -2.120951817451959265e+00
-9.318103867506164484e-01 2.251104350939037158e+00 -2.109794162609823331e+00 -1.140095850361747820e-01 -1.674876218731276900e+00 -7.371593770322354411e-01 -8.700858444601606845e-01
-3.982394386206702941e-01 -2.999123669304593953e+00 -1.655323462811759461e+00 1.104944170951510429e+00 -1.041328578739573851e+00 7.894993413074781197e-01 3.903958574966412409e-01
1.284509589147544151e-01 -2.361307068705705170e+00 -1.256336392291341308e+00 2.171169587854125282e+00 -3.726255755006091519e-01 2.316736328820823587e+00 1.327038702051437369e+00
6.715339040992809316e-01 -1.883571971119884836e+00 -9.496411058052010024e-01 2.928528432311415575e+00 3.949851679397023974e-01 3.029187203623586733e+00 2.105993771242875567e+00
1.231280173992168603e+00 -1.529439639554152741e+00 -7.476115584838326500e-01 -2.798743215941728923e+00 1.261577856036482981e+00 -2.763440538877054653e+00 2.856361569780682785e+00
1.878375710980062951e+00 -1.207633675253195094e+00 -7.393255502567159798e-01 -2.347466386746163813e+00 2.135510286707927197e+00 -2.360886508256771155e+00 -2.646282519905131192e+00
2.710928156949254930e+00 -8.000406719105053188e-01 -6.999896741629140218e-01 -1.919237900424417331e+00 2.924294019737646355e+00 -2.022636950083566809e+00 -1.908327573718257453e+00
-2.541798775848036929e+00 -2.646473661724648707e-01 -1.693561592485998968e-01 -1.469940741826407882e+00 -2.657008462371321489e+00 -1.699701252792167772e+00 -1.298034587849737020e+00
-1.462795504065612429e+00 4.202416779883849651e-01 6.335017494673137461e-01 -9.952837655611259660e-01 -2.004939491441028565e+00 -1.350210581901735374e+00 -8.468174589352703840e-01
-5.207013325304484797e-01 1.268397398764397721e+00 1.465518531743266184e+00 -5.076643423821193268e-01 -1.391740870389317042e+00 -9.904779986645146916e-01 -4.082065130553116927e-01
2.793144886646917180e-01 2.187083461317141708e+00 -3.302720887843307862e-01 -2.219460365249674438e-02 -7.958534906171015333e-01 -6.344802387027668189e-01 9.894792779046091002e-02
1.006102888796369443e+00 2.987549579568516744e+00 4.379420010728537482e-01 4.557748517681549094e-01 -1.847971133414801626e-01 -2.334307995362482901e-01 6.130816643230744267e-01
1.653477324821710948e+00 -2.623946112646040607e+00 1.195936171655777480e+00 9.780053689743429812e-01 4.609397627552068721e-01 2.873644782396749253e-01 1.136269307779941951e+00
2.254933957314080306e+00 -2.004859496823093501e+00 1.867427792470191639e+00 1.777768980768158480e+00 1.166692662258675961e+00 9.925354358049263137e-01 1.665293723793039415e+00
2.816633206374195009e+00 -1.404375586710613133e+00 2.449241294611664621e+00 3.037609801253275954e+00 1.902752104393699906e+00 2.174697522333008504e+00 2.198203785139583477e+00
3.137632419314764665e+00 -8.199699719384737628e-01 2.973206467339214232e+00 -2.331318027588595410e+00 2.609493505521660595e+00 -2.297040174441284055e+00 2.711387803880569436e+00
-3.091090591527566822e+00 -2.699593389479096328e-01 -2.768312552632038681e+00 -1.688291164423993518e+00 -3.040074884443071390e+00 -1.202193233435834729e+00 -3.124046868939780452e+00
-2.832229206334424099e+00 1.717697253507020072e-01 -2.139397176922908539e+00 -1.140813636311913459e+00 -2.528084521865142875e+00 -3.744309423344589494e-01 -2.788889209559812343e+00
-2.117514653777935241e+00 7.666173396072800683e-02 -1.309957753757710286e+00 -6.843127136881774764e-01 -2.180680443453882678e+00 4.316869450135112918e-01 -2.687536023251630546e+00
-1.108372350872164569e+00 -5.996808555704404853e-01 1.608987197280097869e-01 -3.961120218627918188e-01 -2.020803978017452707e+00 1.402899439628940037e+00 -2.748402635424779916e+00
5.744881752966432553e-04 -3.344753765108818833e-01 1.619618508966803594e+00 -3.378164164486569532e-01 -1.866506614301358669e+00 2.981285772929272326e+00 -2.579653979426137056e+00
8.715463779279545298e-01 1.221342517066484612e-01 2.353402561770197465e+00 -2.846712382954540987e-01 -1.574087254751864728e+00 -1.942907686403065659e+00 -2.189011093228787619e+00
1.473100103715863751e+00 5.844469450546599942e-01 2.850466611723671218e+00 -3.574714553786489252e-02 -1.173357970665372951e+00 -1.155346417201667641e+00 -1.740668158651067721e+00
1.918699141111018358e+00 9.832117288660604526e-01 -3.014902515712696296e+00 3.560197389877511887e-01 -7.197014901435598855e-01 -5.855500480906364880e-01 -1.355823359803030703e+00
2.267852758224022214e+00 1.236289751228462963e+00 -2.590872968735193016e+00 8.210508672097774907e-01 -2.507550264382859551e-01 -1.391208754766334044e-01 -1.330264016894364021e+00
2.584268276584737567e+00 1.175959743946390690e+00 -2.129772165036595055e+00 1.298579380272090411e+00 2.185969885827378223e-01 2.719941823388747904e-01 -1.870093341794306419e+00
2.908358052592911580e+00 9.185445692947787899e-01 -1.640260831051030710e+00 1.703563737631646147e+00 6.407912770685284531e-01 7.538708064042132229e-01 -1.815290235813647790e+00
3.120386286126722641e+00 9.473723980087658258e-01 -1.164956151838030696e+00 1.789263026219107822e+00 8.710949236633817039e-01 1.385864846230054459e+00 -1.487512400603270946e+00
3.061256469465527097e+00 1.203161923552284573e+00 -8.142796838696062522e-01 1.369786477779176170e+00 7.055689754021826632e-01 2.371813933938130337e+00 -1.105423073835318348e+00
2.999848053703341400e+00 1.562301147845434501e+00 -1.002460474210695507e+00 1.490447605482670301e+00 7.780180390241558941e-01 -2.342222290281744890e+00 -7.191263558306865145e-01
-2.961239542351528975e+00 1.974342205826537633e+00 -1.340368850201255180e+00 1.933692266276869187e+00 1.124113904112037599e+00 -1.138584524772223938e+00 -3.569757378205692944e-01
-2.454709204192530692e+00 2.396711921075864726e+00 -9.912328292552727849e-01 2.437821477832425199e+00 1.309026059222401228e+00 -2.816490332532335383e-01 -5.481779980483269393e-02
-1.895487053194699900e+00 2.755464827091247404e+00 -4.412151191981311116e-01 2.886560092435886737e+00 1.094065265420736344e+00 4.423437848748039691e-01 1.939119186307057818e-01
-1.370528466664276968e+00 2.967910508724072471e+00 1.560805526119330155e-01 3.123460725810198735e+00 1.300347319146595071e+00 1.072225858961404210e+00 4.153797062300636500e-01
-9.618244246150338128e-01 3.096848942406579042e+00 7.583419590351223594e-01 2.964420718229481722e+00 1.820932817489397726e+00 1.627856962929141060e+00 6.679969717136980956e-01
-8.788021391006389793e-01 -2.920084559603001395e+00 1.397968140527186209e+00 2.973363618676517550e+00 2.440543998101973422e+00 2.157429906650405904e+00 9.248187797149887146e-01
-1.620059612184532982e+00 -2.470334332814872358e+00 2.577147302740085966e+00 -2.907525716261256665e+00 3.118071743943480190e+00 2.729448326480178544e+00 1.124157039085267762e+00
-1.712211939932823945e+00 -1.880155260001130868e+00 -1.386705629947062146e+00 -2.321615845823361557e+00 -2.441846621663071648e+00 -2.807552501656283006e+00 1.274159488127530659e+00
-1.355282012581889850e+00 -1.178844473020911554e+00 -6.663140182448773485e-01 -1.638588253367509129e+00 -1.678919369849974030e+00 1.699940191588336924e-01 1.489829456410087127e+00
-8.958243476018239448e-01 -3.427734211170105350e-01 -1.119028877966466717e-01 -8.793639678977775986e-01 -9.046807644230663303e-01 1.126518642503348433e+00 1.795278525872217479e+00
-4.329093225449562876e-01 8.258491078042262679e-01 3.770066636732631871e-01 -3.422057464329428256e-03 -1.523745288274379051e-01 1.774971411450532610e+00 2.228992950313506416e+00
-2.245416921284949449e-02 2.366847041125733853e+00 7.922260556139568699e-01 1.232278347843834387e+00 5.391881223203448537e-01 2.309910669708977071e+00 2.911481102357560413e+00
2.670605677650426668e-01 -2.985431994050873783e+00 1.074852460516099173e+00 2.617675852704648420e+00 1.091904496149568526e+00 2.651562373090406322e+00 -2.372948484142127779e+00
4.344511276512716402e-01 -2.439920547815735752e+00 1.209011912656558829e+00 2.856986547857862213e+00 1.491451214564105454e+00 2.743471552194397756e+00 -1.228477019498490419e+00
5.684985008600459411e-01 -1.892775220961808946e+00 1.389617265338887853e+00 -3.114657588924119924e+00 2.098313957639494021e+00 2.912510514983812637e+00 -3.367774202905905456e-01
6.751303405736780450e-01 -1.023859895666646702e+00 1.726729118053539791e+00 -2.475833913800923991e+00 -2.697453541510083763e+00 -2.938992073344314004e+00 6.386735076559552256e-03
5.305250608517667610e-01 4.778274415094022065e-01 2.119619491233474040e+00 -1.742274944064342801e+00 -1.277144757423670507e+00 -2.347019835350379502e+00 -5.941312247009512548e-01
4.068702255805045631e-01 1.783147546184934207e+00 2.236561833805647659e+00 -9.835406371279474813e-01 -4.070378543820113437e-01 -1.632897648855218042e+00 -3.980654000193289965e-01
6.457054844057570353e-01 2.698721533803351225e+00 9.518677458015796233e-01 -2.255143026533250050e-01 2.930486963039853898e-01 -4.536194066878338482e-01 1.166179159380556912e-01
1.064794496936879886e+00 -2.789704034291639712e+00 1.136184167174535853e+00 5.269900205527163761e-01 8.968542671667132371e-01 1.916903343368770773e+00 7.010944060357782170e-01
1.528578516392819830e+00 -2.050784048965208051e+00 1.548304499102991061e+00 1.293543651053091326e+00 1.421062876261042662e+00 2.715102657508086104e+00 1.327237738648013199e+00
1.984531035561373447e+00 -1.356873369430801501e+00 1.909961195581254101e+00 2.098010851686968881e+00 1.896862602120789942e+00 -3.011828888068709631e+00 1.976413907467310382e+00
2.411451671068966185e+00 -7.061943949558419087e-01 2.156689056730762832e+00 2.938730632348488303e+00 2.364973694209999699e+00 -2.495509055836939272e+00 2.638212725286132709e+00
2.813653837577225314e+00 -7.021233213336819379e-02 2.335909052198269720e+00 -2.485594920847524758e+00 2.851345729983295829e+00 -1.960518638418324633e+00 -2.944976064593367582e+00
-3.025729825258248074e+00 6.243491495746542608e-01 2.547332653483536102e+00 -1.619768024806368389e+00 -2.917899079890446945e+00 -1.392246581279890316e+00 -2.084873195151547787e+00
-2.440495367633342294e+00 1.418874151371888104e+00 2.791702655178625037e+00 -7.476972812093588550e-01 -2.363997449266286743e+00 -7.816654914547181976e-01 -8.252599059084789745e-01
-4.348674080966954958e-02 2.257198265594977826e+00 2.963232122792568646e+00 1.307625858943108621e-01 -1.557089375631987682e+00 -8.580915761007554265e-02 3.294954644192719106e-01
1.281412030666853274e+00 3.055211961187440206e+00 2.887778688965171092e+00 1.009705523649155223e+00 9.786752814504082743e-01 8.287500389859667749e-01 1.107779172445922500e+00
1.937246240845748257e+00 -2.503393958556039411e+00 2.826380147700446877e+00 1.878503840350100873e+00 1.802145357785941870e+00 2.009591940922489606e+00 1.767598080409812811e+00
2.537115424529802876e+00 -1.847166440782191055e+00 3.070035231017560928e+00 2.727907080893258396e+00 2.361998496569893025e+00 2.952840758861430714e+00 2.412323257176257840e+00
3.120779492298782376e+00 -1.243286215064592914e+00 -2.844643218281755814e+00 -2.728553253074110785e+00 2.868143163649812699e+00 -2.765077931948805467e+00 3.062316177971349695e+00
-2.585862760193879062e+00 -6.859373491125201339e-01 -2.524714168942274739e+00 -1.924001031854450927e+00 -2.947212464254973074e+00 -2.424076425588734374e+00 -2.573829111468602271e+00
-1.991523115139679723e+00 -2.558156294277665332e-01 -2.395087417052120138e+00 -1.143700365980718781e+00 -2.507165293127300298e+00 -2.072258776059131780e+00 -1.964108573242365985e+00
-1.388112217593332254e+00 -3.459973265016262900e-01 -2.380747893800424286e+00 -4.021613208907261483e-01 -2.088143772889425875e+00 -1.604259388133813413e+00 -1.499308075683903674e+00
-8.036216404779905620e-01 -5.616309377877783948e-01 -2.148686978821168214e+00 2.434755190620235266e-01 -1.688460313658107337e+00 -1.060463561845325309e+00 -1.823234699277784809e+00
-2.713755315151056280e-01 -1.626413460866915628e-01 -1.704488749875068931e+00 6.088523784077178869e-01 -1.308099118739532107e+00 -4.828760847994521543e-01 -2.096937178774713750e+00
2.032181085961545508e-01 4.060270232596451812e-01 -1.157723973746719759e+00 6.459751673754168255e-01 -9.283969834271307286e-01 1.103139060757930140e-01 -1.548228525142119061e+00
7.022753511885313493e-01 9.715031661450026501e-01 -5.761333624692627220e-01 1.036775556781598828e+00 -5.134043352050707831e-01 7.203136657142031885e-01 -7.284187879538013277e-01
1.279264168534314239e+00 1.359870271579625367e+00 -9.141795100830088505e-03 1.731257248208202926e+00 -5.476885592986351775e-03 1.393887759529699677e+00 9.630263162617274109e-01
1.940679226949773684e+00 6.606748149912999857e-01 5.028020897211733509e-01 2.556163314343444792e+00 -2.839514655484632666e+00 2.490568844212305510e+00 2.965167956152228168e+00
2.679796680857415847e+00 4.719463592613308833e-01 9.305593893988981513e-01 -2.790719087467776749e+00 -2.261327410295670859e+00 -1.614050830126817493e+00 -2.386105046752170722e+00
-2.765809802610141865e+00 9.580576437309331617e-01 1.244456395671534654e+00 -1.601024402223841125e+00 -1.712738316132183636e+00 -7.167140762989171465e-01 -1.602439661396730219e+00
-1.737585550896748376e+00 1.563432367166729176e+00 1.412313825006968226e+00 1.209372020830030703e-01 -1.173286447165021507e+00 -9.014763296269057147e-02 -8.517861161416739879e-01
-4.754042721621420386e-01 2.197688362987169075e+00 -2.352223755731510213e+00 1.547716244928509566e+00 -6.716720987503281837e-01 4.376840188525858988e-01 -7.963526429933888429e-02
6.942475144830402289e-01 2.739894191230215270e+00 -1.787635142980039005e+00 2.545360913407252568e+00 -2.795899103022694288e-01 8.809183789688669330e-01 8.565333373656615068e-01
1.579522454626901551e+00 1.555965520552287318e+00 -1.251873567330332282e+00 -2.901621494338136653e+00 -1.748570992878800412e-01 1.258588869217954986e+00 -2.915208048979191169e+00
2.219953819668547546e+00 1.659671380371385618e+00 -6.550836869212651736e-01 -2.177860466644331083e+00 -4.210065657268011186e-01 1.623362109402104458e+00 -1.500834736520774371e+00
2.594394426785390451e+00 2.339030940520026469e+00 -3.273541975892870631e-02 -1.660098342079100675e+00 -3.937793548984465652e-01 2.049298642389230540e+00 -6.832697793451993906e-01
2.808497747741419914e+00 3.070541743038136762e+00 5.886504574702798864e-01 -1.773068968334650775e+00 -1.516672897112691376e-01 2.597795980127434401e+00 -5.820152952049433004e-02
3.124521481463078398e+00 -2.503891896976231823e+00 1.185967458524048057e+00 -1.866706001385807223e+00 3.313330825579039775e-03 -2.983387047525340119e+00 -7.198192600677635333e-01
-2.725156133336284370e+00 1.391415674030798577e+00 1.742473501480714893e+00 -1.403497029244074268e+00 -1.459822505759240385e-01 -2.099337162056126971e+00 -9.530950444134038690e-01
-2.390329614334948172e+00 1.996106588619886990e+00 2.276949886347304552e+00 -9.073175153362893486e-01 -1.908655396784550151e-01 -1.049731591925699759e+00 -3.996165361708055030e-01
-2.557347874670305110e+00 2.457333217244574985e+00 2.910188158350522247e+00 -1.446916426575880044e+00 2.065740405202873275e-02 -6.748184585027613980e-02 1.650571327779785102e-01
1.741668493825743846e+00 2.756827723716164691e+00 -1.893065880493348674e+00 -1.942319045128588328e+00 2.647954406801728000e-01 7.111559738863051372e-01 6.323789969661977040e-01
1.353962119078958581e+00 3.082859299582320745e+00 -2.879680586558019395e-01 -1.553650291549719231e+00 4.552071010406174567e-01 1.374160766339038053e+00 9.753854775321973980e-01
1.696296323449515642e+00 -2.758465453874682005e+00 3.168169011596157492e-01 -1.143102374140703148e+00 6.680047970405609270e-01 1.968260217487781238e+00 1.192833116691042639e+00
2.090769109215015575e+00 -2.487069279431139535e+00 7.267889092546259144e-01 -6.163207335236260409e-01 9.725814745675127604e-01 2.460480865133925388e+00 1.153423012653667312e+00
2.438318015221458968e+00 2.661668571289784957e+00 1.122448928005196578e+00 3.816317609642105313e-01 1.367166564516190785e+00 2.800592202347280679e+00 1.019443609228348535e+00
2.777406758802356546e+00 2.897552891476920411e+00 1.614635319059219976e+00 2.373673050885212188e+00 1.840090036985237543e+00 3.043948478767184884e+00 1.330010599854548392e+00
-3.115684925671234229e+00 -2.882451692318330760e+00 2.220374533539787532e+00 -2.728270879108007030e+00 2.419900066215566969e+00 -2.946439085749083642e+00 1.893276798348895840e+00
-2.658221458744222776e+00 -2.518132445364384076e+00 2.918544011475546984e+00 -1.878418092945213225e+00 -3.073043898038749777e+00 -2.589639504166666217e+00 2.544483657629588613e+00
-2.157671525616646768e+00 -2.454987500910676967e+00 -2.564372649503536383e+00 -1.099782392779645734e+00 -1.897425283043882249e+00 -2.282352340886139253e+00 -3.093823859745906457e+00
-1.643699031034457025e+00 -2.303879442461252314e+00 -1.358518113329537202e+00 -3.630881816449199051e-01 -5.986353033703707416e-01 -2.230534310313321278e+00 -2.965461471787801173e+00
-1.157301231361463678e+00 -1.867155712001401513e+00 1.127369845787397074e+00 2.888297440479895561e-01 3.718809254986543134e-01 -2.226319909399907537e+00 2.121192205037114142e+00
-7.544722894834895444e-01 -1.321131629541163477e+00 2.134494300877364470e+00 3.838965114439668036e-01 1.115165367861932211e+00 -1.759536437178006896e+00 2.726315308353707056e+00
-5.111074957929414575e-01 -8.035835804509691149e-01 2.850961620510427341e+00 -6.049813902990556214e-01 1.672566286456616202e+00 -8.612762301605635384e-01 -2.817653204541665790e+00
-4.622502786787394125e-01 -7.585421715176727808e-01 -2.846113277911615391e+00 -7.303334420666225679e-02 1.943605835118751068e+00 3.720949947117661583e-01 -2.048970222735018609e+00
-5.018298221193284725e-01 -1.793294940470459897e+00 -2.405346808680936643e+00 6.609570289793509357e-01 1.996208706780702169e+00 1.478648095159716958e+00 -1.267868604223478579e+00
-9.858822484510959550e-01 -1.457105257174697854e+00 -1.981877785725157715e+00 1.474189485511923969e+00 2.256092587746806544e+00 2.341773047898306093e+00 -6.354005867048730938e-01
-1.439452125511621272e+00 -9.396804234005224910e-01 -1.270366485023152636e+00 2.432911218129168329e+00 2.703362019509476522e+00 3.069550643413923474e+00 -2.324978152051587088e+00
-1.143556048559390304e+00 -4.602418405491911502e-01 -2.731878897420775831e-01 -5.596950788228366447e-01 -3.080713287582450999e+00 -2.591517203717930151e+00 -1.335993243009291120e+00
-6.530418761895011581e-01 -2.607470611733085919e-01 6.487048055582810280e-01 5.131562640288777066e-01 -2.643776362415128478e+00 -2.099322759384213644e+00 -2.373920054098841992e-01
-1.374289976417952808e-01 -6.107965629027218846e-01 1.364109222008298650e+00 1.333848427883236765e+00 2.443572098305461182e+00 -1.796293239880346171e+00 7.752574961982068302e-01
2.348060462548607341e-01 -4.828391057366563377e-01 1.958626987306632428e+00 2.095568904448506409e+00 2.140882624735965134e+00 -1.762751709679287515e+00 1.632090070563835038e+00
-1.619417676240546111e+00 -2.677221307656582963e-02 2.521732481492027222e+00 2.815532958621991266e+00 2.655681744709017966e+00 -1.830827984487268134e+00 2.264238291592455266e+00
-1.325719870288496249e+00 4.310435411565848307e-01 3.109926761983551113e+00 -2.740843054537669410e+00 -3.062245102733315960e+00 -1.667016625300021371e+00 2.030759544421199880e+00
-7.907111646990467868e-01 6.803399925919976221e-01 -2.547621946090230516e+00 -1.670085755119452342e+00 -2.506642997456872912e+00 -1.342518457708421264e+00 1.592327829848298126e+00
-2.249697628821991646e-01 6.860281493756194005e-01 -1.897161745464429838e+00 1.860288975316833349e-01 -1.986830414410964751e+00 -9.726873640919839747e-01 2.040316456516521271e+00
3.187528504834069021e-01 8.415547278888405591e-01 -1.197038554493569107e+00 1.099572818326885804e+00 -1.515349715205127623e+00 -5.764545277921865329e-01 2.602240868681089392e+00
7.942091635104917557e-01 1.142090013478271437e+00 -1.432054730550444133e-01 1.682617512592644804e+00 -1.095389773315791127e+00 -1.357407859168907882e-01 3.134891012743040051e+00
1.158683474202941266e+00 1.450170256099044597e+00 1.297051197397988131e+00 2.181171345206879497e+00 -7.930559687864577878e-01 3.230262686325590105e-01 -2.719130877657905732e+00
1.404643180818709869e+00 1.810740514961728831e+00 2.041574804063415627e+00 2.669240655165422194e+00 -1.382520471962077391e+00 7.006465265522097141e-01 -2.373535743871122872e+00
1.594392125064100663e+00 2.320103519578426976e+00 2.346068354593032979e+00 3.126666772145151096e+00 -2.007454799891724928e+00 8.725955822128439454e-01 -1.966561465789952834e+00
1.782476205792576929e+00 2.985511563533574719e+00 2.419544059831689520e+00 -2.786914735441136770e+00 -2.690661868953653002e+00 1.033474150435874650e+00 -1.452316066339575995e+00
1.963259075052817826e+00 -2.498924586149327887e+00 2.680831363791550626e+00 -2.480985000422989195e+00 2.627827802842913840e+00 1.481233593227021528e+00 -9.165804835086330815e-01
2.142343919206720404e+00 -1.588063388794261455e+00 3.098786935310818613e+00 -2.154024198974676452e+00 3.087281983334547508e+00 2.176011993762227092e+00 -8.805958269077248657e-01
2.288716069085130922e+00 -6.443146895788055550e-01 -2.688879562822918068e+00 -1.788586610487611583e+00 -2.633313922817502206e+00 3.048754483443163910e+00 -2.351052591940593128e+00
2.202215648646971058e+00 1.939671256781783093e-01 -2.081378493729968415e+00 -1.388814442141616645e+00 -2.040967251350056078e+00 -2.292674614898324137e+00 -1.889031691849455852e+00
1.956117754814945320e+00 8.979701308684164829e-01 -1.307468304260569258e+00 -9.621723913274969897e-01 -1.440773616334255491e+00 -1.433271782001613204e+00 -1.334862836753933246e+00
2.072019592615461647e+00 1.470489693150400123e+00 -2.832808865958215128e-01 -5.541304247190222965e-01 -8.562602479247473086e-01 -7.413966540640190006e-01 -7.963980457355804843e-01
2.385901310124695307e+00 1.689720124563998560e+00 1.007512342344223821e+00 -2.067762600268542306e-01 -3.227052718682192345e-01 -2.425447326538718307e-01 -3.598370907546303843e-01
2.698655162133615004e+00 1.574016610662279936e+00 2.126770039227819264e+00 1.254013126169021830e-01 1.132677911271821186e-01 1.019060457152771715e-01 -1.114722506255271389e-01
2.857729981185530121e+00 1.938829151842828002e+00 2.910973553459271113e+00 5.029587231216471332e-01 4.177693851297568095e-01 4.097095707120673724e-01 1.038714891413789060e-01
2.889823136081953514e+00 2.543262914525489915e+00 -2.799098200906496636e+00 8.566172614269309538e-01 6.123436664686788822e-01 7.333920235326972792e-01 5.151258056077064884e-01
3.092192015256606918e+00 -3.047713276481040623e+00 -2.331539119179633079e+00 1.031947909911995476e+00 7.565450702205693823e-01 1.019209277978190498e+00 1.137072855884472489e+00
-2.814622670331339727e+00 4.355522658668904423e-01 -1.875351199693615412e+00 1.136493926537995192e+00 8.915363518588862446e-01 1.244523951703409015e+00 2.409026016217011179e+00
-2.391855966444961901e+00 1.095999695208596414e+00 -1.375296885440636441e+00 1.475974229187163589e+00 1.046324427634483856e+00 1.482289661958420712e+00 -2.510641891368372569e+00
-1.986667340274519189e+00 1.700944223033350911e+00 -8.178765467022613977e-01 1.980814368712138007e+00 1.155546711942047056e+00 1.761544707385510611e+00 -1.699669940455679207e+00
-1.638691086213182935e+00 2.325189680227973898e+00 -2.156432842345825662e-01 2.523178421349732137e+00 1.092788485130782972e+00 2.056339388856680106e+00 -9.698934226627996535e-01
-1.510635068160631311e+00 2.954869053735092344e+00 3.942198502014977457e-01 3.035333181281314907e+00 1.130633231781737802e+00 2.395773108181906252e+00 -2.634027324625165534e-01
-2.137777443396263521e+00 -2.725977774353354199e+00 9.095700241126453145e-01 -2.764530878433856476e+00 1.482495994024215058e+00 2.820254312388109863e+00 4.003132592371258514e-01
-2.310996058973779910e+00 -2.194962750365671678e+00 5.523570171894551795e-01 -2.244758408399498695e+00 1.997798383119585131e+00 -2.972927240965180573e+00 9.786211698043686402e-01
-2.004523026594571267e+00 -1.771325145637938636e+00 -7.295788785490779638e-02 -1.638932044185665626e+00 2.548316325048672226e+00 -2.461824127131666096e+00 1.388937094280230822e+00
-1.603816928140096687e+00 -1.391418321199750618e+00 3.484000065728726225e-01 -9.463422398692231674e-01 2.957883509426136648e+00 -1.964256555705087282e+00 1.571204104615509412e+00
-1.202377434253439903e+00 -8.896981822963823117e-01 8.435736529576418619e-01 -1.818680643244142137e-01 2.351734130244430787e+00 -1.508844438919279440e+00 1.740468960330986858e+00
-8.556323845904093561e-01 -1.746529585785494831e-01 1.290111517273115682e+00 6.277276061984179423e-01 2.133946502566043790e+00 -1.196347662028458103e+00 2.067470956498527190e+00
-6.045703448853619877e-01 9.866171315188949631e-01 1.677898430002657593e+00 1.412669973379104160e+00 2.560531472455556123e+00 -1.541636797828913608e+00 2.385194139592039519e+00
-3.942947651995887814e-01 2.960451712809778702e+00 1.978919627019549932e+00 2.064097740691659411e+00 2.956372837506040963e+00 -1.873342073008166464e+00 2.222800246203850527e+00
-9.190360538823172387e-02 -2.295129744370175473e+00 2.088649896145750695e+00 2.524231891007327366e+00 2.772366890679527796e+00 -1.478402053517741122e+00 1.840003420790735644e+00
3.217139050665392963e-01 -2.034847986890674587e+00 2.316258331415509630e+00 2.891931298574617060e+00 2.187138860894729309e+00 -9.047129157984455938e-01 2.055323849834589822e+00
8.103782608146307131e-01 -2.502900938594131652e+00 2.883617505630124978e+00 -2.953651407233565784e+00 2.401840143726633237e+00 -3.226505641075004260e-01 2.410050382624685739e+00
1.352552803580959973e+00 -2.199507608320597996e+00 -2.683282235161415397e+00 -2.383015159839588559e+00 2.822110172413792917e+00 -7.473812628145403147e-01 2.759049173802865518e+00
2.690523136996283871e+00 -1.668372376199274809e+00 -1.942125626171792963e+00 -1.686106674850753384e+00 -2.974362148459774424e+00 -1.664706573402850998e+00 3.037240189613048535e+00
-8.262767215421764622e-01 -1.137989406202975617e+00 -1.216344094504887785e+00 -8.929308101864582570e-01 -2.489258341469952285e+00 -1.041548577303281320e+00 3.024284890394539627e+00
-2.517610652145537142e-01 -6.676251449059863452e-01 -5.129311101373809079e-01 -4.052812217864384947e-02 -2.202071081206040670e+00 -3.060050945655272692e-01 2.854189815693106702e+00
2.481209719591325191e-01 -2.493185750030529890e-01 1.658538944876818688e-01 8.292144355773289899e-01 -2.622513340209292387e+00 5.611418990143168806e-01 3.126580053398407610e+00
5.697864107587979898e-01 1.747896878290807199e-01 8.130031453767991856e-01 1.665558668308766421e+00 -2.656829978702344164e+00 1.852301888866666246e+00 -2.646352534588945371e+00
4.750360596526783663e-01 6.597784261885060175e-01 1.355242550995759743e+00 2.404286847092091950e+00 -2.181715389441135855e+00 -2.447450848731588913e+00 -2.068407179203854973e+00
4.522026117374096654e-01 1.226266985721795599e+00 -6.734654959199116719e-01 2.952192464218070800e+00 -1.568379414285513862e+00 -1.220763588428408486e+00 -1.475144931812020888e+00
8.113229710172761289e-01 1.881676845120718422e+00 -1.472052040640879633e-01 3.130728152527652686e+00 -8.864235415714074584e-01 -2.891036797449725304e-01 -8.696329981011733379e-01
1.301219856578746281e+00 2.636880431912949074e+00 5.453229670524638584e-01 3.013850449342962534e+00 -1.320388658498943268e-01 5.871753700539648069e-01 -2.219627655077488770e-01
1.787185946984035434e+00 -2.768943535202054385e+00 1.302120563117216134e+00 -3.070020137467447174e+00 7.395751967280966843e-01 1.505315774474678348e+00 5.577533019577960438e-01
2.174637768231810320e+00 -1.754314860428612288e+00 2.193259230462283771e+00 -2.670602315554725603e+00 1.778497759866220607e+00 2.608888837434923946e+00 1.762265601377250634e+00
2.343786517583620110e+00 -6.847787632521524781e-01 -2.955506813716994863e+00 -2.219609519663116703e+00 2.838355848837901263e+00 -2.428131619724709367e+00 -3.086371269553746632e+00
2.298248914219074290e+00 3.136234129136106219e-01 -1.832944657981523173e+00 -1.700988088592227498e+00 -2.607800364034898788e+00 -1.489307784119008549e+00 -2.182174551535906559e+00
2.346289875058098939e+00 1.279161865256923658e+00 -9.459597806386345065e-01 -1.105252622989587152e+00 -2.022200666520908019e+00 -8.079954478717324973e-01 -1.476038911658338781e+00
2.475669953694626280e+00 2.544084192328794902e+00 -1.995369147399461696e-01 -4.930533833071079619e-01 -1.642116512996334432e+00 -2.607107845343984431e-01 -8.377018849215498442e-01
2.463311001862987126e+00 -1.402625027919267353e+00 4.670257336458769615e-01 3.434350487674364683e-02 -1.325749885556764429e+00 1.587505506421805490e-01 -2.828068938861520998e-01
2.154715718223471743e+00 -1.998798255946206970e-01 1.076924956159668323e+00 3.825646031500056221e-01 -9.256638842246172061e-01 4.757645184002576855e-01 1.055560563178696148e-01
2.061517713379526828e+00 6.487921416487801851e-01 1.652316134488762689e+00 6.726478194063431060e-01 -4.516484334255077560e-01 8.322365059359049244e-01 2.660609446003643352e-01
2.279407976744050046e+00 1.381708829492826140e+00 2.217595749755149281e+00 1.132694352038780217e+00 -7.099840417383519731e-03 1.310431368693298904e+00 3.551243658557609595e-01
2.600455564463455715e+00 1.986630005996065984e+00 2.772578719315191620e+00 1.737159483027578055e+00 1.491499839566532981e-01 1.868428922834037387e+00 5.882490983118454642e-01
2.854642096071873247e+00 2.224025514832875139e+00 -3.036013060991701540e+00 2.375330053547716425e+00 -1.269406587323939628e-01 -1.923815421030401485e-01 8.711434329357329309e-01
2.928989791429133405e+00 1.714506490720667964e+00 -2.925298044032682565e+00 2.915927621506472445e+00 6.303587146719828380e-03 1.525220760527927766e-01 8.858038601336140072e-01
2.964669913663098733e+00 1.802037652713761373e+00 3.086768010156198727e+00 -3.077076890135803655e+00 3.861770830978717983e-01 8.034350499949013402e-01 1.843196893314753004e-01
-3.067808964685144524e+00 2.105996005674055205e+00 -2.881315160781844131e+00 -2.847202718287006995e+00 6.268374151226332458e-01 1.449933297743257965e+00 2.163151096878102309e-01
-2.689345927890520738e+00 2.351044063225208980e+00 -2.279639422273030736e+00 -2.378438180890866782e+00 5.091019335270596802e-01 2.061490992904835728e+00 5.734296176118057753e-01
-2.323863848240012686e+00 2.679443730587488304e+00 -1.581577570447288972e+00 -1.810859703050863745e+00 6.901426466736975129e-01 2.609959444691650976e+00 1.027787548779937055e+00
-2.216633213883781650e+00 -3.096448685263908374e+00 -8.548736477843270620e-01 -1.317685691135617621e+00 1.256427044075598021e+00 3.054535738033613779e+00 1.529647249009586485e+00
-2.425731946195595068e+00 -2.488221326232733066e+00 -1.677104187155139814e-01 -9.574905229801593531e-01 1.979088788606140348e+00 -2.953607142194417001e+00 2.053311592061334956e+00
-2.308983261264952791e+00 -1.853339738062732112e+00 4.239146324916907571e-01 -5.633669927173396985e-01 2.779213456688039319e+00 -2.862615917418315448e+00 2.526262176933806725e+00
-1.929214631061086926e+00 -1.237577079297772054e+00 9.795875789494992159e-01 -3.172793496230439519e-02 -2.659387408216003390e+00 -2.759029506516057051e+00 2.855981979763770884e+00
-1.459988117998797685e+00 -6.382643366266935736e-01 1.577712370442770018e+00 5.788424345334814980e-01 -1.814687093603623680e+00 -2.499077317699660572e+00 -2.841909196098151291e+00
-9.177728196329177912e-01 2.834263242415317741e-02 2.147408566572310828e+00 1.217296832341812296e+00 -1.016822583078890396e+00 -2.132142524537316675e+00 -1.710275304435724175e+00
-2.761507082231429155e-01 8.168283820789229432e-01 2.513737930189376968e+00 1.860684310112893591e+00 -3.059037954203869814e-01 -1.675810366022631115e+00 -9.082858510632889626e-01
4.886402108112466447e-01 1.641829649327353868e+00 2.602848740639227110e+00 2.490140749381879015e+00 2.771751165333110056e-01 -9.836783462369860231e-01 -8.423945239991634804e-01
1.436979164844274459e+00 2.426275146910303437e+00 2.870336409483937867e+00 3.082666971668039935e+00 6.954496711422700761e-01 2.251613916630534451e+00 -6.543270520881036001e-01
2.516246224041118751e+00 -3.125902789630801593e+00 -2.894609194617259629e+00 -2.652016370980515347e+00 9.345658042293487622e-01 3.006861301523357177e+00 -2.289588780157351677e-01
-2.821272580055486312e+00 -2.489969742065764713e+00 -2.291024914841250926e+00 -2.093723607272590659e+00 1.067753177999541503e+00 -2.606333879739857640e+00 1.441237856637362369e-01
-2.089188907774150117e+00 -2.163401078180892334e+00 -1.674671356249122445e+00 -1.414900020006330195e+00 1.143925407034399377e+00 -1.976880540546501530e+00 4.685264291007504300e-01
-1.530993756081272528e+00 -2.289771153378503676e+00 -1.081651503085984123e+00 -4.613929535265742232e-01 1.300203320323894074e+00 -1.445232201853634768e+00 8.769546636883094326e-01
-1.118499008919674242e+00 -1.965878837404853030e+00 -6.036166983159880761e-01 1.248422059316873778e+00 1.649616095353763079e+00 -1.284259287871983624e+00 1.418913747383698576e+00
-8.419016888244362784e-01 -1.311896466517828319e+00 -6.233306916061492897e-01 2.982572699759013179e+00 2.130875042824209142e+00 -1.766822462573198971e+00 2.004920316757189180e+00
-6.471498087168606750e-01 -5.457085923565655472e-01 -7.979097410573638971e-01 -2.221581975337934889e+00 2.662533592313303110e+00 -1.614241332463710599e+00 2.531295951424931800e+00
-4.305290892708659722e-01 4.787238600425622881e-01 -3.268830004306003678e-01 -1.374523468300969276e+00 -3.083638657552959739e+00 -1.222295546562149893e+00 2.932242747503392089e+00
-3.082186282743532013e-01 -2.302625236648547791e+00 3.499431058674255524e-01 -8.604373617176891420e-01 -2.529779015651314467e+00 -9.435633347818715988e-01 -2.980328384065650926e+00
-4.854575591825584513e-01 -1.507670447996493746e+00 1.276065253232711916e+00 -1.030118652661140111e+00 -1.946872897375599099e+00 -9.667287130700598086e-01 -2.458506729284909653e+00
-5.011842480891838258e-01 -7.793500043892783724e-01 -1.608739091776551389e+00 -7.698895674945518408e-01 -1.324946439491381245e+00 -9.427269548360791562e-01 -1.809528544710396591e+00
-1.421333715584849611e-01 -8.658850771869003315e-02 -9.031045219594264761e-01 -1.397413996518187262e-01 -6.945705567941549141e-01 -6.164695839807334821e-01 -1.097788735991328535e+00
3.389618439700261554e-01 6.169112426645645408e-01 -2.654274308585218289e-01 5.690933751936898544e-01 -1.003982870899880198e-01 -1.401710153120696301e-01 -3.660364577682403420e-01
8.616661660351608854e-01 1.373737343825750967e+00 3.868949825876831783e-01 1.317054947053854397e+00 4.655913898600118062e-01 3.786118018962821852e-01 3.521348426697236689e-01
1.397739747398587085e+00 2.179398276091923048e+00 1.109834779754427458e+00 2.142370409452929447e+00 1.001618097478836900e+00 8.616442406482193173e-01 1.626725474861796528e+00
1.954624689024959672e+00 2.948961097650758312e+00 1.941803817642239416e+00 3.076195373715989057e+00 1.512075373866983874e+00 1.202373548064211706e+00 -1.403987109843022330e+00
2.545227449453324908e+00 -2.711025020586216971e+00 2.873232995221914443e+00 -2.219768921093167702e+00 1.950680046282174951e+00 1.351750577457072833e+00 -7.837671702169549115e-02
-3.106420319866283641e+00 -2.178936956745527453e+00 -2.471747676059711907e+00 -1.300719675696714983e+00 2.261143305995277686e+00 1.522336030171301369e+00 9.945959499863120667e-01
-2.413376931440739170e+00 -1.614365106026288244e+00 -1.679651290839306421e+00 -5.561920571324979745e-01 2.515673519459324048e+00 1.797850592624177235e+00 1.916551499317691976e+00
-1.730352374152041461e+00 -1.012539121508012174e+00 -1.207469378669712823e+00 -1.340595784886725317e-01 2.887212807077873755e+00 2.016867146335701300e+00 2.755898416019365360e+00
-1.189979568974419033e+00 -4.205199511719547312e-01 -1.030196036546335181e+00 -7.644386934219769836e-02 -2.813475476888918081e+00 2.086551115464843065e+00 -2.763402408239635566e+00
-7.398165540386842931e-01 1.328607943960890547e-01 -6.826847783549964133e-01 2.075460502948519581e-01 -1.919676369498895863e+00 1.995890954900453318e+00 -2.112899131445177936e+00
-2.014965624141448197e-01 6.722454634414356534e-01 -1.178245147902741707e-01 7.640843762045089749e-01 -4.057907837103754689e-01 1.141593848195790128e+00 -2.522296385426308074e+00
4.367931908734604129e-01 1.248094950056545027e+00 5.550808607916365434e-01 1.419625479261357404e+00 8.942956081547213110e-01 1.025763104658288905e+00 2.932655319834632568e+00
1.109999497915940658e+00 1.888582483023174774e+00 1.297230121828256699e+00 2.111006650232458703e+00 1.771436674165317360e+00 1.483826800764197706e+00 -3.013707640787509856e+00
1.811855691051178274e+00 2.575275705482008348e+00 2.129540831536348655e+00 2.827776524522287893e+00 2.540327003461877453e+00 2.095724247879958035e+00 -2.625562602578211280e+00
2.570488357386309097e+00 -3.115881047372735413e+00 -3.103889997489123864e+00 -2.699084726888799413e+00 -2.990465827484998229e+00 2.770158357060016563e+00 -2.173424370601483968e+00
-2.766282580077112030e+00 1.128260270175138746e+00 -1.453806742791533324e+00 -1.874744195220656717e+00 -2.234266904274559540e+00 -2.809137280410856086e+00 -1.630559205500093034e+00
-1.190665443832460868e+00 1.839777567130920444e+00 4.463397860690371949e-02 -9.291379060613628171e-01 -1.463627371763687846e+00 1.086288690279943792e+00 -1.049007401740198686e+00
1.787309149617538340e-01 2.628599468512705428e+00 1.006576233994849190e+00 2.670187426575755252e-01 -6.791606320459501189e-01 1.810602944819044602e+00 -4.955005258791844169e-01
9.624497221513299561e-01 -2.820511509028761576e+00 1.785025632308476329e+00 1.784261763394937583e+00 1.097617850991351313e-01 2.562647155103161101e+00 -5.817596401977030013e-02
1.537789415787535141e+00 -1.916578666433091493e+00 2.480177633847366891e+00 -3.130460402954268417e+00 8.819389640877544068e-01 -2.951558908466977105e+00 -6.871399375213109104e-03
1.982838363393705450e+00 -9.287471787335915829e-01 -3.136909508495005827e+00 -1.995228566403801196e+00 1.543236251116500757e+00 -2.160163967255622985e+00 -2.993241150669840867e-01
2.346877238169391422e+00 2.038446101647886088e-01 -2.434825291744146192e+00 -8.921560741860918853e-01 2.024257191683246138e+00 -1.287018681199252557e+00 -1.013331949331617715e-01
2.701940746020033757e+00 2.130470851946369759e+00 -1.632933213337784961e+00 3.096630518431265355e-01 2.474542693934733695e+00 1.302209996593596542e-01 5.156720408716930493e-01
3.059666006267221849e+00 -2.266603934946389121e+00 -7.376981091892629294e-01 1.644309030528439131e+00 3.012667503843110772e+00 2.323110274742043568e+00 1.396567535927158765e+00
-2.840230438932461521e+00 -1.291158888400604221e+00 1.313211248767694739e-01 2.986326962699414445e+00 -2.664094154655126001e+00 -2.971286141619266630e+00 2.525585567115930186e+00
-2.425583320293249301e+00 -5.166061351347613906e-01 8.025932139759336392e-01 -2.071124163210880109e+00 -2.045141485117194513e+00 -2.210569336262871776e+00 -2.614977437196496890e+00
-1.879027947449981362e+00 1.687004977544429019e-01 1.220486250238009385e+00 -9.650898069063923446e-01 -1.424618369021255715e+00 -1.532913073024564143e+00 -1.686878766689740017e+00
-1.057580251450137121e+00 7.851498783346582133e-01 1.584463471965415593e+00 4.622945565433241727e-02 -8.119216657609065191e-01 -9.210603484125488016e-01 -9.237151395763916195e-01
1.949233687815704053e-01 1.345646281443519721e+00 2.003715317924064543e+00 9.657644830221855381e-01 -2.133809731938118570e-01 -3.614637833256438282e-01 -2.837123334387388063e-01
1.287836450534749044e+00 1.865524070230401898e+00 2.381757214992947791e+00 1.754621003853330086e+00 3.824994820106484839e-01 1.933308260985425187e-01 1.815453421305090465e-01
2.012671909946604831e+00 2.378116686071209962e+00 2.382572052268407514e+00 2.343372289608545156e+00 9.835290604094342193e-01 8.151394620344653008e-01 4.508614235740143750e-01
2.598606356637862991e+00 2.916927168752438959e+00 2.021751422620734484e+00 2.833034214321434430e+00 1.638873117059393758e+00 1.545912474266400771e+00 6.354076646327090350e-01
-3.121506959725906416e+00 -2.797781064301556153e+00 2.345757126763733602e+00 -2.784216553699369268e+00 2.428811242200479725e+00 2.458244853636569527e+00 8.805620871312008768e-01
-2.565559931100557023e+00 -2.218179109083171952e+00 2.929257423917875247e+00 -1.938912825525685779e+00 -2.769890581004964325e+00 -2.394453026037176802e+00 8.271237352022222655e-01
-2.001498610659434796e+00 -1.694293437116009882e+00 -2.715906640132196959e+00 -1.009422081713782893e+00 -1.335323240180247506e+00 -5.273747018674677101e-01 7.132701001378219940e-01
-1.509063732685973491e+00 -1.391131265440910481e+00 -2.185303830617734366e+00 -1.008083125864946659e-02 -1.425360254611781341e-01 6.608380961676750820e-01 1.093165845132092917e+00
-1.355111512667833917e+00 -1.500071677514170920e+00 2.370050808857996127e+00 1.421853574525445030e+00 7.901137088110563589e-01 1.609004666732579025e+00 1.678152722524805407e+00
-2.022305202866557572e+00 -1.451363278626339737e+00 2.593512272240577232e+00 -2.462344039108035343e+00 1.778956021548368849e+00 2.474866301409787361e+00 2.265975643032725806e+00
-1.979217352597635537e+00 -1.267031789565882027e+00 3.119758238100040604e+00 -1.440023915449461622e+00 -2.334695385294033088e+00 -3.000150137789495908e+00 2.652269649042678701e+00
-1.622286596556419935e+00 -1.359839773717244293e+00 -2.614078418199575093e+00 -7.556801990401774693e-01 -9.902064601765826479e-01 -2.244433322115794827e+00 2.558161698945571327e+00
-1.224529712768226419e+00 -1.156248591909907697e+00 -2.046701944492671288e+00 -2.575715704806499917e-01 -3.613851465954742159e-01 -1.537114884759269939e+00 2.559470527755653091e+00
-8.333935195585112643e-01 -5.976776126490597196e-01 -1.483404253994688782e+00 1.311262939996166998e-01 1.088226655701703544e-01 -8.381383587559646520e-01 2.965288178616092285e+00
-4.527162220932900993e-01 4.628872842271089527e-02 -9.663519372039682809e-01 5.529519233801023503e-01 4.694241371341291713e-01 -7.931045622311712340e-02 -2.928526129437820646e+00
-2.610673235630745631e-02 5.856178608067033053e-01 -6.460250817904290566e-01 1.053650471294882207e+00 7.915633222164325522e-01 7.669500612778468174e-01 -2.783184577878845989e+00
4.240397484407861239e-01 8.199190414134153171e-01 -1.047752397451463979e+00 1.586084654576524366e+00 1.067026942225063557e+00 1.674661872013342601e+00 -2.790556125082557237e+00
9.057753338028902146e-01 8.158420094030186531e-01 -1.201361948353145470e+00 2.078360770108654165e+00 1.301963991198533011e+00 2.564845571469213770e+00 -2.437540916469851826e+00
1.367786333418779865e+00 1.179895560532661536e+00 -8.012605460351782671e-01 2.421451511066791795e+00 1.485907837423965816e+00 -2.913553073267483473e+00 -1.901691290587955274e+00
1.798609366831683598e+00 1.864842436771821266e+00 -2.394013417800110455e-01 2.447937211620878184e+00 1.652902807112659911e+00 -2.214963191451255753e+00 -1.282594368969925736e+00
2.156992548443304347e+00 2.921337080246674489e+00 3.712562255071826800e-01 2.377859965134509146e+00 1.836911939588096843e+00 -1.616341223977890929e+00 -6.136379628859818247e-01
2.019698479477275654e+00 -1.717984429240362543e+00 9.848350121466862284e-01 2.611223077484901456e+00 2.048287792810717711e+00 -1.040323718265349306e+00 7.236309135709115270e-02
7.845534058512266817e-01 -5.092186758691379378e-01 1.546973089379958477e+00 2.989259905579066068e+00 2.279425899263404887e+00 -4.362497130131037792e-01 8.828089550944473451e-01
9.080776620934735144e-01 2.905457142951837768e-01 2.087678947762882320e+00 1.370169349040295748e+00 2.435269298331292909e+00 1.501943980049682270e-01 1.548954614937977814e+00
1.079829579678576623e+00 9.653766117404389835e-01 2.724643422542473381e+00 1.007228111251683655e+00 2.497389123436156488e+00 6.267809222138532865e-01 1.581595407944907716e+00
1.152951106530132774e+00 1.576859542500152145e+00 -2.742543977104729969e+00 1.475114148764476107e+00 2.498835819048555784e+00 7.955758803797309264e-01 1.952950430430770545e+00
1.020342358210102329e+00 2.133414031022787594e+00 -1.377724719007071608e+00 1.950165074869182558e+00 2.523900361264094006e+00 8.934491911543831488e-01 2.435568186983489092e+00
1.005223464419808588e+00 2.595087181441572355e+00 2.813635177303746571e-01 2.397942921319108578e+00 2.483082410084458846e+00 1.292693850592971927e+00 2.939450518068237539e+00
1.101404869104214201e+00 2.876452054705451733e+00 1.297812711005444486e+00 2.816791208095450472e+00 2.600739213806875227e+00 1.872173362709796063e+00 -2.926991925492718583e+00
1.352495838761307523e+00 3.061569454143542313e+00 2.102805396463564236e+00 -3.048921275892089167e+00 2.859885400821170265e+00 2.507859891533144925e+00 -2.489373944846181352e+00
1.630223943120261421e+00 -3.091690240129359335e+00 2.807550352264596594e+00 -2.619204238670344242e+00 -3.035036129835108287e+00 3.119521552425861710e+00 -2.097132801403662317e+00
1.854864640739287251e+00 -2.995703521187712770e+00 -2.981623827677526428e+00 -2.192820899777330634e+00 -2.680127805150351872e+00 -2.588109927600708016e+00 -1.715032644068946732e+00
1.950319440569021623e+00 -2.967702738509454097e+00 -2.556388056426794897e+00 -1.820569788756248419e+00 -2.304329570237412916e+00 -2.153467269948020846e+00 -1.418176208293931539e+00
1.765969768112638061e+00 -2.386093814866881324e+00 -2.329397402235065417e+00 -1.591522157366678902e+00 -2.124649789789069487e+00 -1.746447371072620491e+00 -1.350275978534619670e+00
1.590006649319117837e+00 -7.108362385629031222e-01 -2.008980698546122490e+00 -1.600142106700456202e+00 -1.925495359882527513e+00 -1.131992398960863566e+00 -1.652925917280695156e+00
