1.639438768193701712e+00 -1.353163100119528339e+00 -1.438113739536498237e+00 -1.398568379602674216e+00 -1.973215820574987900e+00 1.747259686678510171e+00 1.456324430745794984e+00
2.311799933491608616e+00 1.613029393448285262e-02 -6.570044717129984724e-01 6.539276940950174977e-01 2.316195736200044930e+00 2.193092551247851407e+00 1.907692586848249272e+00
2.851847072972721442e+00 4.030411380237251540e-01 -2.828564040947389446e-01 1.472911570409912718e+00 2.498748183256112032e+00 2.855278287382024605e+00 2.221994914344620931e+00
2.965614374837251876e+00 9.462496524781898177e-01 -9.830895448642518186e-03 1.910776916449565599e+00 2.659407088395864260e+00 1.022795932552263531e+00 2.504512701557042753e+00
2.722043320412168121e+00 1.480765119709820388e+00 3.188414638034396398e-01 2.333948439655700202e+00 2.825871575590942708e+00 1.300193261207054141e+00 2.803056991757486571e+00
2.587580574927790700e+00 2.132753603049819979e+00 7.177177488532433536e-01 2.772428792525468033e+00 3.016178733496500453e+00 1.933013570134544779e+00 3.126993113597500429e+00
2.868048951310091965e+00 2.945956028954396011e+00 1.015180811690074902e+00 -3.055026932230337167e+00 -2.998597047335753274e+00 2.583994794549598684e+00 -2.804355482120212795e+00
-3.095808448711471428e+00 -2.385250582722072465e+00 7.498749003839949578e-01 -2.634998274896205750e+00 -2.707201752346987789e+00 3.052619177445465404e+00 -2.552095762550302016e+00
-2.771062441838073820e+00 -1.052701545926623350e+00 -1.148038904244402109e-01 -2.324489894212089069e+00 -2.442733873413619694e+00 2.959939014880479835e+00 -2.774064208682618826e+00
-2.547681220101798871e+00 -1.157452616308244026e-03 -4.410501902111274575e-02 -2.214997564420599030e+00 -2.262476379353001388e+00 2.460630365436856870e+00 -2.954432385405385109e+00
-2.387295819773505468e+00 5.624938222691338030e-01 2.499230700879179201e-01 -2.174659513136895317e+00 -2.144554851302272969e+00 2.894906706990741263e+00 -2.624415424660784701e+00
-2.279635141691047195e+00 1.121525689198960007e+00 6.231451609395650681e-01 -2.126671633290438734e+00 -1.979562800377336451e+00 -2.815603211280915730e+00 -2.145175676527228070e+00
-2.139583434482591251e+00 1.661790167804120033e+00 9.902868212377443635e-01 -2.669227373849372142e+00 -1.734950263423721717e+00 -2.162933990332234657e+00 -1.622229958759679569e+00
-2.039137914967370513e+00 2.217922652732247979e+00 1.302986417324293544e+00 3.068494026695145926e+00 -1.498886598543444748e+00 -1.491870926364306404e+00 -1.058440970318497598e+00
-2.039860093933278495e+00 2.855348802060221569e+00 1.498015922587679460e+00 -3.083103015449225381e+00 -1.493179131425530715e+00 -7.906268326991621187e-01 -4.331362753384056519e-01
-2.104693736910529189e+00 -2.731887531406417047e+00 1.549836180913286787e+00 -2.811641902673729376e+00 -1.867503471509785573e+00 1.517840266932972762e-02 2.915440001100009781e-01
-2.010997110796147958e+00 -1.549850079234711187e+00 1.634485835126448849e+00 -2.506385078486169427e+00 -1.804115106713585659e+00 3.007310107052030723e+00 1.448625739306198534e+00
-1.789204104411112661e+00 5.339788561175838888e-01 1.913445474463149498e+00 -2.249368224776792768e+00 -1.380437408044664416e+00 -2.137833572594888043e+00 -2.498797493637926692e+00
-1.544236738088898830e+00 1.563536808091151142e+00 2.317081180982482280e+00 -2.097774608421765219e+00 -7.516591832085834923e-01 -1.517287086991188749e+00 -1.576844234984513315e+00
-1.392457798432143123e+00 2.219176865041395441e+00 2.718635640936030828e+00 -2.019380093011643673e+00 5.500071799504311354e-01 -9.777856206178652254e-01 -8.457509607279314334e-01
-1.350004404160745741e+00 2.539691638511752725e+00 2.871892950940202915e+00 -1.903061469117314664e+00 2.188091715220806588e+00 -4.348915557229380280e-01 -5.345991662649769716e-02
-1.269044078032417033e+00 2.346343594154545187e+00 2.132113846286889824e+00 -1.781123394519016356e+00 2.769854268105523154e+00 2.126594945611968435e-01 7.980957694826068538e-01
-1.125813239169879854e+00 2.653580280856377538e+00 2.222729685074984918e+00 -2.071321045511791414e+00 3.063942010730410725e+00 8.492542426409891432e-01 1.598490521586934721e+00
-9.699365356244435965e-01 -3.069254130343999076e+00 2.755688751902686473e+00 -2.652661149278259245e+00 -3.031052265634776699e+00 1.440915919215680407e+00 2.269968884413556154e+00
-8.286242072388849689e-01 -2.422550642647511854e+00 -2.875196739693558268e+00 -2.562490215194218379e+00 -2.852987763161876522e+00 1.942014456032375991e+00 2.735327027615795270e+00
-6.593599418299672665e-01 -1.788220134500141834e+00 -2.195147861347262364e+00 -2.360862971068899530e+00 -2.622668177295281566e+00 2.487980243898482158e+00 2.903805774673508200e+00
-4.783628563281651647e-01 -1.174605710898396493e+00 -1.533624418617308249e+00 -2.235194767520367609e+00 -2.296117505783077828e+00 -3.112495103376165861e+00 3.025544175434543792e+00
-2.290238095848571576e-01 -5.880305205205510477e-01 -9.497073401357820632e-01 -2.089500989134796871e+00 -1.888442151686180015e+00 -2.410978562560037730e+00 -2.939403209174435538e+00
9.496675084821649959e-02 -4.701622379886093162e-02 -5.655204491557928037e-01 -1.833126837073199011e+00 -1.448463331563973888e+00 -1.702203124575639714e+00 -2.539988285443362859e+00
5.072474985539140446e-01 4.257108563292688053e-01 -1.340248987320085572e+00 -1.546260777433466904e+00 -1.036578750896284040e+00 -1.031420614155651894e+00 -2.150224123664578713e+00
9.463578560459756650e-01 5.306919175853591630e-01 -1.593131623516229833e+00 -1.321473805628914366e+00 -7.377468587538285050e-01 -4.517303779362337735e-01 -1.779124406134240388e+00
1.410838956219103268e+00 -2.879108367011805614e-01 -1.124177935757503910e+00 -1.169469387085121381e+00 -6.862874482689774736e-01 -1.251611810008744496e-01 -1.391307996052085993e+00
1.881785381325106199e+00 -2.824467282117618105e-01 -5.939831294651130023e-01 -1.072644176704185659e+00 -8.422496587567021020e-01 -5.225564714047032933e-01 -9.541389393925003848e-01
2.306220795920645994e+00 5.458984485271303061e-02 -7.589005477897201035e-02 -1.172343540887067270e+00 -8.255056710469743653e-01 -2.600128680329988340e-01 -4.820755363827193274e-01
2.575737189030811169e+00 4.197180872254253070e-01 4.191778297842326251e-01 -1.500987101210469632e+00 -6.403408244530903737e-01 3.261560884784576730e-01 -2.199647137550685194e+00
2.556789360804170741e+00 8.005121331096464177e-01 9.082515218975163451e-01 -1.507993786687028992e+00 -4.204765988946559396e-01 1.056244414203928228e+00 -2.256066782309159802e+00
2.595766488983534792e+00 1.152244766545465149e+00 1.387392348761315120e+00 -1.276567614409116036e+00 -2.174963194523548415e-01 1.891890474158773205e+00 -1.678408937186113503e+00
2.822248939293276582e+00 1.382866722933359549e+00 1.831899368683070684e+00 -1.024324830541675890e+00 -3.607152383141290497e-02 2.953242555980472250e+00 -1.092488061417504097e+00
-3.099122088598832203e+00 1.238719207805127898e+00 2.165245636739104196e+00 -8.084735514169518744e-01 1.323620012822314951e-01 -1.959934295327470988e+00 -5.175945874624416909e-01
-2.680824349542321183e+00 1.029748097854149558e+00 2.174586243200670399e+00 -5.453725441347714309e-01 3.496706228622593615e-01 -6.861312571565991725e-01 5.697581568732904694e-02
-2.196978711804329354e+00 1.226609887530621279e+00 1.769587847807694514e+00 -1.734655276083588993e-01 6.619977814666904159e-01 3.331988422135824801e-01 6.294159804991416030e-01
-1.685486656247693116e+00 1.615408358065511418e+00 1.713324405377044668e+00 2.840023593980342542e-01 1.040509118686661294e+00 1.231701189036683131e+00 1.115785387373072757e+00
-1.167107841118908640e+00 2.057117335579875750e+00 1.948760034408608455e+00 7.713184576456372232e-01 1.416923380628381191e+00 2.057348852082209412e+00 7.167336055987418852e-01
-6.675746272642684165e-01 2.483728566013059247e+00 2.291949119617491260e+00 1.219701193538655248e+00 1.680030804486270180e+00 2.834790907726287390e+00 1.891116550484009118e-01
-3.506233773239134099e-01 2.873532779683310778e+00 2.732392285560778955e+00 1.542453990877463932e+00 1.651792100505664607e+00 3.102618700396763129e-01 6.764022429000068337e-01
-2.661039569938167926e+00 -3.043751591609679341e+00 -2.995106902678365657e+00 1.727534700548122304e+00 1.536061192420768551e+00 1.059291031996387966e+00 1.254600128526209835e+00
-2.379920446248759536e+00 -2.592610214562654836e+00 -2.283765649496843686e+00 1.962063660389104180e+00 1.741240360902258866e+00 1.672866350217363518e+00 1.795657063859882108e+00
-2.210682589554364252e+00 -1.866597495416577379e+00 -1.348641980824965891e+00 2.341916443437377371e+00 2.154643397161027707e+00 2.225711155632088545e+00 2.282645752712092246e+00
-2.222943701861231691e+00 -1.615314624688175271e-01 -2.330677109847061612e-01 2.815901408581261922e+00 2.673880972548665635e+00 2.755321746398743610e+00 2.772831642551142117e+00
-2.332870631324871269e+00 1.136344329220315252e+00 7.686510110160692522e-01 -2.941195068597522777e+00 -3.018605840152064790e+00 -2.997245996452956085e+00 -2.961394116835752044e+00
-2.269125275866691549e+00 1.885751395206073378e+00 1.586229889041111507e+00 -2.385861903517189297e+00 -2.350088248227070409e+00 -2.451477481469284125e+00 -2.354634344968590920e+00
-2.029862326228210279e+00 2.517298597721856268e+00 2.295908360221436961e+00 -1.816581168140446234e+00 -1.513096606551463941e+00 -1.901752721889562237e+00 -1.712999279791853180e+00
-1.641410352397381311e+00 3.082529758344056070e+00 2.932135936317709302e+00 -1.193220179010020754e+00 -4.241213228558756709e-01 -1.321305990740308189e+00 -1.044723133638893131e+00
-1.145684308367366011e+00 -2.729554590917981471e+00 -2.794790559447201339e+00 -3.905761352710383494e-01 4.712006560500622276e-01 -6.708688146118203521e-01 -3.359605407148154588e-01
-5.476903440668722256e-01 -2.376572070845701656e+00 -2.330818535093246435e+00 6.242370056226804742e-01 1.121911737660377772e+00 6.408566940443237436e-02 4.297605023751717712e-01
2.198118710033125367e-01 -2.101119729903115019e+00 -1.930715012042838241e+00 1.610904750380149908e+00 1.693382506079160521e+00 8.663865049657818451e-01 1.244758907606402509e+00
1.291085101093992105e+00 -1.769160812144471739e+00 -1.517966413274769000e+00 2.418479598473675996e+00 2.208068425580465899e+00 1.667866189687369438e+00 2.069441080349570417e+00
2.535285110820385324e+00 -1.369745486558351155e+00 -1.078896494215660695e+00 3.072162160466353154e+00 2.630122986690618614e+00 2.384740322511376132e+00 2.848617259379246924e+00
-2.866101168470576610e+00 -1.034156877858269930e+00 -6.887213648991910020e-01 -2.666194612489986682e+00 2.931924774216037921e+00 2.965228324991745268e+00 -2.745910720357465085e+00
-2.288816383487052075e+00 -1.182481710852635537e+00 -4.915953456571677815e-01 -2.198213717397598632e+00 -3.114293172654233999e+00 -2.854347588368042921e+00 -2.185979226410513565e+00
-1.864241793031780059e+00 -1.630542829297413565e+00 -5.484707330314717577e-01 -1.790619063375988862e+00 -2.840465191746924578e+00 -2.424358597283696515e+00 -1.872421991648643314e+00
-1.515748017707963857e+00 -1.387225903305176811e+00 -4.907366621379978811e-01 -1.426956278775127096e+00 -2.496817981168230727e+00 -1.981249368158202406e+00 -1.955049961392966384e+00
-1.175420398009562772e+00 -9.454392521598817822e-01 -2.641704187956920857e-01 -1.075163864596559771e+00 -2.091825666285048069e+00 -1.514362556950865635e+00 -1.811993945986013932e+00
-8.066552930835403368e-01 -4.642508679913245895e-01 -1.340377238911500887e-02 -6.963426371077960919e-01 -1.638653798654647664e+00 -1.037520864260157438e+00 -1.307547967338272832e+00
-4.078011209439498796e-01 2.183985862303967559e-02 2.573015420805168096e-01 -2.590837425715720732e-01 -1.156980806775638415e+00 -5.669245563877016725e-01 -6.606162047548340688e-01
1.369786392916451552e-02 5.168226020452271197e-01 6.206201137584796967e-01 2.465136167403614853e-01 -6.728814465875764261e-01 -1.079515806653653653e-01 5.498324863617541636e-02
4.199083580847707831e-01 1.008072439653569630e+00 1.051480325133212324e+00 8.079049616170871362e-01 -2.169889745538667314e-01 3.282186389138388449e-01 8.292580248336605120e-01
7.920837598637850974e-01 1.464119085899622474e+00 1.440367749027902100e+00 1.404069773606591021e+00 1.589799237949073019e-01 7.106236498587001904e-01 1.682184835103310627e+00
1.135480594492813022e+00 1.840379570305038293e+00 1.659491203275078819e+00 2.013940812168976358e+00 3.181979238365095775e-01 9.815795165624061624e-01 2.669668484747135029e+00
1.507720216748859698e+00 2.166213416325782237e+00 1.815089195810467571e+00 2.631928705112089872e+00 6.249185385402020393e-04 1.136552771964038921e+00 -2.459246490900487636e+00
1.931239708967705804e+00 2.567906631721786681e+00 2.138752151099107657e+00 -2.985622192889295867e+00 -3.787544533978649541e-01 1.170982620248757433e+00 -1.479194948939937193e+00
2.373945207814379899e+00 3.126923794013812152e+00 2.588038544309867017e+00 -2.195923716382372159e+00 -3.928283814133511354e-01 1.025352105540651371e+00 -8.556613050313508495e-01
2.775000386419282705e+00 -2.220365632993798854e+00 3.090559707118112343e+00 -1.286406270749878233e+00 -2.019829489875653306e-01 1.028859833827562964e+00 -2.865620732082432842e-01
2.945288835382416259e+00 -2.921403323622823178e-01 3.969521128901051799e-01 -3.831537138084304961e-01 1.060648978704959861e-01 1.339947288678366322e+00 3.523128677298268396e-01
2.468081844344726328e+00 7.620037041943231726e-01 9.189205412677839968e-01 4.423069096617015528e-01 4.820804599977556171e-01 1.794363044560420173e+00 1.036623277268283072e+00
2.198370487991177402e+00 1.404818218635961458e+00 1.424006892829629001e+00 1.195498209927341460e+00 8.931742307276283599e-01 2.282541613621958732e+00 1.728304641992805868e+00
2.412365819005022338e+00 1.942837713030895141e+00 1.938350850276734150e+00 1.907022617387483354e+00 1.315639601369091638e+00 2.736715496928023850e+00 2.392571360881820208e+00
2.731179976306872259e+00 2.424038420186847453e+00 2.449182903421261326e+00 2.628161742419831803e+00 1.729696398498723697e+00 3.097463208192027029e+00 2.950835541479805535e+00
3.067848654969025368e+00 2.848819283089115473e+00 2.931758772336489738e+00 -2.868132196101655040e+00 2.094180630346897498e+00 -2.980348069273234923e+00 6.046429198034253272e-01
-2.975232470101444093e+00 -3.050166039531172490e+00 -2.909605857113878979e+00 -1.952165163923427205e+00 2.359549748884725240e+00 -2.993743751641985362e+00 1.116475606799399056e+00
-2.882625520754355630e+00 -2.639929048445883719e+00 -2.497042024311809438e+00 -7.965910025832267927e-01 2.627880919811449445e+00 -3.092547703408866866e+00 1.593635314147910709e+00
-2.803569189049002208e+00 -2.186114951818160623e+00 -2.102169200949250083e+00 5.483874863747895123e-01 3.086754440597465177e+00 -3.075219516654529084e+00 2.003021009462432556e+00
-2.596773504457279724e+00 -1.728075028800514668e+00 -1.732634140662563160e+00 1.642778259827271325e+00 -2.562307321175205210e+00 -2.901312309468749184e+00 2.391899792078527209e+00
-2.373708858948364142e+00 -1.396610382974779352e+00 -1.431421082864757333e+00 2.396043796924736125e+00 -1.871726773370754993e+00 -2.629948191562883952e+00 2.813065434776392593e+00
-2.213120622583645947e+00 -1.439124235418854036e+00 -1.182405494044873162e+00 2.933996568258586013e+00 -1.304093418890021505e+00 -2.332520789288930807e+00 -2.992993799447166481e+00
-2.067837065586967338e+00 -1.564873586828633201e+00 -8.399304123752534545e-01 -2.820398418005680696e+00 -1.311441963010254952e+00 -2.050008025137284307e+00 -2.458362083978049117e+00
-1.817798839036598890e+00 -1.360265378555398419e+00 -3.509276511898465345e-01 -2.202507521835841420e+00 -1.553173368550279765e+00 -1.763317637300228835e+00 -1.890909509075543227e+00
-1.468784378940778179e+00 -1.062836182409347074e+00 2.283128417191663539e-01 -1.543812287861087151e+00 -1.211546714055701468e+00 -1.424282355429791869e+00 -1.305433714681635271e+00
-1.056687416153016867e+00 -7.836627093727169813e-01 8.426615584553954763e-01 -8.874166145025351726e-01 -7.085706262141121536e-01 -9.842779711211390170e-01 -6.796849664735359342e-01
-5.858218326677189225e-01 -4.923073128570822354e-01 1.505568567134659030e+00 -2.282312275701571247e-01 -1.682448181513923058e-01 -4.427007704452866621e-01 -5.738937989860909764e-03
-6.054397300117591446e-02 -1.975592871561648312e-01 -1.299798910583153111e+00 4.476069010798827685e-01 3.678025846444776259e-01 1.511480344699389911e-01 6.791071598889912853e-01
5.000401674601234747e-01 7.492061091235008297e-02 -5.265955108081601388e-01 1.131330019662791564e+00 8.747101154564285164e-01 7.306238990776082742e-01 1.321850167998243286e+00
1.049415998660210958e+00 3.524309323701573238e-01 1.511886773892614499e-01 1.796070948620310137e+00 1.346727759129450197e+00 1.210179651667324219e+00 1.869748513487581310e+00
1.545652954244068900e+00 7.023261839408668772e-01 8.043713200991391421e-01 2.405646332054424796e+00 1.796389006967010982e+00 1.523416080263824135e+00 2.262077551321714175e+00
1.981057165686685329e+00 1.125864770218917732e+00 1.396537855632062453e+00 2.924708245028784237e+00 2.240098532006919996e+00 1.790968886024253193e+00 2.506625077360485676e+00
2.424804285379770885e+00 1.618600628359250226e+00 1.881336656259456674e+00 -2.929121600309893658e+00 2.684265377042728939e+00 2.213951471035240814e+00 2.823130891175656298e+00
2.943379504356674836e+00 2.188111927316324756e+00 2.200906842968873178e+00 -2.528520403850783360e+00 3.112379496024614056e+00 2.774945026816434179e+00 -2.951906534551293149e+00
-2.772457224298193523e+00 2.873171257196104555e+00 2.334691914983214378e+00 -2.111266574377814287e+00 -2.802219613197044268e+00 -2.898867376265539697e+00 -2.310039260110066550e+00
-2.205068871900845995e+00 -2.543701336399638802e+00 2.429521884121164543e+00 -1.709889434650407658e+00 -2.523127830384761516e+00 -2.325082987825060066e+00 -1.585824245665151677e+00
-1.695792236042287460e+00 -1.563472929835572067e+00 2.737577554631201782e+00 -1.422946162315944729e+00 -2.282856931642235132e+00 -1.961691714108595663e+00 -7.692176587769393725e-01
-1.288475382739255659e+00 -7.033777492979872425e-01 -2.609997787672573288e+00 -1.337143398339548872e+00 -2.022877539518687318e+00 -2.052911805857453587e+00 2.047915195947751510e+00
-1.001335073954304988e+00 -1.332126194597654800e-02 -8.396585981291979639e-01 -1.251987289835691186e+00 -1.764293126976510084e+00 -1.923544414142357883e+00 -2.740104648364295681e+00
-7.512321308641066731e-01 5.792934207040947303e-01 1.993631177675876942e-01 -9.691961190241229485e-01 -1.510044798947415279e+00 -1.430834352088258044e+00 -1.975788512164143862e+00
-4.134791803156415702e-01 1.099303314058950098e+00 9.373679604401475851e-01 -5.678232213105366410e-01 -1.210788101567668917e+00 -8.487257332896656070e-01 -1.259244551076691421e+00
9.274920003581481115e-04 1.504980318169080178e+00 1.541286300058543501e+00 -1.318343296994468061e-01 -8.461315844136115816e-01 -2.709239798736319815e-01 -5.183270531268234782e-01
4.507867066067735018e-01 1.791639381768051376e+00 2.038205127803695671e+00 2.962677010078283435e-01 -4.216697760982342502e-01 2.868865178754103074e-01 3.260231089550808536e-01
9.102215165587248524e-01 2.063866699275424210e+00 2.468120043356248239e+00 6.943172534056205603e-01 6.199276813289325561e-02 8.269870517778218355e-01 1.409273599418417566e+00
1.391397508368644287e+00 2.414210945668170183e+00 2.879809224637584375e+00 1.066811564763136433e+00 6.057097224566942995e-01 1.356034902839698963e+00 2.777464553519092938e+00
1.898730220222344611e+00 2.838463256136128710e+00 -2.984776639410298582e+00 1.444951804047009958e+00 1.247075390209334333e+00 1.886940301241860407e+00 -2.387439873201840257e+00
2.436336164217228539e+00 -2.987248603056864571e+00 -2.557592052476920674e+00 1.834417863999568299e+00 2.559879371142899096e+00 2.439817874018622490e+00 -1.625577452565468262e+00
3.038545155167689860e+00 -2.511706595497654959e+00 -2.096394019673332387e+00 2.151844027376857760e+00 -1.527990966348237833e+00 3.019973383721865634e+00 -1.048058291456645419e+00
-1.806640508984330262e+00 -2.029046733601396202e+00 -1.571489242452804413e+00 2.201039526062836149e+00 -6.954359661698957806e-01 -2.678761333235489150e+00 -5.847453553252248692e-01
7.116359858057750287e-01 -1.571761398862642212e+00 -1.004023658148345044e+00 2.140318368763446166e+00 2.198998257429093592e-02 -2.194183157069718781e+00 -2.510462822587041232e-01
1.330824767650197193e+00 -1.219735562991856037e+00 -4.556980471283783585e-01 2.411509866329375029e+00 7.152800688641616222e-01 1.782803966606003820e+00 -2.673979384107672691e-02
1.829817524497613368e+00 -9.188103054002773051e-01 1.953782243058588275e-02 2.829083401368492900e+00 1.371560176676744680e+00 2.281331867865544982e+00 2.606338383282641447e-01
2.182944621554130826e+00 -4.136063717540203188e-01 4.147065883700125632e-01 1.593140755236867268e+00 1.968515669261219792e+00 2.806500546824289177e+00 7.183076917663954175e-01
2.358818350884265946e+00 2.736345353001051750e-01 7.533876982849451176e-01 1.270852832240576769e+00 2.507085421328897112e+00 -2.941632716790767876e+00 1.320684882433204033e+00
2.501647873269159383e+00 1.007072250210804931e+00 1.055921025055170048e+00 1.829877885252751746e+00 3.033067341732694988e+00 -2.395745805701384956e+00 2.024230292111496077e+00
2.742271158447413981e+00 1.702457022332441117e+00 1.368069261471094755e+00 2.413519141373994703e+00 -2.686334840012193137e+00 -1.847337103582291418e+00 2.795718588483823375e+00
3.026245141104693559e+00 2.327348842178703414e+00 1.749115216211278634e+00 2.857799579197803030e+00 -2.089837509635759982e+00 -1.314412879903282816e+00 -2.676547027794696554e+00
-2.971355808879500682e+00 2.870208671579356441e+00 2.190091576077524138e+00 2.522446857474144100e+00 -1.511729602192795063e+00 -8.148051774300294481e-01 -1.854634166111098992e+00
-2.684809034903928637e+00 -2.944022781410500667e+00 2.648915645716028333e+00 2.369633349095557229e+00 -1.039507750309878409e+00 -3.683406355801921439e-01 -1.049918673805001701e+00
-2.382672242708606003e+00 -2.505836288991004412e+00 3.100373890047342318e+00 2.897935445194286253e+00 -8.473577806260976786e-01 -3.428170740256725191e-02 -2.971556751108585526e-01
-2.059188618913393665e+00 -2.052864028126405227e+00 -2.733657646530088581e+00 -2.714705901374897756e+00 -9.357534876173871918e-01 -4.332147648930549655e-02 3.248580582766720237e-01
-1.703249074331192103e+00 -1.546315943648105984e+00 -2.231479003711631659e+00 -1.987231466706617100e+00 -7.763257323741853400e-01 -4.272784753592398510e-01 5.823888687462749347e-01
-1.298044552297715981e+00 -9.561711583779834989e-01 -1.613094997707842149e+00 -1.211724324760978799e+00 -4.164004542150251953e-01 -3.340218425056273865e-01 3.487324301445876573e-01
-8.246576333280543070e-01 -2.774676557165954294e-01 -8.580569310686321227e-01 -3.983899496108326277e-01 -5.498047524738893660e-03 2.367669429510418228e-02 -3.574432658069167656e-01
-2.785886885348474173e-01 4.722865231217316384e-01 5.579271936386900194e-02 4.129112705934483984e-01 4.365718998934682293e-01 4.566156159811756154e-01 -7.122649988149870603e-01
3.261173968397084733e-01 1.267709060507349772e+00 1.193754282980306503e+00 1.145969312429528042e+00 9.125325436987419270e-01 8.947877586079395762e-01 -2.360663872843877797e-01
9.711319356993058927e-01 2.082565694039026027e+00 2.434637447581617042e+00 1.698891547386321310e+00 1.390530668151075622e+00 1.262257132663299863e+00 3.704444065870742819e-01
1.630437015357149466e+00 2.878234415969896709e+00 -2.833524016451576699e+00 2.016472019707721053e+00 1.796102949408108440e+00 1.457406000358724585e+00 9.749488706754413370e-01
2.254930273330017165e+00 -2.691994804179095979e+00 -2.055333557198290251e+00 2.233344881345077138e+00 1.952826919884892209e+00 1.446683194722955035e+00 1.527737070750125881e+00
2.666277365392566878e+00 -2.194199432526438009e+00 -1.474030146937659991e+00 2.419661767709567979e+00 1.699122478094359456e+00 1.349337039294390639e+00 1.955618274805826617e+00
2.012244317043599295e+00 -2.216225335076360548e+00 -1.100887347929437432e+00 2.477188732554944650e+00 1.694058943731215683e+00 1.361889620710662774e+00 1.998523397614641706e+00
1.861175818980175034e+00 -2.325725606146455959e+00 -7.886311570733635090e-01 2.584304050854917545e+00 1.994412422957071218e+00 1.590515662878809078e+00 1.553012108482587195e+00
2.218881380336794606e+00 -2.064406415817776619e+00 -3.239359294771166908e-01 2.913119221943532899e+00 2.353940217692167103e+00 1.954169685539873580e+00 1.579164447781503666e+00
2.625041144844756147e+00 -1.747330333998567964e+00 3.061992506521600821e-01 -2.926864757405974515e+00 2.661379180712233339e+00 2.323338719675260400e+00 1.853642383863356446e+00
3.044249693985277005e+00 -1.480638076339629849e+00 1.099240614830650609e+00 -2.498783027567573534e+00 2.902338791980713317e+00 2.575531192830033511e+00 2.229045297103906975e+00
-2.803634367693577989e+00 -1.206501358391843803e+00 2.121628405345589830e+00 -2.170208801765078910e+00 -3.115053208919746464e+00 2.717214427231169793e+00 2.688978134532460373e+00
-2.355427754106249605e+00 -8.598274128792302573e-01 -2.961089430934622069e+00 -1.883927090993544384e+00 -2.755134203445657182e+00 2.940252438842242189e+00 -3.076476508481487127e+00
-1.893977612389409648e+00 -4.638184722909383106e-01 -1.925436053178786633e+00 -1.496476331196215037e+00 -2.318196193393757376e+00 -2.983493194842285590e+00 -2.520700714365420758e+00
-1.416779310927685831e+00 -6.211235651277280390e-02 -1.113640167784673451e+00 -9.903164978173600863e-01 -1.842585235445598935e+00 -2.534430496751784112e+00 -1.926096609121314973e+00
-9.232882453383258747e-01 3.339301070772432989e-01 -4.024225210579751022e-01 -4.096643624795985317e-01 -1.356662223653480881e+00 -2.022302294242306786e+00 -1.287803632461165693e+00
-4.199984740080666135e-01 7.178990668120595053e-01 2.463378691639810658e-01 2.123941018644248391e-01 -8.792469799820712417e-01 -1.467097006715869512e+00 -6.068772780717933690e-01
7.353940135720825333e-02 1.042214254605098978e+00 7.354174650012001990e-01 8.563555199831831555e-01 -4.295772913882005550e-01 -9.052027801013040609e-01 1.172056440062278909e-01
5.198624475454036720e-01 1.261376756154030110e+00 9.217765361180920713e-01 1.511667800029933950e+00 -4.144032852801768363e-02 -3.931290845616706164e-01 8.713021512908732946e-01
8.762159429285167889e-01 1.453776355307882406e+00 1.197875330535685068e+00 2.169616437102965811e+00 2.559353117987716586e-01 3.298023904223634090e-02 1.509019256294344524e+00
1.154574085993068211e+00 1.741155773386084959e+00 1.804922201500083645e+00 2.802926380898473013e+00 5.460973789896172992e-01 4.549250569194490113e-01 2.023070993078316615e+00
1.453816146095140427e+00 2.145958550892474559e+00 2.598062890368967093e+00 -2.959048646203223942e+00 1.022843064524390666e+00 9.956051185879433163e-01 2.591460833073705672e+00
1.839706118008988200e+00 2.654273904957098473e+00 -2.773631748303772682e+00 -2.731414550544971842e+00 1.779206354153322067e+00 1.652992533025283262e+00 -3.101776101016930909e+00
2.303901433070567606e+00 -3.027588008182672041e+00 -1.776321679409547549e+00 -2.643985786530388182e+00 2.721138410495648419e+00 2.365989219707029800e+00 -2.518205735943000345e+00
2.821678417438986841e+00 -2.270892854643675740e+00 -7.352108515750288564e-01 -2.234874086339521337e+00 -2.636337578576439356e+00 3.093334821854236250e+00 -1.931466075047447717e+00
-2.908791824084234978e+00 6.018446949928432654e-02 2.996541964756637699e-01 -1.591559305002769209e+00 -1.789955247263003812e+00 -2.423281090381097513e+00 -1.262402135075858967e+00
-2.331655881441671685e+00 1.568973524859146540e+00 1.298826377921209030e+00 -7.985964370641595034e-01 -9.737223683340006097e-01 -1.454060279931715272e+00 -3.720064655352256500e-01
-1.748419701963396022e+00 2.338222589146859764e+00 2.263491790531749537e+00 1.837045439783038525e-01 -1.185043394670224071e-01 9.615507085735335024e-02 8.009396699924080654e-01
-1.422991439101088496e+00 3.034437549761262787e+00 -3.078894426832385012e+00 1.479307021507594966e+00 8.468288563650977485e-01 1.512664882766057595e+00 1.994126333694692166e+00
2.675237864495921603e+00 -2.619690935151192335e+00 -2.156732073786748582e+00 2.815388927590311674e+00 1.941943736562906864e+00 2.399764812079234311e+00 2.991986720316924142e+00
-3.087303388373450641e+00 -2.139616711340838862e+00 -1.260648782373398946e+00 -2.496564649798812763e+00 3.001501096057006102e+00 3.048578020286478729e+00 -2.448021677108542793e+00
-2.616264910617827510e+00 -1.934315750620775320e+00 -5.342032152239906129e-01 -1.802603890187236102e+00 -2.453592353290802830e+00 -2.775933135529737417e+00 -1.725261869701030459e+00
-2.229370932364355351e+00 -1.781927913485030324e+00 -2.220489622947467101e+00 -1.331295317811428847e+00 -1.917887967340397015e+00 -2.482718332754262125e+00 -1.158289081733392845e+00
-1.921899880198046029e+00 -1.394362910148302825e+00 -1.369470530214030646e+00 -1.121096940336178571e+00 -1.656899567088771175e+00 -2.232739516865219542e+00 -1.022622900268071788e+00
-1.638464240458802790e+00 -8.940652855383320885e-01 -3.034612076806554870e-01 -1.173462204992937963e+00 -1.462717431881779495e+00 -1.909404274805148960e+00 -1.764330245171150224e+00
-1.329483934652497146e+00 -3.987057141412354566e-01 9.891181300338844906e-01 -1.102616940718265104e+00 -1.174834592194285765e+00 -1.494156919896815428e+00 -1.620384932780029708e+00
-9.830879008006629949e-01 3.002639065325664325e-02 2.240195246093309223e+00 -7.671411221010179249e-01 -8.025873048290701472e-01 -9.878155969748371179e-01 -1.149695844606036799e+00
-6.043540412911695414e-01 2.858835096925493868e-01 -3.067338417805268946e+00 -3.361194742943486857e-01 -3.864686150033595502e-01 -3.805474849565332884e-01 -6.355896423253054595e-01
-2.161221673957863243e-01 4.229303482186567292e-02 -2.262701048141334326e+00 6.355979766502208028e-02 -1.318215157491503184e-02 4.339823585772037973e-01 -2.008176217511722650e-01
1.323252896712489579e-01 -1.513353746947728451e-01 -1.608863699439290640e+00 3.624273132896312366e-01 1.114373036739583905e-01 2.700150466740133037e+00 -2.592176335464079114e-03
3.598235144727944257e-01 2.503107887426956127e-02 -1.381138724928705708e+00 5.001303353244073158e-01 -1.516667506875393756e-01 -2.413511152580598562e+00 -2.578791472423005438e-01
3.976660973308649427e-01 -3.982400650004488396e-01 -1.812852250266580478e+00 1.756608328077768899e-01 -2.383915751496539781e-01 -1.873428380714174946e+00 -1.035774330401548982e+00
2.664793139725596394e-01 -1.051711123259114755e+00 -1.569976984880715909e+00 -2.093893877622470534e-01 -1.634053319315333652e-01 -1.454918105279878526e+00 -1.084140846901753275e+00
1.192586312771843071e-01 -7.817043064697838384e-01 -1.084182880165311502e+00 -2.502659202081994327e-02 -6.907940030532357112e-02 -1.031395180538850154e+00 -6.844659777204873397e-01
1.289721003578360170e-01 -3.705519740953602259e-01 -5.639909140494674400e-01 2.956105737673043743e-01 1.033939614763640519e-01 -5.561882835450647766e-01 -1.684963208655511080e-01
3.110774868616572597e-01 7.468964837860585237e-02 -3.781543758813023931e-02 5.889181124542347545e-01 3.607089479321123893e-01 -5.564142135650936710e-02 3.596801726701840396e-01
5.917599998926679206e-01 4.969159614099117883e-01 4.532270517598147030e-01 8.542445313099984450e-01 6.565918468166833666e-01 4.231949836241659657e-01 8.395768702590097332e-01
9.169694390177477450e-01 8.279326531316388849e-01 8.175253122588120869e-01 1.139712666358235316e+00 9.725624705777824452e-01 8.624280155351812249e-01 1.194290873577366074e+00
1.252729835580921325e+00 1.069603451273117400e+00 1.035469551169883484e+00 1.438255713485188991e+00 1.314932400592914830e+00 1.291345587806416617e+00 1.344200652811452734e+00
1.589742524361768661e+00 1.355856772117284059e+00 1.330253051645887696e+00 1.732830789085933132e+00 1.689940125810556637e+00 1.766136706319900052e+00 1.478106459123160077e+00
1.931774190348584108e+00 1.740010941839628344e+00 1.782732104181724342e+00 2.051351847855741983e+00 2.098475725492995547e+00 2.357419845842008588e+00 1.858973507437801542e+00
2.266576583352990948e+00 2.164193763492161970e+00 2.291717944218897962e+00 2.401959431376338827e+00 2.521073075101362360e+00 -3.074791309628240210e+00 2.439778379721545321e+00
2.538016877337114785e+00 2.559629773955269805e+00 2.742312211242041720e+00 2.730058942051796667e+00 2.862148541543422908e+00 -1.605927303706485176e+00 -2.951985097889897158e+00
2.647660289594642169e+00 2.863526986421903953e+00 2.777397806519513956e+00 2.981570294955583122e+00 2.676672234184651611e+00 -2.129460294104188467e-01 -1.315282079531330806e-01
2.619442079114826516e+00 3.020955540624426394e+00 1.685879541650328717e+00 -3.109650814172185029e+00 2.028051806640823518e+00 6.061422729515105745e-01 5.388336101108440745e-01
2.659354899810823181e+00 3.004400957789818083e+00 1.876384807865105531e+00 -3.031502587729911546e+00 2.124926621220412759e+00 1.150381443283220007e+00 9.262655865653894871e-01
2.773742856790111677e+00 2.932656618503713286e+00 2.336951959899020270e+00 2.852375309068738041e+00 2.339825130336310899e+00 1.472906825198399661e+00 1.229923435361541140e+00
2.838581402161623579e+00 2.959042931010420929e+00 2.756859894746735318e+00 2.505456141494587285e+00 2.466020841993022295e+00 1.590282683648276185e+00 1.522603016612483984e+00
2.802240153619075969e+00 3.078022981281055781e+00 1.791668254994716047e+00 2.629204449986445979e+00 2.457409510515780049e+00 1.641439380490695488e+00 1.834655437853025539e+00
2.755801149565146879e+00 -3.051274590201910719e+00 1.479139558157951617e+00 2.890904891176829583e+00 2.467879480834095141e+00 1.826310398004742375e+00 2.171882727271583491e+00
2.841307679723229285e+00 -2.858828299564495801e+00 1.999389810054717387e+00 -3.091753716162114696e+00 2.633108541005734882e+00 2.154942200064042357e+00 2.522595503246346738e+00
3.063598052270891881e+00 -2.600738314386799033e+00 2.579089428801452311e+00 -2.786206088933731007e+00 2.900284833817375230e+00 2.567098688511665117e+00 2.889847250256368572e+00
-2.918658835900914461e+00 -2.292430619123754454e+00 3.114015985831305677e+00 -2.496548321515014379e+00 -3.074271327196357984e+00 3.022384459613939978e+00 -3.002134250125298109e+00
-2.604337943037805303e+00 -2.017158488993834986e+00 -2.810392258714345726e+00 -2.246621011727661710e+00 -2.741224523223513287e+00 -2.801013465182955908e+00 -2.609476225685023021e+00
-2.321673234634575866e+00 -1.863265357139429534e+00 -2.849772073144931195e+00 -2.065117585715249504e+00 -2.399486038850123570e+00 -2.386071167474226762e+00 -2.252157709705603583e+00
-2.094565239817583358e+00 -1.802018400308001755e+00 -2.906171874323949744e+00 -1.967164910348239815e+00 -2.120488892499754474e+00 -2.114663160801180553e+00 -2.004976088973605908e+00
-1.916763387682415942e+00 -1.690580624390597420e+00 -2.594079508915320798e+00 -1.930879974600069771e+00 -2.113722785201666898e+00 -2.244172242945041251e+00 -2.935149951818739389e+00
-1.765779649635186965e+00 -1.526755290237232332e+00 -2.149858106299298299e+00 -1.901328654842948218e+00 -2.480681532507296172e+00 -2.707079104127623648e+00 2.859260115875760899e+00
-1.604436765155013545e+00 -1.367709809868026705e+00 -1.730813740937479306e+00 -1.830315864455854813e+00 -2.529107182997577752e+00 -2.651562571822781322e+00 -3.011568626859150388e+00
-1.405402129663027244e+00 -1.192870267621413349e+00 -1.533767597330568444e+00 -1.681938445998184761e+00 -2.299117750423512074e+00 -2.334051865616897814e+00 -2.490963643548217643e+00
-1.168995119440011887e+00 -9.415909759752058017e-01 -1.763566641433653714e+00 -1.424461355254565298e+00 -1.974982719598096015e+00 -1.956656496369779452e+00 -1.938740278275119744e+00
-9.039711363713784920e-01 -5.863862727526171215e-01 -1.709800586023632052e+00 -1.066975122431500944e+00 -1.609221496742336388e+00 -1.603180408909288479e+00 -1.380750148865430127e+00
-6.167734465899532559e-01 -1.545868173817314672e-01 -1.307450184021305750e+00 -6.568791390445271050e-01 -1.216381528011582169e+00 -1.316932684022185329e+00 -8.427656109662873263e-01
-3.090023981924676644e-01 3.020833298654869159e-01 -8.004955392583988916e-01 -2.422417971994890173e-01 -8.052889158414159310e-01 -1.128478681778383841e+00 -3.480730523423717360e-01
2.379218783216966934e-02 7.376633347273540142e-01 -2.624798766841380804e-01 1.506189470472485969e-01 -3.878265033183395660e-01 -1.024499055827934546e+00 6.551619072180096814e-02
3.982518418419471184e-01 1.165730721947386916e+00 2.782866032932414524e-01 5.191681270848260699e-01 2.627177294582094119e-02 -8.815520482801737501e-01 -6.212626303562535091e-01
8.096532294292060339e-01 1.627053433267350302e+00 7.533686030753279361e-01 8.756206438527444069e-01 4.354526314206983439e-01 -6.170022511862660597e-01 -1.328139731000122392e+00
1.239414922728891311e+00 2.130023503373876359e+00 1.001185130653341915e+00 1.245409625520878638e+00 8.265639311952767132e-01 -2.589533623384398520e-01 -7.246472762165625525e-01
1.656610839941204949e+00 2.648754304656506520e+00 9.179365257524626509e-01 1.664264322175964983e+00 1.029800896528792808e+00 1.109380848939363895e-01 1.607714194452340706e-01
2.017544186729292921e+00 2.904862062676233148e+00 9.852746250681517770e-01 2.176742158197694010e+00 -7.516747576550373289e-01 3.810885564996139840e-01 1.537710632140897760e+00
2.254410354138954187e+00 9.773917485908459879e-01 1.349939647988758873e+00 2.838668065612052871e+00 -6.136727570157232137e-01 4.292275304105328537e-01 2.837995684580463251e+00
2.322877773400697787e+00 1.574530324807520643e+00 1.875461257823792360e+00 -2.638038906503004988e+00 -2.108941561390808295e-01 5.967895659813998721e-01 -2.592085868226277512e+00
2.370465841213412972e+00 2.265545163417091779e+00 2.459422061556736150e+00 -1.882238492176219191e+00 2.492021210518195751e-01 1.168724630203225701e+00 -1.942663304927783496e+00
2.559860197007812754e+00 2.960928668046084677e+00 3.023702347442425609e+00 -1.329330465874608347e+00 7.305726735663252702e-01 2.160102336889302421e+00 -1.460239703433280356e+00
2.910259052896023046e+00 -2.664139516609084435e+00 -2.763071836261867364e+00 -9.351775868502048006e-01 1.155452069476258892e+00 -2.930348352503902909e+00 -1.184624413856760539e+00
-2.938097450153973167e+00 -2.080741948048831169e+00 -2.349232498607887187e+00 -6.197358597959152782e-01 2.271304276201391026e-01 -2.002457149686355908e+00 -9.876344333320826729e-01
-2.480537948735020315e+00 -1.569493361257811914e+00 -1.987996032694390180e+00 -3.479088403370380056e-01 -3.464318781622049426e-01 -1.265017620925364517e+00 -6.142408651630890670e-01
-2.070374410219285366e+00 -1.147321451417861571e+00 -1.704918682702037724e+00 -1.295674359044360624e-01 1.469792821442227337e-01 -6.040834586460859246e-01 -5.385029174997416762e-02
-1.701316772699923430e+00 -8.340496197398260536e-01 -1.558863938121501036e+00 -2.558264314402487749e-02 7.669309200112073288e-01 -4.145461484860147282e-04 6.307421732307165740e-01
-1.330921182821807269e+00 -5.543558741881012830e-01 -1.356502227642925495e+00 -7.494977607774777617e-02 2.808727596760694389e+00 4.855601401109929660e-01 1.428826833218088455e+00
-9.284270662694210641e-01 -2.068744141770100520e-01 -9.573470728961236409e-01 -8.678369900958148031e-02 -1.573129081441045241e+00 -5.062899217079255276e-01 2.378028285987065171e+00
-5.037900746045170797e-01 1.956636748744133569e-01 -5.286424710225554602e-01 1.015788155223423528e-01 -9.427225242906035474e-01 -9.366585029756058223e-01 -2.792488494282644229e+00
-1.007325818608124784e-01 5.546586165171415450e-01 -3.325615137812888422e-01 4.210130485432477809e-01 -3.804046706057260807e-01 -5.273784235984874114e-01 -1.654398268816629658e+00
2.534245930690116611e-01 8.290416356246825824e-01 -2.396605736532498310e-01 7.767355183344488712e-01 1.345361059717814500e-01 -1.359133990692003857e-01 -6.503236300227214217e-01
5.519616173737549314e-01 1.091290026360697940e+00 1.998230722043095042e-01 1.113053104496449119e+00 5.970208037605733153e-01 1.760611957930274252e-01 1.877944112012620570e-01
8.584264887640437047e-01 1.428827128235277355e+00 8.588244862953092751e-01 1.423669127753250940e+00 1.014642707735625926e+00 5.016809267891551016e-01 8.534063907817142081e-01
1.212799342325758145e+00 1.821996683940050765e+00 1.589863784875050978e+00 1.731196757854144730e+00 1.399292407661540061e+00 9.083533858096368707e-01 1.339509898231627361e+00
1.597404359317749600e+00 2.238453646346679982e+00 2.325252665329537560e+00 2.046115788713163575e+00 1.736162126627425195e+00 1.370117640925035074e+00 1.702514526713032383e+00
1.962696496886795039e+00 2.675338283245573656e+00 3.023165747757520894e+00 2.359474859776625966e+00 1.980118138320830612e+00 1.833780202254756464e+00 2.039378423209120328e+00
2.279967051215177953e+00 3.128924932195657149e+00 -2.633052226949136543e+00 2.658204860048500429e+00 2.104226397070910082e+00 2.262976017054438849e+00 2.418513725511839851e+00
2.570161545995890418e+00 -2.680938899046695134e+00 -2.087344735442168364e+00 2.933272201317190131e+00 2.194451227565748397e+00 2.624232782937814701e+00 2.877150992292540455e+00
2.872593213305815407e+00 -2.196369271895296738e+00 -1.619919780790347374e+00 -3.089249394543254645e+00 2.387241512113903230e+00 2.847130215325830438e+00 -2.877956433909190981e+00
-3.056475250960436263e+00 -1.693549937831028807e+00 -1.228662247299409094e+00 -2.801984957411356003e+00 2.697755180610170278e+00 2.906396759300318156e+00 -2.313749214140245591e+00
-2.652930926642203868e+00 -1.184691061634447262e+00 -1.088974123049386789e+00 -2.452614863822641933e+00 3.080958336379500118e+00 3.006856994622649548e+00 -1.753585454736550142e+00
-2.207183146501027426e+00 -6.888150761056335281e-01 -1.744490758798206143e+00 -2.042193294764587552e+00 -2.772872378134568994e+00 -2.991043573775372888e+00 -1.276915716717532234e+00
-1.749794455821594763e+00 -2.101898731052530556e-01 -1.824034519791430720e+00 -1.596543857107584730e+00 -2.306113236055355564e+00 -2.630306490474748848e+00 -1.175243180839377066e+00
-1.311776256977263522e+00 1.819810046894722866e-01 -1.656883594195248000e+00 -1.155122713570367221e+00 -1.816455296272815101e+00 -2.298933334682419005e+00 -1.826502073942877002e+00
-9.361456273688303353e-01 2.592088439478330564e-01 -1.637250902335854352e+00 -7.703280613044812819e-01 -1.341688034130386731e+00 -2.015196167282543804e+00 -1.800377193142583820e+00
-6.668819055390506900e-01 -5.326124711350421065e-02 -1.476041632685169747e+00 -4.661914773124504752e-01 -9.501120292023051972e-01 -1.439048788526587686e+00 -1.444738968131110468e+00
-4.686425496435139837e-01 1.019532044223279699e-01 -1.093975050498866119e+00 -1.640445860326713856e-01 -6.867222218892988783e-01 -2.390258918452048409e-01 -1.010812930178617064e+00
-2.465370721062033477e-01 4.729072241549354683e-01 -6.482266195404337017e-01 2.105158218629609446e-01 -3.609384218642612274e-01 7.890916859450349818e-01 -6.069134689137256622e-01
5.893619825288921171e-02 8.757868228342202688e-01 -2.249144667585543933e-01 6.334302105248590387e-01 2.755302497421526220e-01 1.459119396940907754e+00 -3.875429981301299343e-01
4.046439524140060806e-01 1.259460018744913423e+00 1.565569002821065592e-01 1.064170115946379891e+00 1.169884824181223415e+00 1.945855743785812830e+00 -4.665639099161056347e-01
7.654847800147037695e-01 1.620517613860821937e+00 5.201108453312698332e-01 1.483393767352262582e+00 2.072358764096634776e+00 2.290339892115667464e+00 -4.560179110029565219e-01
1.103737678635459574e+00 1.931666312768121285e+00 8.723956879163943245e-01 1.899494577389823746e+00 2.830195787021878129e+00 2.525645435744823253e+00 -2.208348935802696700e-01
1.393548064805314679e+00 2.184443839640913154e+00 1.219642867596275826e+00 2.353750522010737090e+00 -2.843029284744334362e+00 2.750768529486506964e+00 -2.820590273841580911e-02
1.622455254720639228e+00 2.422232240118071811e+00 1.538590607130445376e+00 2.854710835006078806e+00 -2.419160808077100544e+00 3.027690769383888370e+00 -2.629851799277201918e-01
1.865398226513596880e+00 2.654236744467688869e+00 1.760898928365057348e+00 -2.928868724608929774e+00 -2.345260938738990664e+00 -2.977783231640723560e+00 -5.304296316693581925e-01
2.177562968559445533e+00 2.884355333708951363e+00 1.924528131036777223e+00 -2.457219939839227596e+00 -2.364398336993809746e+00 -2.697898514496650080e+00 -3.734951708036970963e-01
2.435460103064765569e+00 -3.140458145651270350e+00 2.206929619351581273e+00 -1.955395560602938065e+00 -2.024776985448145883e+00 -2.357615500794583596e+00 -6.479455774499333354e-02
2.146177825613833079e+00 -2.808252373968661786e+00 2.539001849504905373e+00 -1.356569659957375329e+00 -1.484330511435061561e+00 -1.928359838435242501e+00 3.187817652080977560e-01
1.600805817818336196e+00 -2.400874586063696636e+00 1.708476591069950867e+00 -6.614137186366462196e-01 -8.653766478783484484e-01 -1.440063322674947077e+00 7.658716882507367041e-01
1.800660965344449194e+00 -1.931241169514966494e+00 1.241783167559639578e+00 1.047699447036675585e-01 -2.306282296070100712e-01 -9.429977333389184535e-01 1.258684590175478624e+00
2.169111099393148390e+00 -1.457359359038865820e+00 1.685246104165796899e+00 9.251192477002233572e-01 3.575247749423311472e-01 -5.128752524302048199e-01 1.767040424690168754e+00
2.595679968854073927e+00 -1.111192335429581624e+00 2.199797351904820619e+00 1.793928540035800490e+00 8.050070091468051192e-01 -2.787471269199162105e-01 2.243427650290753750e+00
3.062054941518272955e+00 -1.189657994902338034e+00 2.718727303334097289e+00 2.730603818012340422e+00 9.926083884459944162e-01 -2.822469094517192079e-01 2.594100640397591917e+00
-2.582307389287660460e+00 -1.382326497108967045e+00 -3.050146391428894432e+00 -2.443427146800377425e+00 1.023489733276119473e+00 -2.277062582952787961e-01 2.640350673727049458e+00
-4.889262876781940159e-01 -1.141828180750836141e+00 -2.556024989733637121e+00 -1.000596608557611900e+00 1.173522117198606773e+00 4.806053203550535169e-03 2.496572419848778868e+00
7.746124513577150594e-01 -7.365539886270434655e-01 -2.115014855151153395e+00 7.297262889397897190e-02 1.404468975057960201e+00 3.100792623720426411e-01 2.603650434955220749e+00
1.362810933685498105e+00 -2.539190657935823103e-01 -2.010063412455198595e+00 6.207676009488654056e-01 1.630169101721291147e+00 6.628340552062017554e-01 2.867825226592874976e+00
1.873753538834774579e+00 3.075422097387796039e-01 -3.095079957657077774e+00 1.094727622242261722e+00 1.857523177976084572e+00 1.042069749031700576e+00 -3.100883309999364457e+00
2.356812706396945956e+00 1.448456940812348215e+00 -2.961730152982936293e+00 1.526558963855951356e+00 2.118308318956670711e+00 1.414092935024511277e+00 -2.754991496148857966e+00
2.820735432424581468e+00 -2.437999963222532429e+00 -2.544368236188197407e+00 1.157358409457867054e+00 2.374974302186051656e+00 1.635330429756179482e+00 -2.381954993012588950e+00
-3.062163178915118245e+00 -1.784484007714462139e+00 -2.111737308697105853e+00 9.406126056150486692e-01 2.516675158712057936e+00 1.551923706872803566e+00 -2.003129096188902114e+00
-2.751643857642266155e+00 -1.301223065235183940e+00 -1.711980720109030019e+00 1.776546906614380417e+00 2.543492895434456447e+00 1.852695380060414010e+00 -1.762796902207786065e+00
-2.600773902159979389e+00 -9.231957788403568621e-01 -1.429637995760979052e+00 2.916276212742002105e+00 2.709732836768841135e+00 2.924374090424098682e+00 -2.803140765650307120e+00
-2.459918003850721124e+00 -7.204977295072270138e-01 -1.455185471808424502e+00 -2.274850986640594819e+00 3.048392470222944350e+00 -1.883709626029823170e+00 -3.023327308575279648e+00
-2.212930222567982774e+00 -7.234634094581874342e-01 -1.719560263739858152e+00 -1.408370396809726310e+00 -2.839294968684657583e+00 -9.178545176885681833e-01 -2.655249129213284043e+00
-1.822698916247631473e+00 -8.012191113724754787e-01 -1.773911239654008432e+00 -7.282803193393097008e-01 -2.464492947744166607e+00 -2.289142476356764433e-01 -2.203993973149936281e+00
-1.356943148201106064e+00 -7.181770800907469887e-01 -1.756869988992533438e+00 -1.782379170181402628e-01 -2.127188299580312414e+00 3.185727006384953541e-01 -1.707903344943014989e+00
-8.610078380974077739e-01 -5.590091875495989404e-01 -1.707612348859590234e+00 2.801791624418017990e-01 -1.724047644936202106e+00 6.207147432791798591e-01 -1.170630114905230501e+00
-3.561643858258318751e-01 -3.262229896784654692e-01 -1.492568307069421785e+00 6.750168894180056389e-01 -1.159473520143775138e+00 6.360104823697476650e-01 -6.057083695615806951e-01
1.083416476502650494e-01 -1.902496162311511849e-02 -1.126542085823835304e+00 1.016525510635548413e+00 -5.088891302674558581e-01 7.139088649257770980e-01 -8.963464575863865080e-02
5.627046601254974689e-01 4.181097095405898467e-01 -6.850049557399485733e-01 1.303868489805474207e+00 1.214631882893845161e-01 1.068075130648187043e+00 -1.714686643207255778e-01
9.891407643472936995e-01 9.434998653409821801e-01 -2.176901842422507560e-01 1.541442787985227048e+00 6.899039317770294666e-01 1.522684270905441783e+00 -6.423946222337431067e-01
1.424153295657903273e+00 1.571182111462838815e+00 3.120737590401573835e-01 1.762944173026254502e+00 1.198452808934961977e+00 2.016085209458849725e+00 -9.535147308177646663e-02
1.867194460701594450e+00 2.300438095292174800e+00 1.818041047235749108e+00 2.028133239363265616e+00 1.676999411957752040e+00 2.546593645585247589e+00 6.489821394152306411e-01
2.317439005320424794e+00 3.110398051691741550e+00 -2.140301555448991699e+00 2.391000009824277850e+00 2.172659346602661135e+00 3.108039682026401795e+00 1.437047991770834310e+00
2.788933701208366589e+00 -2.311323715361119469e+00 -1.555133957359624564e+00 2.855684678695317391e+00 2.717364690987444487e+00 -2.486002467082103262e+00 2.231686962270758023e+00
-3.036197013309694270e+00 -1.519801528757486864e+00 -1.058087579993202798e+00 -2.893036897997957269e+00 -2.963926338591620357e+00 -1.759189557016847871e+00 3.036947654309416489e+00
-2.547056582584492190e+00 -8.464198030652801963e-01 -6.745713209088629592e-01 -2.296129676025666200e+00 -2.295744884495630966e+00 -1.027029264214953885e+00 -2.263661777019983390e+00
-2.176387816246732942e+00 -3.062333473824103702e-01 -4.593612564562278844e-01 -1.435693704504309665e+00 -1.493086269208174777e+00 -3.136024195190293962e-01 4.091326981554868070e-01
1.598554082615914806e+00 -3.529818543518323248e-02 -4.339960629796342229e-01 1.314467669688661466e+00 -1.962136443856261625e-01 2.759893346384589830e-01 1.435266659073046069e+00
1.982214731465932855e+00 9.622416500064126521e-02 -3.515794185531181393e-01 2.082849317684503099e+00 1.321991762479641785e+00 8.480712983557416873e-01 2.089542351205063930e+00
2.378513173507778244e+00 1.146938414166494141e-01 -1.875943242834819669e-01 2.612983604646835101e+00 2.066895317388858899e+00 1.137745880960689293e+00 2.636127150546649034e+00
2.650093430664091088e+00 3.863260936964231784e-01 6.273414573984766041e-02 3.029761662692858959e+00 2.541606859607532520e+00 1.035311842906277757e+00 3.057099485424214169e+00
2.964447082736553440e+00 6.321417771459022505e-01 3.168188738902043555e-01 -2.916963295752327934e+00 2.982334028061661702e+00 8.291310770940163444e-01 -3.058057168336653753e+00
2.969390516130026025e+00 1.217103879502639874e+00 8.161171938736586640e-01 -2.561345631547800927e+00 -2.775257364933399806e+00 1.288952241860903625e+00 -3.006128677230513802e+00
3.016955796113321320e+00 2.284090472968459906e+00 1.787737743777670030e+00 -2.079317950278903204e+00 -2.174392127331138624e+00 1.978916522947294920e+00 1.006684949734495627e+00
