1.506447293104513863e+00 1.624058034878535839e+00 1.653144998619192174e+00 1.583318197866058874e+00 1.583509859872397785e+00 -1.566624307628416979e+00 1.387461784812161980e+00
2.192949260655842281e+00 1.972375247862833803e+00 1.984981320408952365e+00 2.192681803986133993e+00 2.425627602710575648e+00 -1.593866891116826556e+00 1.752614377125846445e+00
2.708806262447803981e+00 2.336209866459582063e+00 2.330606311662712926e+00 2.693255291959342657e+00 3.063668329320478279e+00 -1.909347588897557957e+00 1.710326165274868471e+00
3.064267104697888655e+00 2.696523350461770718e+00 2.700739349958092728e+00 2.946792830476878233e+00 -3.013951924349814515e+00 -2.818075941097888393e+00 1.629011080517454024e+00
-2.891710521983820392e+00 3.074367324188584050e+00 3.096402953277272108e+00 -3.096833240058422199e+00 -3.021154305255987715e+00 -2.850092737437681212e+00 1.902338317445464222e+00
-2.675469315326916675e+00 -2.914167872895728539e+00 -2.807530905688316647e+00 -2.865067230310187618e+00 -2.927386787434473003e+00 -2.627293225255333375e+00 2.230917563607298426e+00
-2.517269960456919087e+00 -2.793769114724601099e+00 -2.517666235121061025e+00 -2.592133915859295534e+00 -2.627497652091042468e+00 -2.335149966548291989e+00 2.443761271743228214e+00
-2.650519994335494456e+00 -2.978112436242213779e+00 -2.540305304332265202e+00 -2.606965271703619358e+00 -2.610310041310181184e+00 -2.102947539131152510e+00 2.625659023596241148e+00
-2.876299264574007974e+00 -3.034112097957758714e+00 -2.994749244593834625e+00 -2.755566960214441252e+00 -2.822355115346344867e+00 -1.977499831821183607e+00 2.884237362111139458e+00
-2.801850424922658789e+00 -2.852970513821087906e+00 -3.002225080439535176e+00 -2.753399269464657628e+00 -2.820577961938309119e+00 -1.936929045534863558e+00 3.133982569304244237e+00
-2.514850295495405508e+00 -2.547318415915034162e+00 -2.685796655065519012e+00 -2.598315683818335220e+00 -2.612758958832435141e+00 -1.813945804963149611e+00 -2.916239210017346650e+00
-2.216012609395319188e+00 -2.241031023370786190e+00 -2.308557942942860208e+00 -2.407388053860755939e+00 -2.373479948167732889e+00 -1.581066137173570585e+00 -2.570797217481195496e+00
-1.930114140298209602e+00 -2.004329826263756331e+00 -2.032862817018430412e+00 -2.118119801466053609e+00 -2.060071817200344491e+00 -1.322341453532634103e+00 -2.125127515580281123e+00
-1.708399261597468799e+00 -1.950997049281056217e+00 -2.063209728047989522e+00 -1.852131376043628208e+00 -1.807139316390224737e+00 -1.123920199244565099e+00 -1.679164640090253569e+00
-1.625981629388919991e+00 -2.048831444912385003e+00 -2.244181792317417656e+00 -1.672348639744212440e+00 -1.746661420494063810e+00 -1.017723102274264768e+00 -1.312783382460120274e+00
-1.753460295186465068e+00 -2.032956366271162718e+00 -2.104457740930361087e+00 -1.587636946665170301e+00 -1.825439529777756364e+00 -1.008543154013604948e+00 -1.016119244532091237e+00
-1.819529024500414982e+00 -1.852157125189937359e+00 -1.779321646119446543e+00 -1.594984675593534407e+00 -1.862861188350376285e+00 -1.176203206649826694e+00 -6.733533664619476555e-01
-1.722518109427560562e+00 -1.644489651735886460e+00 -1.424675392951173514e+00 -1.615581543314863033e+00 -1.852193839854668456e+00 -1.300618879729515509e+00 -2.463607456459700473e-01
-1.551645555469808091e+00 -1.423387908068894703e+00 -1.077459301846698914e+00 -1.408734028511125613e+00 -1.637149971999915410e+00 -1.182738976846121393e+00 1.273296282395240120e-01
-1.280475928513795658e+00 -1.116342307698712455e+00 -7.040083510215878748e-01 -1.015106140865038808e+00 -1.254995673631382980e+00 -8.664573193146621888e-01 3.269104463962720364e-01
-8.321061622202972075e-01 -7.378419758282707130e-01 -3.031109775683148988e-01 -6.073231501212844607e-01 -8.426094684632350340e-01 -4.238726445027656275e-01 7.599341589263410857e-01
-2.522369888953132633e-02 -3.742544829636908488e-01 4.250069102101287910e-02 -3.059865513781873103e-01 -5.119451019629736033e-01 9.787091993169104442e-02 1.460345140979167677e+00
1.291540783242990820e+00 -1.365146075252473001e-01 1.781664153269211792e-01 -1.584269836479963445e-01 -2.950137270094276842e-01 6.377073997801202543e-01 2.186924323068641041e+00
2.118210548343673505e+00 3.422980290859031077e-02 1.670683156483968035e-01 1.764332206526176838e-01 1.103001087510979417e-01 1.163099596409442826e+00 2.741485794856743929e+00
2.459180638085116666e+00 3.135911686567847134e-01 3.757581365287778197e-01 6.882933436730187537e-01 7.161593098603670215e-01 1.673073093046493875e+00 2.925220068030072618e+00
2.731969237264809447e+00 7.079646297415055356e-01 7.600435109842577086e-01 1.277805616225953012e+00 1.425704822432532382e+00 2.230932318940525239e+00 3.061384555241191574e+00
3.080968152210742161e+00 1.118432226760768922e+00 1.186425080688088940e+00 1.808027874297266191e+00 2.095828267450662530e+00 2.884588488975240228e+00 -2.878627937888451616e+00
-2.870353601983939296e+00 1.502349558165088306e+00 1.588249763256769809e+00 2.307601987503068219e+00 2.679598080106684765e+00 -2.656575958373300850e+00 -2.481878357537020463e+00
-2.595255039929869945e+00 1.833480983649750318e+00 1.902682064161039799e+00 2.931514506193212632e+00 -3.036641247479593186e+00 -1.698065928349245191e+00 -1.952773840178052556e+00
-2.387877259091147231e+00 2.082860689960982281e+00 2.025822020380358079e+00 -2.642060424471318392e+00 -2.458387188667521261e+00 4.890796006934036017e-02 -1.155085834816313994e+00
-2.166468626642268802e+00 2.347617567822520179e+00 2.083211751503389664e+00 -1.835516973474685010e+00 -1.851161452826381337e+00 1.487899773025111116e+00 -8.275226664394721640e-03
-1.914375286182718794e+00 2.773839236777749129e+00 2.382676152367527500e+00 1.584720008093611021e+00 -1.283185932314782507e+00 2.387639960671099626e+00 1.362476995490771614e+00
-1.637539848866313763e+00 -2.944958671141546525e+00 2.838955570819992058e+00 2.591111724504974401e+00 -1.784285816187750839e+00 -3.070165950401572363e+00 2.508450772294113840e+00
-1.376151178632574634e+00 -2.401233948755209013e+00 -3.049900854691447893e+00 -3.077578748384589336e+00 -2.882765948782566312e+00 -2.223418114725608241e+00 -2.871637530590476661e+00
-1.211876654111742946e+00 -2.856854627328424989e+00 3.141228566798244692e+00 -2.542829738844041731e+00 -2.331788589033517045e+00 -1.300235908049495626e+00 -2.115959713327737912e+00
-1.242067923819120345e+00 2.828280727560326557e+00 2.926498694451124649e+00 -2.159670506176950777e+00 -1.755774045275002804e+00 -2.938145248176871616e-01 -1.485234083474074263e+00
-1.695578820708467660e+00 -2.953419811683323015e+00 -3.030010264200252657e+00 -2.121548852065032964e+00 -1.314014527546540245e+00 7.068687044748755977e-01 -1.003092976269660763e+00
-2.673391985272109306e+00 -2.450298684413545036e+00 -2.552402238275812696e+00 -2.968467140457001552e+00 2.891876911187755361e+00 1.602430669278566588e+00 -7.832702383555317782e-01
-2.744745358731237594e+00 -1.999219946267361880e+00 -2.006685267646701742e+00 -2.836525176880213550e+00 -2.931274612336498109e+00 2.399363679801203020e+00 -1.455187208082581840e+00
-2.493645773279379085e+00 -1.511694066888985999e+00 -1.370692499321306990e+00 -2.341816572042136446e+00 -2.414322855696036552e+00 -3.122346787507184640e+00 -1.613336447958214404e+00
-2.152916139481395152e+00 -9.156637539377537882e-01 -6.598113745939394592e-01 -1.702830116190180876e+00 -1.866121213437704318e+00 -2.352147573052822072e+00 -1.093024222586027383e+00
-1.868737860328298694e+00 -2.207742540370652429e-01 7.953256685247918345e-02 -9.834962671557662128e-01 -1.285350829796388705e+00 -1.568929117688484531e+00 -3.587893759168651053e-01
-1.912700427013784621e+00 5.380640948961677994e-01 8.006823110620441275e-01 -1.868741099383786075e-01 -6.781853202921758195e-01 -7.828531064534879347e-01 5.762168166210659415e-01
-2.241580213304991798e+00 1.334482254028808379e+00 1.457676811144207996e+00 9.961175920082988577e-01 -8.399595370404026179e-03 -1.359968481354288661e-02 1.767340568282719682e+00
-2.082351443957831005e+00 2.069557669140885903e+00 1.981600347783852412e+00 -2.961321224626582538e+00 3.021748550253307908e+00 7.223563079718671176e-01 2.815478919281500847e+00
-1.679338928344461301e+00 2.422816772517076167e+00 2.217787372674143498e+00 -2.307812420287170152e+00 -2.513418002181715849e+00 1.425639058611859467e+00 -2.788430653504653467e+00
-1.214458757645541676e+00 2.460763246169320073e+00 2.098232919038370170e+00 -1.994149304449825300e+00 -2.035362314223519320e+00 2.070685114378328695e+00 -2.210214520047006470e+00
-7.474002200394644913e-01 2.893033232714059544e+00 2.207523812597870005e+00 -1.572948702071762295e+00 -1.525322133032241068e+00 2.598046709040127134e+00 -1.629029024766422307e+00
-3.147702462556927205e-01 -2.790155631346380449e+00 2.608408248899070525e+00 -1.100119098989507327e+00 -9.796003903425274384e-01 2.930321167127890813e+00 -1.078636673526683243e+00
1.167555995529658344e-02 -2.155305814097416395e+00 3.133441182878674347e+00 -9.962774343025888601e-01 -4.663392977359627212e-01 3.081936165605123179e+00 -5.868369615738097123e-01
3.880293201269794604e-03 -1.489405420093642629e+00 -2.565593073094834420e+00 -1.604226057731684030e+00 -2.200651176765664463e-01 -3.054329552265221626e+00 -1.311319378876878994e-01
-2.543923174033604351e-01 -8.114444370937116124e-01 -1.975983940921406834e+00 -1.301417677847407139e+00 -8.778193201705595250e-01 -2.891490336037272346e+00 3.186930179473820290e-01
-1.135928967729289696e-01 -1.717964508061622930e-01 -1.880514854686413884e+00 -6.774404221273058191e-01 -8.774331847938092732e-01 -2.729566972223450794e+00 7.596174483098010466e-01
2.577420597731256979e-01 3.087446546053600471e-01 2.966109224671085620e+00 1.441418201803549293e-01 -4.200605468409377985e-01 -2.477467455708245669e+00 1.183879144113686666e+00
6.902678060124556314e-01 3.465926735821536764e-01 -2.763514403966696786e+00 1.423394347559118867e+00 6.969025096095395055e-02 -2.106871915112944915e+00 1.601643226139117138e+00
1.128991867462825427e+00 4.170802340014484466e-01 -2.155487276463918800e+00 -2.968273432877977847e+00 8.969149952661897851e-02 -1.695913804505614131e+00 1.984301704589422455e+00
1.524468985329274329e+00 9.616972282646822912e-01 -1.705513820518268275e+00 -1.853802192643499547e+00 -1.125167320320520803e+00 -1.321830135013247753e+00 1.769002770902436739e+00
1.794108076195994661e+00 1.726516504856954848e+00 -3.109960262355262905e+00 -1.034844051511843777e+00 -7.098192740781648080e-01 -1.013446967055644965e+00 7.418914789479799099e-01
1.794894500610097809e+00 2.577170463340180628e+00 -2.832039021114368005e+00 -3.070565158976754083e-01 -1.444989436906276847e-01 -7.542080906169504884e-01 1.154350509878620201e+00
1.557462671244537855e+00 -2.845147776809921591e+00 -2.203747332478569909e+00 3.857550409168990502e-01 4.376981527803067151e-01 -5.626723439676458716e-01 1.726210834050641685e+00
1.497611741403112262e+00 -2.033955734564911300e+00 -1.567677264767473710e+00 1.061437778049531211e+00 1.002425696108054431e+00 -5.190982179642058547e-01 2.317649805100191251e+00
1.678857950296425372e+00 -1.341810323115898429e+00 -1.013978482707093010e+00 1.828244835305641525e+00 1.554148108260041461e+00 -8.355187413779141536e-01 2.904579424291287459e+00
1.989478044520068600e+00 -8.288081760888209581e-01 -6.387076748121233161e-01 2.973193625401322926e+00 2.110149685049654167e+00 -1.606047213504792293e+00 -2.775747207668621819e+00
2.315820437621138428e+00 -4.466912141507673462e-01 -4.455465398553018486e-01 -2.005507076133644873e+00 2.675976452854874843e+00 -1.520391616183493610e+00 -2.126129664571029920e+00
2.340970866424770591e+00 -5.137038526065927646e-02 -1.906391768747217608e-01 -1.079422024813979863e+00 3.047678858093533893e+00 -1.130694342220559312e+00 -1.434987358275449321e+00
1.471901247026651038e+00 3.775621771876977451e-01 2.177695430305850166e-01 -3.454349649930081312e-01 8.756115240417857715e-01 -6.859841281590253192e-01 -8.062968095603952889e-01
1.579649601935974035e+00 7.097297360053566040e-01 6.766495862945242079e-01 2.710475485650425398e-01 1.375823668924815557e+00 -2.254896356472381735e-01 -1.011273388298421727e+00
1.990738996974068087e+00 7.157300923210994092e-01 1.047979838162772293e+00 8.326318102747394256e-01 1.795770420047583915e+00 3.110003903964113081e-01 -1.264339527210613490e+00
2.422519646502124147e+00 5.159664212174948084e-01 1.116601717512892833e+00 1.433186730075179716e+00 2.154161002007493497e+00 1.066357498225145584e+00 -7.559208467714694235e-01
2.819325566232008473e+00 6.107059656560509531e-01 8.702866543615345174e-01 2.175408713238613068e+00 2.569780916475066679e+00 2.528310482519303015e+00 -3.642864365532763049e-01
-3.096859568777512894e+00 8.737351276489139229e-01 8.211432108849672229e-01 -3.043464775930055488e+00 3.061270958996064273e+00 -2.301900954340036609e+00 1.195368080159602692e-02
-2.807548580576393338e+00 1.289158905733079896e+00 1.022453191071515999e+00 -6.834640172404451430e-01 -2.750461330170195229e+00 -1.514261977487885380e+00 5.531854418724919675e-01
-2.695976801835404224e+00 1.857097659566918635e+00 1.360299603635575894e+00 6.588019583085826802e-01 -2.383113874025440282e+00 -9.403172190387584228e-01 1.182710400430568409e+00
-2.601127545077358327e+00 2.511507724443631240e+00 1.424410077981598022e+00 1.496697467799890768e+00 -2.039581817344729764e+00 -4.779037395834003776e-01 1.806632365103530979e+00
-2.046665535747533848e+00 2.974380314854462082e+00 5.566428723701088987e-01 1.929535769255602773e+00 -1.440549596713842861e+00 -6.324927733796543994e-02 2.337933720574984164e+00
-4.367791843261762397e-01 1.139736932909013900e+00 8.319768304821095750e-01 8.368664741311883093e-01 -5.102558073601486388e-01 3.716931457621837076e-01 2.709217669085114188e+00
9.873672717113841646e-01 1.761196990943416862e+00 1.341234293622919571e+00 1.128085469599202639e+00 5.527585769380232161e-01 8.414745601166584432e-01 3.050141816881300372e+00
1.755163894737159724e+00 2.330204333993021848e+00 1.829468830638942833e+00 1.600892886702447671e+00 1.426834102179893371e+00 1.319512491114854580e+00 -2.739652561230103256e+00
2.362942696348487637e+00 2.654998993244725991e+00 2.272163489879718057e+00 2.021810880832517032e+00 2.053374591765732227e+00 1.769860745437260130e+00 -2.139060742718586816e+00
2.884426350075046663e+00 2.750024599113391588e+00 2.719609270507100440e+00 2.430188194462945983e+00 2.547386288040989655e+00 2.169521154591811385e+00 -1.528991595273349491e+00
-2.928279505626428136e+00 3.008933641365358902e+00 -3.073927948384056474e+00 2.866780882407794273e+00 3.016339725067638700e+00 2.511664687396676143e+00 -9.866887635429605341e-01
-2.479780021466086115e+00 -2.813308931853217398e+00 -2.541162920116551760e+00 -2.951481238077705793e+00 -2.799596448249377367e+00 2.804283920701060140e+00 -5.829083204552435449e-01
-2.027378708157502540e+00 -2.238290045340287637e+00 -1.970987173753365962e+00 -2.417062566325519413e+00 -2.329803766821591626e+00 3.095193243226142865e+00 -2.563247209296370954e-01
-1.575828867396863897e+00 -1.587750895536748086e+00 -1.365346403857407465e+00 -1.814750572218629010e+00 -1.898023189643260222e+00 -2.836813574222326828e+00 6.630060837505326043e-01
-1.177066277737836009e+00 -8.767177671071063605e-01 -7.321661916423365390e-01 -1.198958359832976051e+00 -1.678720161614261741e+00 -2.407196078315354981e+00 2.206968180553620318e+00
-9.914480191931418496e-01 -9.383107982240143641e-02 -7.352872257408092915e-01 -2.973676619501827822e+00 -1.936849275539856530e+00 -1.918906601744523099e+00 -3.047142272561733201e+00
-1.110840759773341402e+00 1.149414600436963863e+00 -2.540124689995621132e+00 3.077543643831495590e+00 -1.993065314544440136e+00 -1.373703872365439560e+00 -2.285115570963005549e+00
-9.782975671722184963e-01 -2.457774195158211494e+00 -1.932857434279754649e+00 -2.978357925517289395e+00 -2.063024431768662570e+00 -7.285871714446938707e-01 -2.046568698387595475e+00
-3.713133459244342682e-01 -1.620696371837196947e+00 -1.375156951097549651e+00 -2.611926096446477441e+00 -2.408375834976856034e+00 1.755205014391593987e-01 -2.450154115165714241e+00
2.921890114237347902e+00 -9.231517002554345819e-01 -8.529828948382208731e-01 -2.101139385433088425e+00 -2.218199260331509048e+00 1.647235094120212073e+00 -2.004563069711649881e+00
-2.897207953769104005e+00 -2.330870780076938209e-01 -3.348128681517318350e-01 -1.596259224012778422e+00 -1.808723653344139981e+00 2.936677417622504560e+00 -1.373722512995729339e+00
-2.482134115037917699e+00 4.560130888475190103e-01 6.568964801807752885e-02 -1.258446626684554204e+00 -1.391031840117333607e+00 -2.463892993619690497e+00 -7.949924436488626789e-01
-2.068597093008181176e+00 9.669303887867666258e-01 -8.655045233928101434e-01 -1.127691191869730991e+00 -1.002758962657891884e+00 -1.711323284783286436e+00 -3.872401460259167205e-01
-1.640404118716743076e+00 -7.974560688289011878e-01 -7.905924241322379586e-01 -9.643927879464796460e-01 -6.580638020960192236e-01 -9.852050111574021107e-01 -1.678272158264179914e-01
-1.237897383329336298e+00 -2.347963093053533068e-01 -1.576683029988084905e-01 -6.655904392973124306e-01 -4.020538973986254039e-01 -2.166856144569470899e-01 1.185363786976409844e-01
-1.040123183705633059e+00 4.227509929255806043e-01 5.336512061794518313e-01 -2.321104012963584595e-01 -1.787406484696887343e-01 6.084827745134819832e-01 5.903264389479868646e-01
-1.366150292980844672e+00 1.036823178394213674e+00 1.202921121221467438e+00 3.472455334740610633e-01 1.698229779468364287e-01 1.438103567094849211e+00 1.184504244059963574e+00
-1.508972283957922267e+00 1.574737965968171505e+00 1.801257025944265733e+00 1.092580197788243224e+00 6.715341728998229787e-01 2.213176678181238977e+00 1.868953418138318057e+00
-1.386350225903281386e+00 1.967007090998515562e+00 2.267256383315015889e+00 2.072768064652311892e+00 1.247990727907231534e+00 2.901259572509718776e+00 2.631624813471146407e+00
-1.258732688154831081e+00 1.491453155056743585e+00 2.514301596705566855e+00 -2.747607378566670366e+00 1.638300144852049112e+00 -2.793495743417711008e+00 -2.838910299936976855e+00
-9.847459567325838048e-01 9.861443620762370132e-01 2.628792515974388788e+00 -1.238156841404067565e+00 -3.707429478999793582e-01 -2.323600623498171647e+00 -2.045179745675428151e+00
-5.069840046228670793e-01 1.392383395421294745e+00 2.998588453343450144e+00 -2.675067652564070420e-01 2.275787287300163886e-01 -2.026691638247620109e+00 -1.576308477349106729e+00
1.145793436241161756e-01 1.816884585734851898e+00 -2.514562178763897649e+00 2.741045566906818998e-01 8.462002779779088657e-01 -1.884982123367576978e+00 -2.089723412869802122e+00
1.044386710296014042e+00 1.886665842547095240e+00 -1.041366114239768770e+00 1.686007711523793695e-01 1.408960438172203178e+00 -1.667431457425467167e+00 -1.547828370555829336e+00
-2.794651615560107327e+00 1.721345838164932696e+00 4.983579733562840119e-01 2.497536415990753433e-01 1.740741827285371413e+00 -1.253342532942778975e+00 -6.929596312414941783e-01
-1.841574549372301695e+00 2.007207841374178514e+00 1.452248752418444644e+00 7.238302339762892057e-01 2.063164536857973741e-01 -6.857027772339290284e-01 1.893578010361480768e-01
-1.229620579498399646e+00 2.475560850039104643e+00 2.212698030984751707e+00 1.267691421810324570e+00 2.355655653200683097e-01 1.238638835376215490e-02 1.029391880548805593e+00
-6.958314601406015987e-01 2.944064819606854844e+00 2.876736784530625535e+00 1.818724580570003191e+00 6.324702950738547713e-01 9.469857193661808115e-01 1.803033184398997069e+00
-2.281099885233979774e-01 -2.896716797359787154e+00 -2.805585202065655093e+00 2.432368723796569210e+00 1.056001036814579797e+00 2.718789332250931334e+00 2.508768520741695429e+00
1.282689384300957358e-01 -2.417249205112410149e+00 -2.227713138179921781e+00 -2.960743444909632593e+00 1.404183317129771069e+00 -1.954962686312788023e+00 3.137309128783576817e+00
3.504001304379892323e-01 -1.866300995549470931e+00 -1.676734647478880014e+00 -9.919341831905439388e-01 1.602344367492678945e+00 -9.553112693112889575e-01 -2.730554724792352062e+00
5.828331731046930697e-01 -1.319262526994769313e+00 -1.516353230980226563e+00 3.470599372138971073e-01 1.808573948742779658e+00 -4.417351659573435368e-02 -3.049588115088741169e+00
9.104993662555228573e-01 -1.227731816987055025e+00 -2.467310147996387037e+00 1.140474864442701408e+00 2.189764531140512283e+00 8.977848355356849996e-01 -2.970679749839461703e+00
1.200971077747639004e+00 -2.008955250334016007e+00 -2.038284852205269004e+00 1.764253599179147036e+00 2.654568051919617311e+00 -1.385573373355706295e+00 -2.359373699164838190e+00
1.194349039867719453e+00 -1.575283462737327556e+00 -1.400640740410348029e+00 2.224334263050100180e+00 3.011893046286429065e+00 -1.568492139142056152e-01 -1.627816232275717034e+00
1.097371941340602675e+00 -9.309029736826027746e-01 -7.856896372012009966e-01 2.469951072559720462e+00 2.832362041689355348e+00 1.155972811324280647e+00 -8.718645737871006940e-01
1.342405905365940288e+00 -2.872856315324694987e-01 -2.984552496028110569e-01 2.398681749012238740e+00 2.515332924799821068e+00 2.427550449831004542e+00 -9.972549302940728055e-02
1.740610427061635157e+00 2.809701221945504201e-01 2.988960758116695690e-02 2.261026547533854458e+00 2.742977480153443004e+00 -2.763194225289194339e+00 8.110750471912735460e-01
2.155347673939342013e+00 8.058293202658211030e-01 4.004402488499163582e-01 2.479257127240781955e+00 3.122973249779707139e+00 -1.814179710475533280e+00 1.928193204980312769e+00
2.518418749748532637e+00 1.434831506957392033e+00 9.393399832205073796e-01 2.866132196279509881e+00 -2.787648031819828898e+00 -9.595092330639397593e-01 2.893345065653128767e+00
2.733507635620570309e+00 2.141556357453880732e+00 1.586466154128824080e+00 -3.014680994269771208e+00 -2.568657003359864355e+00 -1.585594218744627304e-01 -2.629094203478787417e+00
2.739218307701837940e+00 2.832405320626615097e+00 2.308172440900406741e+00 -2.645262644302432520e+00 -2.615649785481378498e+00 6.352433326521623735e-01 -2.024273724511803874e+00
2.830880685382440642e+00 -2.766536280241196799e+00 3.105387774527661904e+00 -2.304726508865214463e+00 -2.562422225324217706e+00 1.449968223016287139e+00 -1.576565076995342096e+00
3.127125348053535259e+00 -2.063982764215243737e+00 -2.351302214177235061e+00 -2.016470209988253437e+00 -2.288899797747016684e+00 2.258276194286309213e+00 -1.250579422772787996e+00
-2.787630130523356620e+00 -1.337904682530985712e+00 -1.560884124070275325e+00 -1.800180565769533336e+00 -1.969792522367072918e+00 2.997729800012283619e+00 -9.623787309925004863e-01
-2.411592321324408150e+00 -5.536415440363072760e-01 -8.186473564635309286e-01 -1.578118252628162521e+00 -1.681066330287483312e+00 -2.609600283273759480e+00 -6.574676868622929549e-01
-2.015908929483344547e+00 4.171896509216399540e-01 -8.483068574920597793e-02 -1.285852790869334017e+00 -1.395642609779508936e+00 -1.933968182230129118e+00 -3.057343674321128524e-01
-1.595927385729165815e+00 1.652487023561046708e+00 6.915302663979668862e-01 -9.469868123322695563e-01 -1.056086155083096223e+00 -1.253974663984902538e+00 1.102128016412154826e-01
-1.187197201374795119e+00 2.824087374641062631e+00 1.563951569178767320e+00 -5.561155166117374149e-01 -6.362268194201924354e-01 -6.207571250208041569e-01 5.749621601396073256e-01
-8.189175926455900534e-01 -2.495655864052944484e+00 2.767272344337803336e+00 -7.458339518552487002e-02 -1.437972978437975780e-01 -1.018770388621838829e-01 1.054746442847672050e+00
-4.071284149514408091e-01 -1.667468985724209540e+00 -1.269750303422009230e+00 5.111063213714404085e-01 4.005449530123830759e-01 3.073173248609439301e-01 1.538602218372675301e+00
3.485849837400276652e-01 -9.534900751625925430e-01 -7.347876759557846194e-02 1.308552610640727476e+00 9.915310723479650035e-01 7.646212908675159570e-01 2.071994761861649881e+00
2.333055380673912715e+00 -3.606578206717919177e-01 6.201452136473423193e-01 -2.710379283218184554e+00 1.729599821398871473e+00 1.350770144980690590e+00 2.725048560079796900e+00
-2.756450880305291840e+00 1.619349564677298736e-01 1.053129156329396077e+00 -1.599593089911845567e+00 -1.753708448469439851e+00 2.004399827855586125e+00 -2.739830019768040081e+00
-2.042161139742349807e+00 7.348192136787501383e-01 1.422983099619046232e+00 -1.014849281235393752e+00 -8.059972751052562057e-01 2.566090165481315744e+00 -1.741750703149124613e+00
-1.479078380951200256e+00 1.412979888423849584e+00 1.916804672042214275e+00 -4.718585965945306104e-01 -1.865360131856151626e-01 1.048465290972425690e+00 -6.712483305921038701e-01
-1.066393018881942378e+00 2.172959416551215828e+00 2.477367960138745939e+00 7.742260538970763273e-02 3.800153399994662951e-01 1.357255781411894624e+00 2.618622023921546860e-01
-7.738649399593183764e-01 2.972346622620977374e+00 2.961871426106483352e+00 5.871999102822085259e-01 8.591366079653108834e-01 1.993824765588003256e+00 9.968437830980234615e-01
-4.663217803119351079e-01 -2.531171698642508794e+00 -3.084018825901917449e+00 9.387242418082835105e-01 1.113230710800748646e+00 2.638392894520354748e+00 1.544913015180357174e+00
-1.076226182274931387e-01 -1.836091047267562004e+00 -2.872132613713126226e+00 9.357060310251061885e-01 1.057686356886337053e+00 -3.016633833618101335e+00 1.788481091742513573e+00
9.813845416272795608e-02 -1.203751020611961264e+00 -2.278575730945555211e+00 8.016340920995592700e-01 1.071563635654225743e+00 -2.346242685610276713e+00 1.049814797135830702e+00
-2.360101583002972847e-01 -5.215114223571336582e-01 -1.364270319323369840e+00 9.909975509837213314e-01 1.234538527192776458e+00 -1.539866837221407492e+00 9.095892101926568163e-01
-2.026524265155495164e-01 2.625060791478156519e-01 -1.791050436844739135e-01 1.310703424868257860e+00 1.287706849358309258e+00 -6.533868826293791621e-01 1.310131927798859675e+00
2.565253798277551400e-01 1.132837033133710758e+00 1.101961098074583534e+00 1.501038459415250159e+00 1.043372286518622571e+00 2.024415269816240981e-01 1.767168197275775565e+00
8.075186559147956578e-01 2.056005697712916191e+00 2.200427255389365566e+00 1.541583410999741943e+00 1.080577023081222166e+00 9.871839573756684416e-01 2.160658580055878186e+00
1.338028331741458743e+00 2.973540057677243276e+00 3.099882458288464981e+00 1.798332800446029056e+00 1.469679612904785104e+00 1.693036574886599421e+00 2.493552657222969593e+00
1.783537166996743029e+00 -2.475324148730693175e+00 -2.417346129518912701e+00 2.242000017650508603e+00 1.970873511580990556e+00 2.323928853283192542e+00 2.832657590802826864e+00
2.050742169774655732e+00 -1.767604807598331496e+00 -1.747603067613334948e+00 2.724731429113099068e+00 2.474488724977896847e+00 2.896144137484019776e+00 -3.113678862003527392e+00
1.987206439035148930e+00 -1.187000103834849440e+00 -1.164507578503643170e+00 -3.074830645489703418e+00 2.945816937651184020e+00 -2.849934998181753443e+00 -2.807447936786780396e+00
1.873481477099169679e+00 -7.127308682479213120e-01 -6.754123635390630875e-01 -2.551644317874206980e+00 -2.868105232774732727e+00 -2.282782085723711329e+00 -2.455773624341564876e+00
1.889760641588461798e+00 -2.812009923395191180e-01 -2.632721987363436100e-01 -1.967577937114378450e+00 -2.353686557077713015e+00 -1.606606414556470019e+00 -1.997806971961095579e+00
1.498834932162186773e+00 1.839688804348788009e-01 1.479101803109637292e-01 -1.349442416942997047e+00 -1.787700469097365685e+00 -8.490593215547798112e-01 -1.478976423664633222e+00
1.438383431701162563e+00 6.959837630263422392e-01 6.197608531436800128e-01 -7.359967057409716462e-01 -1.193006646388872438e+00 -8.568424139463831635e-02 -9.806275916117445091e-01
1.841564398828129390e+00 1.226598144113943745e+00 1.150451962115870641e+00 -1.310171622105412159e-01 -5.851936693862789252e-01 6.302901878348500242e-01 -5.847302869804876790e-01
2.337842049398301203e+00 1.759435796376598971e+00 1.722727437471605949e+00 5.489870402172027930e-01 5.692700012876608651e-02 1.264829258283003632e+00 -2.976289296721600364e-01
2.802366011628910414e+00 2.304368322074473507e+00 2.335649362615035418e+00 1.433081804938551862e+00 8.050530374287354629e-01 1.795303554922450973e+00 3.299753235366681414e-02
-3.091626985849686093e+00 2.873957981090084157e+00 3.002191123652778515e+00 2.512589813351371770e+00 1.743853651566935614e+00 2.218540005284654892e+00 4.600882687966904028e-01
-2.768682372774940781e+00 -2.834467269477167317e+00 -2.519854161813929405e+00 -2.718270708603961250e+00 2.816486480955129768e+00 2.548279261148466368e+00 7.153656681173143905e-01
-2.503656729524408764e+00 -2.399404867931872687e+00 -8.728864378494014531e-01 -1.826907852249138875e+00 -2.485596349328094590e+00 2.784838264123456142e+00 -5.392359596817954959e-01
-2.318568661879369053e+00 2.341086667963498513e+00 1.483507052843439977e+00 -1.089687967638260924e+00 -1.669794859107437413e+00 2.944964730435824407e+00 -5.118580950617195313e-01
-2.168537488408770031e+00 2.448687017384157727e+00 2.225401126123180084e+00 -4.351215831852062732e-01 -9.603954470225867235e-01 3.128122922378782533e+00 -1.911106476521927666e-01
-1.948757405809228072e+00 2.836511538468475369e+00 2.816874194009968413e+00 3.554599714664690158e-01 -2.612314732046047139e-01 -2.904082593685223923e+00 2.576133756686137533e-01
-1.705801845687266116e+00 -3.070988756406761055e+00 -2.920317756928083597e+00 1.766020323823830562e+00 5.859782019502280948e-01 -2.675384485701788773e+00 8.980101340638121377e-01
-1.588072285669061223e+00 -2.644011923290538579e+00 -2.319681643769964552e+00 -2.894769754320730470e+00 2.098072182610907888e+00 -2.556054820148880857e+00 1.901570895749273404e+00
-1.539677403680961731e+00 -2.136816266091093208e+00 -1.425782077822165261e+00 -1.877425019188398769e+00 -2.431456918941492074e+00 -2.441357510008308918e+00 -1.892442044427744552e+00
-1.310346462272268031e+00 -1.642529179017094831e+00 1.175632453774188235e+00 -1.095142121998200935e+00 -1.478433225591409883e+00 -2.215043076905117925e+00 -7.915696734513801847e-01
-9.553298707274525681e-01 2.294385058186212856e+00 2.121130982976897172e+00 -5.035551611040608444e-01 -7.795348809433342296e-01 -1.960957299687571931e+00 -1.327205598197191694e-01
-6.128371529170806298e-01 2.809036425261426384e+00 2.708076742836132755e+00 -2.153214868407874738e-01 -2.852087157186167787e-01 -1.766705327890006672e+00 2.178579342857717704e-01
-3.001733698497144331e-01 -3.011083060136315215e+00 3.137429422655285460e+00 -6.240863787019238634e-02 2.077845591069167955e-02 -1.575188952219847227e+00 2.825681227067969870e-01
1.056149607839695637e-01 -2.643965663525384535e+00 -2.821068265697554978e+00 3.564968622914318486e-01 3.762234345645727451e-01 -1.325523620445257622e+00 5.682263155093316698e-01
6.889502377543795797e-01 -2.287709588691996920e+00 -2.472591439559697513e+00 9.753914964496539497e-01 9.013274748511626022e-01 -1.149755447969863287e+00 1.101782402350625523e+00
1.504567491938441970e+00 -1.845404025322646913e+00 -2.034691344266166269e+00 1.687441659999272758e+00 1.531690773555673069e+00 -1.200783098097548685e+00 1.742078427352882430e+00
2.818176377816144829e+00 -1.328990271600156703e+00 -1.543030917087696352e+00 2.455510206911308835e+00 2.232235994409345725e+00 -1.163659742995516222e+00 2.444471289749833076e+00
-2.075071377174068310e+00 -7.926425681641898757e-01 -1.055670003588753625e+00 -3.016763639714735046e+00 3.004704527034091299e+00 -9.260427767005398048e-01 -3.066959647720043591e+00
-1.205757861890916161e+00 -2.839315844674451528e-01 -6.241315727717218209e-01 -2.177174883779870562e+00 -2.430436438794360665e+00 -6.698693465543872350e-01 -2.166949753624565655e+00
-5.109535130727546060e-01 1.532815508281206718e-01 -2.788500336622006803e-01 -1.326006863337884756e+00 -1.509270035908987007e+00 -4.308654171030597002e-01 -9.305421390807895321e-01
1.385481783340831996e-01 4.656522290272570030e-01 1.891288000800290386e-02 -4.803230112620083259e-01 -5.128470492642595024e-01 -1.414673021466607006e-01 7.471211739821488340e-01
7.606126150645963202e-01 6.448764783853637717e-01 3.685140186917404415e-01 3.592161165371373088e-01 6.222099882232891011e-01 1.984909981837725823e-01 2.042439136886954110e+00
1.343376999878883149e+00 8.551818423528928514e-01 7.968545785120864089e-01 1.449552351817563922e+00 2.180346436276352939e+00 5.231074809416866866e-01 3.054313345155828863e+00
1.844985655954967330e+00 1.198273218393692385e+00 1.243671432915488761e+00 -1.588629296312980665e+00 -2.407118380415842918e+00 7.481104120737455121e-01 -2.300093783189885777e+00
2.046679794885744474e+00 1.600628737745271035e+00 1.631297930577518152e+00 -8.212895849031626172e-01 -1.303636613378384768e+00 8.775323744089241762e-01 -1.403372545424059537e+00
9.625898074188002917e-01 1.976185431392484926e+00 1.937503188228896445e+00 -1.509284157300285201e-01 -4.676477096058158089e-01 1.050169984834500303e+00 -5.316086644884699952e-01
9.443221624279961590e-01 2.294044291630424670e+00 2.246250895043516493e+00 4.848179604250316688e-01 2.477071702188747560e-01 1.288566303000149071e+00 3.046627354740977789e-01
1.285052857512444913e+00 2.579588507279034548e+00 2.614441319357299509e+00 1.076436629723028560e+00 8.797271854735775332e-01 1.544134946467135672e+00 1.085775481773093576e+00
1.662916874779231113e+00 2.865526516929147061e+00 2.999299580897515138e+00 1.612777060177775112e+00 1.446164926796990269e+00 1.852464366488512981e+00 1.797056896867442521e+00
2.071929379753949529e+00 -3.091716321381425825e+00 -2.920556217146115685e+00 2.118576669095703302e+00 1.976101760735776480e+00 2.253591121018363896e+00 2.449581706393848091e+00
2.552100350054139266e+00 -2.692571084542081383e+00 -2.551382038674347541e+00 2.648660282948266165e+00 2.512763853936720526e+00 2.734102193201332742e+00 3.085018720231374356e+00
3.119570421596863596e+00 -2.245520232917729064e+00 -2.143563106088013370e+00 -3.050490127936218432e+00 3.088584655376162669e+00 -3.003317261249970116e+00 -2.540698000720459149e+00
-2.519730020307936247e+00 -1.856400082329323631e+00 -1.706243614962084099e+00 -2.410663066681871136e+00 -2.561053583951079293e+00 -2.385221107561773746e+00 -1.847763387841759641e+00
-1.797381805172554303e+00 -1.741250994086881221e+00 -1.250830328952213133e+00 -1.684250497506912136e+00 -1.823690749580590520e+00 -1.652351121556070002e+00 -1.111685851278467974e+00
-9.494615156262516953e-01 -1.953797097670687766e+00 -7.811958309240591980e-01 -7.553319222698503532e-01 -8.406821297519760927e-01 -5.932705305806920126e-01 -2.965757332606100971e-01
2.057843777034727428e-01 -1.916862394763243271e+00 -3.559379759639821339e-01 5.833764361785698238e-01 5.459741961124859877e-01 1.312670487290303667e+00 6.823971154708625697e-01
1.754456914639717979e+00 -1.639843415389673265e+00 -3.861473180383110382e-01 1.865896501289328713e+00 1.723240850644913280e+00 2.570707907532554071e+00 1.827220563493725303e+00
2.977664241762224329e+00 -1.260100174981085841e+00 -1.308561200431337390e+00 2.766549169607762870e+00 2.545530222244587470e+00 -2.863427693480617542e+00 2.869405452544439683e+00
-2.337353074819586762e+00 -8.252749855252043965e-01 -1.090489154770418523e+00 -2.759524555216824382e+00 -3.048605940474839571e+00 -2.117356132607905117e+00 -2.555255342471892455e+00
-1.392125273058016921e+00 -3.524865294285045580e-01 -6.118214467731341033e-01 -2.035483349021426580e+00 -2.400621923104615529e+00 -1.410040009457883992e+00 -1.791543177253742902e+00
-4.374545057432883688e-01 1.524989678237768653e-01 -5.165767181561986554e-02 -1.328161261028115714e+00 -1.769183170148594497e+00 -7.103354014516607418e-01 -1.081444983429845852e+00
4.549338172044946615e-01 6.683748843008174845e-01 5.390381047059105146e-01 -6.514311272850387136e-01 -1.153890059357117748e+00 -1.263525855746759630e-02 -4.463152500016352442e-01
1.246664961760906465e+00 1.157650873562796612e+00 1.116316033084029824e+00 -1.138777124780224886e-02 -5.583278393791766270e-01 6.620885930608594316e-01 1.380946691500876088e-02
1.939056182469934830e+00 1.585476786010716621e+00 1.648281888779957738e+00 6.171116045807738537e-01 2.731400828617143450e-02 1.279325755957115618e+00 1.590061603316013372e-01
2.546171456126989696e+00 1.967918969155896036e+00 2.131783871372813000e+00 1.278161534949568967e+00 6.459566340224536241e-01 1.810221223620482434e+00 2.804171945282098455e-01
3.086688476776228818e+00 2.365569662755470759e+00 2.585300084217769800e+00 1.961760506512077118e+00 1.432528563935602461e+00 2.254831180627294263e+00 5.729725248732704390e-01
-2.707778590176736166e+00 2.801426067129499931e+00 3.021321384826735734e+00 2.576515024122190578e+00 -2.104105736291705941e+00 2.663160806765771493e+00 6.706387921509593397e-01
-2.271934244953445869e+00 -3.029994427106418975e+00 -2.829638047709265969e+00 2.894870154621806080e+00 -1.051647208624417962e+00 3.084398664144587521e+00 6.735183332400349610e-01
-1.946346299668210600e+00 -2.589022354741699949e+00 -2.369012008465122054e+00 2.948068714966916914e+00 -5.462352764293741947e-01 -2.786532540022346183e+00 1.336696880962636280e+00
-1.807461195429948209e+00 -2.163961398248711365e+00 -1.857470845966433970e+00 -2.889997081914511323e+00 -6.928827944114587245e-01 -2.464313244319654039e+00 -2.578062498339916075e+00
-1.758353778034877468e+00 -1.770663823998663178e+00 -1.311786450394140324e+00 -2.210696112257763968e+00 -8.980416846451347856e-01 -2.326248540320927205e+00 -1.372518287885520216e+00
-1.590789583152271813e+00 -1.466211695055372077e+00 -8.187834629562408262e-01 -1.449289902966815369e+00 -5.544803807038449772e-01 -2.275674162303667813e+00 -6.087674843457755447e-01
-1.290734903290272406e+00 -1.272657350396232179e+00 -1.057896059041422143e+00 -6.365063940518629337e-01 -7.903374775113890249e-02 -2.046757324329393057e+00 7.111553145464384607e-02
-8.885861876944080029e-01 -1.035416550323557727e+00 -1.945250657126729843e+00 2.554967403858415809e-01 4.131562336096601395e-01 -1.611744763631192789e+00 7.111376589868674269e-01
-4.119964579181428777e-01 -6.798619473234758237e-01 -1.632688722020224859e+00 1.296598746476134822e+00 8.975487713866082684e-01 -1.064017006099505114e+00 1.325279493442982348e+00
9.378799884279931387e-02 -3.130747466153064873e-01 -1.319573583300328812e+00 2.216293119841609371e+00 1.356719163173838005e+00 -4.953693144070870913e-01 1.913158536080685534e+00
5.854030346960339415e-01 -7.464005028317589885e-02 -1.151535392135161207e+00 2.273162444595314025e+00 1.792541208524444096e+00 -3.926596342492754549e-02 2.459037506583449328e+00
1.014491555336352491e+00 -1.222293786332771665e-01 -1.021330616128753421e+00 2.752508854955049156e+00 2.210464288439865310e+00 -1.118057980229587717e-01 2.922620747923173390e+00
1.327024171811532316e+00 -3.728759664592165013e-01 -7.702290163334462036e-01 -2.949959782219071958e+00 2.583050341376541770e+00 -5.137310720366945471e-01 -3.063951306513005068e+00
1.393735276687709135e+00 -3.964801919714447953e-01 -4.075648376398071648e-01 -2.621507589721357778e+00 2.871146517458913028e+00 -3.850835795733102418e-01 -2.949515883707690023e+00
1.090403026290077682e+00 -1.712202660270858989e-01 -5.980892216090365025e-03 -2.507921325768760923e+00 3.139639076077693325e+00 -3.506764774071601809e-01 -2.683013755189202154e+00
9.056598726394505805e-01 1.267617253341111472e-01 3.480025264701834264e-01 -2.061931889333567192e+00 -2.721991325415207275e+00 -4.297574204859755942e-01 -2.107458160602949881e+00
1.003210416240084335e+00 3.581547016214812751e-01 5.342331738622985160e-01 -1.398147846455078280e+00 -2.114207745531680782e+00 -1.801983298729351590e-01 -1.307658822270150178e+00
1.224807962500204628e+00 4.636518427774087847e-01 5.770405604711515979e-01 -6.564941390611338523e-01 -1.192526023124841128e+00 2.526198275554918382e-01 -3.874399562986135526e-01
1.518245054856600440e+00 6.263696446949398311e-01 7.887995820999955665e-01 1.028553558946579821e-01 1.632928618475606219e+00 6.924236553342213440e-01 5.119275770652594870e-01
1.807235379438964840e+00 9.646473231532320947e-01 1.193760359367892265e+00 8.036554660149540785e-01 2.699965512077021845e+00 9.194727220242642218e-01 1.229941269622096156e+00
2.002248127991679283e+00 1.420800097178269716e+00 1.666306831108098185e+00 1.338571469616754994e+00 -2.832286515975559027e+00 4.916538006247317405e-01 1.579634176342953999e+00
2.162064723642747044e+00 1.930318716674002566e+00 2.099365912582776605e+00 1.779412501442495520e+00 2.171066506950046548e+00 3.942945052637646941e-01 1.748989691938061197e+00
2.480905431555582741e+00 2.449726047240718962e+00 2.012001641544007402e+00 2.551510688527807158e+00 1.993691496626387227e+00 7.568387619332783700e-01 2.180446354156486688e+00
3.010960687596748730e+00 2.877418600174882268e+00 7.490671666929499262e-01 -2.880378083318098970e+00 2.663021712082641823e+00 1.242493515347742550e+00 2.763615253522103909e+00
-2.570865890478421623e+00 1.123385352914593849e+00 1.038105777967564203e+00 -2.102202813904826773e+00 -2.949745809343857772e+00 1.832429145570184881e+00 -2.898998376812136790e+00
-1.722081719148206513e+00 1.175585179688299231e+00 1.385411473174777752e+00 -1.373818927636190512e+00 -2.283199170521833743e+00 2.591995108377774137e+00 -2.291816772422276660e+00
-7.908943843164361054e-01 1.415607385608360413e+00 1.364580886458212516e+00 -6.976261393674398903e-01 -1.622014249521219975e+00 -2.632665975822893856e+00 -1.739266168539920887e+00
1.189175774617466652e-01 1.379189946640546394e+00 1.098877558043505731e+00 -8.520124349778893103e-02 -9.682329509561158343e-01 -1.236555228293723552e+00 -1.287894930663315396e+00
9.440795023690002896e-01 1.415124740105399237e+00 1.374364819132166904e+00 4.643904982099189005e-01 -3.445962881638890973e-01 -1.159404416626991507e-01 -9.723697811627907139e-01
1.670897703296947423e+00 1.721891115900696878e+00 1.869844592683624240e+00 9.281585154311924324e-01 1.804423372977451978e-01 6.249965220587422321e-01 -7.182249918102450170e-01
2.299168255401365712e+00 2.101013152002924489e+00 2.392506386717997202e+00 1.256778991012889701e+00 5.115061429723838371e-01 1.117479244181854625e+00 -3.334292225519789321e-01
2.778772816474406770e+00 2.395234727968808652e+00 2.845832855654861770e+00 1.429031088735788213e+00 7.285873693733382339e-01 1.370698734137420605e+00 2.279365292836706691e-01
2.883505817693142959e+00 2.499289968770761039e+00 3.123158418063679331e+00 1.600303713807955441e+00 1.158744691771019131e+00 1.528794844220274785e+00 8.978342286372823500e-01
2.646329447569086835e+00 2.487212405691551442e+00 3.066481241562947879e+00 1.862092717890950100e+00 1.814631855235330882e+00 1.829830395811102184e+00 1.613787043731592208e+00
2.820455823941263596e+00 2.561809285808445580e+00 2.834216158922445050e+00 2.193489771063914073e+00 2.673474130836493323e+00 2.208413839356416553e+00 2.310876920769394438e+00
-3.045985979922931630e+00 2.797000604623297360e+00 2.924771393323161384e+00 2.580513944641092294e+00 -2.431556281684386089e+00 2.474473117728158478e+00 1.268986399765011264e+00
-2.594300902757383565e+00 3.137363602516280991e+00 -3.028657453232595387e+00 2.930760305734620985e+00 -1.085836164689181427e+00 2.504486994621759166e+00 1.034111200636335992e+00
-2.208519320484336745e+00 -2.767199816724106309e+00 -2.607909221373895026e+00 3.092698986314150744e+00 3.687121245994979315e-05 2.470232965386929713e+00 1.850016359717483239e+00
-2.107008761550372533e+00 -2.411541074276734253e+00 -2.161066271966579411e+00 3.026611871528073650e+00 8.817414963940444217e-01 2.423702558829496034e+00 2.804427690933531725e+00
-2.552217471371029500e+00 -2.128260791038099509e+00 -1.728079523334624445e+00 2.936830681633605611e+00 1.649389045234635809e+00 2.462469015049566501e+00 -2.345671885674371904e+00
-2.647432386622331713e+00 -1.997423149598386516e+00 -1.413919132762190056e+00 2.847864799087690635e+00 2.404730921917511477e+00 2.731851546587288571e+00 -1.110561686458273023e+00
-2.331581213647134554e+00 -1.979057476136369065e+00 -1.693929434567441161e+00 3.079409991135516833e+00 -2.942644656869605413e+00 -3.136071991538798009e+00 -1.022603588756979959e-01
-1.876805895758950182e+00 -1.827829872437262582e+00 -2.213152986232379771e+00 -2.830965132280467422e+00 -1.609671139652834704e+00 -2.664463155677097461e+00 6.458311475686506764e-01
-1.362493889368077582e+00 -1.542536016534838739e+00 -2.184889380655469004e+00 -2.610787968349754351e+00 -2.349699751737639730e-01 -2.178203615785549108e+00 1.282331432885966738e+00
-8.287409230550691897e-01 -1.313457588634339146e+00 -2.372194747792545577e+00 -3.029833926308608039e+00 7.574401811233171244e-01 -1.731038403174670615e+00 1.884627624177854344e+00
-3.076422165542203047e-01 -1.335279738490730228e+00 -2.505831001176277439e+00 2.981692811762670647e+00 1.536090315810768159e+00 -1.431526460933213452e+00 2.472419258435403666e+00
1.436580690288257189e-01 -1.403178305936513048e+00 -2.254272810953229289e+00 -3.060575082310283079e+00 2.277778586303888630e+00 -1.524253080806367455e+00 3.067866246185674051e+00
-1.673072012942877496e-01 -1.201809120005627562e+00 -1.857144996495220024e+00 -2.561164500173142677e+00 3.071186360490089307e+00 -1.905264783069111623e+00 -2.589304927317289007e+00
-1.001321707619496904e+00 -8.184543617470743104e-01 -1.423216740593907570e+00 -1.949084644710065817e+00 -2.376423321971147473e+00 -1.853055723253065556e+00 -1.937881045043438721e+00
-5.605198801290600663e-01 -3.517848994558610554e-01 -9.835079554004598767e-01 -1.290136720498302303e+00 -1.519766832760274688e+00 -1.504883517215020117e+00 -1.299366153902697940e+00
3.236936694676566945e-02 1.537793636130704578e-01 -5.519977143009316967e-01 -6.276214892709945925e-01 -6.764442431527089017e-01 -1.072118638512811417e+00 -7.505357131794688774e-01
6.409483803536073498e-01 5.972129037103771632e-01 -1.618493546265152017e-01 1.574745992826249302e-02 1.338956703330644593e-01 -7.493800671125726565e-01 -4.703642166975692263e-01
1.235439023251035051e+00 -1.837105259330060469e-01 1.184509711877293481e-01 7.424168017716792356e-01 9.429728042490164164e-01 -8.615883514053468417e-01 -6.050768141264506461e-01
1.803837370413982066e+00 -6.743865959895988249e-01 3.065888030752992877e-01 2.515732044943407075e+00 1.845657771479745968e+00 -1.018756231484297281e+00 -5.338597413184489326e-01
2.547363782602400928e+00 -5.757852565814323281e-02 6.191463633975836656e-01 -2.361228161593051489e+00 3.082740208774280788e+00 -7.290024133059638256e-01 -2.288661247052471148e-01
-8.545444556756186527e-01 7.638715111455152140e-01 1.149287059031763869e+00 -1.718586749904297273e+00 -2.015861464805890346e+00 -3.016714244885080887e-01 4.468009305404275350e-02
-2.719127704219338471e-01 1.839504764710925944e+00 1.843793322614301067e+00 -1.156031155666835009e+00 -1.253561019075660310e+00 1.270988524929778374e-01 1.736175183578698433e-01
1.821592830371013827e-01 2.968953008122940496e+00 2.609648125309103062e+00 -6.215676174368233164e-01 -6.479474646129621540e-01 4.746082033138575573e-01 2.804403646430382313e-01
6.602922713920098552e-01 -2.413542094486556433e+00 -2.929280818964702604e+00 -1.142830464036046073e-01 -7.589276212467627181e-02 6.341808908430993652e-01 5.381295691389091918e-01
1.173304469837656017e+00 -1.707864723706748800e+00 -2.269081617304938181e+00 3.205020739486652004e-01 4.543624433608711710e-01 5.149810350803316616e-01 9.273724111227721334e-01
1.741167335833844643e+00 -1.189004547075187546e+00 -1.740552717515376990e+00 6.416159571268474915e-01 9.022337884802331676e-01 4.624651343531188119e-01 1.356031542212173591e+00
2.399905234239523732e+00 -9.306056059149004911e-01 -1.370996758766954260e+00 7.542464368166447164e-01 1.121011608922691360e+00 6.170008000975749640e-01 1.713761396418894689e+00
-2.931163604360556896e+00 -9.520593242367441089e-01 -1.112627095703011770e+00 7.671088327904269644e-01 1.118784653037645072e+00 8.433439883157812789e-01 1.859310282042305973e+00
-1.463415838145316838e+00 -8.593936213203650087e-01 -8.505171230673144178e-01 7.657891766888307306e-01 1.193161949613309458e+00 1.026899815792154946e+00 1.677214415904962230e+00
-5.237586774709868109e-01 -4.422409140977769382e-01 -4.887443643465468335e-01 7.991138398489631145e-01 1.309781608269472208e+00 1.077270994268973769e+00 1.394054814516554108e+00
1.163614488830762572e-01 1.591005437397521316e-01 1.021974086884618743e-02 9.780463591380694766e-01 1.273567090999047968e+00 1.078571194848537251e+00 1.566113449366000498e+00
7.150328437588593378e-01 8.736644056020872462e-01 6.490005007360142297e-01 1.342776389613915544e+00 1.324703928071539805e+00 1.259317088066374657e+00 2.057337715478904094e+00
1.307313565418505297e+00 1.671039918537968960e+00 1.489567440738148951e+00 1.805172774855600570e+00 1.625186841647281444e+00 1.566021732226006158e+00 2.662926874790654264e+00
1.915483957436151297e+00 2.554859875281226600e+00 2.655314335278146753e+00 2.350482009218661350e+00 2.085126059166900081e+00 1.854941910927234705e+00 -3.000926244284992439e+00
2.567964128686954783e+00 -2.809473471046122217e+00 -2.567242018082551702e+00 3.021305601994250800e+00 2.655524615156821255e+00 2.000069679887917395e+00 -2.440149858404285332e+00
-2.947210062706412614e+00 -1.982407427463613647e+00 -1.855949659569083421e+00 -2.483616345364636491e+00 -2.957317643042644217e+00 1.992814470644604263e+00 -1.989865857820439121e+00
-1.850893088158830579e+00 -1.258353841208212698e+00 -1.279375918643865351e+00 -1.632574145819586375e+00 -2.099093926762883644e+00 1.987040237580150137e+00 -1.590314142914346585e+00
-6.030749195781232030e-01 -6.066364788165393707e-01 -7.426181119486735538e-01 -8.434059124885346925e-01 -1.079855397947977025e+00 1.975767599026930776e+00 -1.084841493470480422e+00
2.488531235558293087e-01 -2.186627227569065343e-02 -2.291436509238188868e-01 -1.708021838658028146e-01 -1.573209789774280554e-01 1.998417302031342935e+00 -4.541302269020061622e-01
8.793870240948079564e-01 5.108734767232642193e-01 2.543513759202966074e-01 4.491595532119567191e-01 5.955300911668407471e-01 2.167820293723432101e+00 2.363327299030734407e-01
1.419274861410533051e+00 9.952033440071668124e-01 6.906598397163220548e-01 1.026028493817205067e+00 1.230580538107294730e+00 2.440010071711770756e+00 9.443267362954643751e-01
1.928024633093126772e+00 1.461726197755572443e+00 9.686510670570315229e-01 1.601000033138846979e+00 1.813619831234312363e+00 2.728622482944080829e+00 1.654764741349741497e+00
2.414830021396471516e+00 1.663900620070226877e+00 3.432396561700517545e-01 2.175700374045943519e+00 2.363438890700473749e+00 3.020138108555431522e+00 2.377620225557766087e+00
2.857214098491026810e+00 -3.285471908547975550e-01 -7.885029485046571307e-02 2.741702548077055823e+00 2.878067450512512337e+00 -2.971566580080093889e+00 -3.123806948651259408e+00
-3.011623406781706702e+00 7.012148954327324102e-02 2.615914240008693770e-01 -2.913194293333952078e+00 -2.886247333005476978e+00 -2.666632097652317679e+00 -2.101273565316472691e+00
-2.664474783731759722e+00 5.326951466092368914e-01 7.048927800817280653e-01 -2.167843152566209408e+00 -2.397435249078474495e+00 -2.369697620480210265e+00 -4.838719987919498644e-01
-2.308477187073692871e+00 9.165638869284086221e-01 1.117601185983600809e+00 4.381153600438886242e-02 -1.857419664308737062e+00 -2.086960915922911219e+00 4.869219144662665366e-01
-1.959723747870357302e+00 1.226122028482522275e+00 1.383462998754175111e+00 1.018624973460664052e+00 -1.110684786464106510e+00 -1.887144763420111504e+00 7.877031018874244284e-01
8.572317928787683838e-01 1.443243089685179115e+00 1.458847449464956814e+00 1.331893972158720185e+00 6.176716931206858163e-01 -1.768051075952872475e+00 9.658878410678134463e-01
