1.494500466536146766e+00 -2.784801510434637084e+00 -3.141568138315852021e+00 -1.579988694961554030e+00 -1.493246539741038825e+00 -1.570252619398309291e+00 -1.576224101378284725e+00
2.035372407347045165e+00 -2.951575101350123020e+00 3.041659929095285708e+00 -8.053051544416611751e-01 -8.089715124275322911e-01 -1.047477013818419289e+00 -1.028035461856368071e+00
2.440536714878834612e+00 2.353462656136101394e+00 3.009870214919204034e+00 1.636396119249014514e-02 -2.088389311685425742e-01 -5.480806262335228274e-01 -4.873763158797768114e-01
2.722025215601185266e+00 2.655340939491072305e+00 -3.101101131522979060e+00 5.788040434036053616e-01 -1.012674445386914923e-01 -2.740476921835834356e-01 -1.463962840020027467e-01
3.067726325999695192e+00 3.009939364209657686e+00 -2.858982170892764518e+00 1.086403066525186034e+00 1.909167034238956617e-01 1.618770058241039353e-02 2.426006810890272702e-01
-2.937531170754168031e+00 -2.840567615251496481e+00 -2.498785049282485904e+00 1.089239355184811409e+00 7.195032705547317331e-01 2.485358591516509674e-01 5.490454875536416868e-01
-2.743152307496030673e+00 -2.571928241345327937e+00 -2.603929190845897690e+00 1.436694581427065742e+00 1.428800660758119623e+00 6.913895240778518136e-01 1.032437411969497898e+00
-2.768210104739154520e+00 -2.475933656018788120e+00 3.125632678432861855e+00 2.152285670873826717e+00 2.185958467863819088e+00 1.167859814978146726e+00 1.608017406976051555e+00
-2.707277702394426999e+00 -2.479032876316987988e+00 -2.988905822403626455e+00 2.946368038973358416e+00 2.950471674513678533e+00 1.728249856370317472e+00 2.418408399035537837e+00
-2.481522362504522849e+00 -2.250645376855761715e+00 -2.522273157417428191e+00 -2.442834307813536387e+00 -2.554568650749447389e+00 -7.675471188196613115e-01 -2.089961401112025108e+00
-2.137310594469032043e+00 -1.916479382892711802e+00 -2.030339867553682343e+00 -1.689827605234069496e+00 -1.877437994549049805e+00 -7.010814679949677053e-02 -6.028624589991357086e-01
-1.802788476618121694e+00 -1.587831689225324361e+00 -1.582284931846426490e+00 -1.185870827481896095e+00 -1.509271969908831279e+00 5.337907213376276161e-01 1.461178552232356154e-01
-1.505589147533919370e+00 -1.395959657415019706e+00 -1.329568076202741311e+00 -1.940816029199177395e+00 -1.743748583109191008e+00 1.125451189828648779e+00 7.764589840614657401e-01
-1.213464517191796155e+00 -1.397314431743262420e+00 -1.444343896569223906e+00 -1.811912377994107093e+00 -1.427026215105147378e+00 1.275163369389840096e+00 4.059480955776969408e-02
-8.592931216463595145e-01 -1.414176223082056705e+00 -1.585645996165037763e+00 -1.278063599640353099e+00 -7.582577685781674015e-01 1.106507007331124226e-01 -1.468460836239519340e-01
1.120668596341995782e+00 -1.339409936838119597e+00 -1.550242204586752992e+00 -8.703549456126148387e-01 -3.258296202425486204e-02 2.111153448838845870e-01 2.050254446312352041e-01
-3.137920061142593919e+00 -1.262372211717763815e+00 -1.576174451793576736e+00 -1.036315006212450651e+00 7.145809390662305471e-01 5.542604920665293866e-01 6.943292447158139202e-01
-2.614155341888450224e+00 -1.276179300428416763e+00 -1.656563051036773704e+00 -1.243914117092701055e+00 -1.198557915430645160e+00 7.342397331938295135e-01 5.876705114186553391e-01
-2.058755301589685338e+00 -1.227238447154694434e+00 -1.498367362091955757e+00 -7.722085570830395929e-01 -5.483673351063315105e-01 9.332739204556419477e-01 5.097402132849785522e-02
-1.494750870606048831e+00 -1.027460181792638538e+00 -1.151535050570388519e+00 -1.736001530637058532e-01 2.538247746419035611e-01 1.221047616653430978e+00 3.140116304679965720e-01
-8.961705770340058219e-01 -7.467729129531758270e-01 -7.713891946893662865e-01 5.056070306412630000e-01 1.108452423573470957e+00 1.656943679500358924e+00 9.080856508594774557e-01
6.855871721999295954e-02 -5.150767169899244102e-01 -5.395462349747879305e-01 1.135798419671473436e+00 2.007361740268445605e+00 2.201891184962702752e+00 1.526128404724654830e+00
-3.125206762703855112e+00 -3.968934981555623520e-01 -6.582654568247040539e-01 -1.278153981913654258e+00 -3.089272686543873103e+00 2.954479381647308944e+00 2.252428070752324096e+00
-2.497148095674702528e+00 -3.847922080595344019e-01 -8.547790322106022520e-01 -6.925757889701166237e-01 -1.129370640987576113e+00 -4.517373275973283753e-01 -7.092849322445938798e-01
-1.932279735452852698e+00 -3.032054867617571259e-01 -6.748935917404340623e-01 -1.082918465628912169e-01 1.188571718971042322e-02 3.264948626718511826e-01 -7.682532915386298955e-02
-1.423175716333561880e+00 -1.232706607125632348e-01 -3.443214970268809183e-01 3.995333338424599257e-01 7.338501540506204845e-01 8.354258483824522630e-01 3.937272151017972011e-01
-9.497601451227277725e-01 1.394380356043812552e-01 3.627287266867151860e-02 8.577770886822430052e-01 1.296050008369579398e+00 1.267860368520732806e+00 8.516401548060019699e-01
-4.484343123823640309e-01 4.442793289656565836e-01 4.290145865924038793e-01 1.248579997941190234e+00 1.682359400031590235e+00 1.625901103647890533e+00 1.305383213434736289e+00
1.234228332705904901e-01 7.913993195885634657e-01 8.553618985232457339e-01 1.643111719341577404e+00 1.975981470961501563e+00 2.003013862538737033e+00 1.820566213053119720e+00
7.929451092570339865e-01 1.161840452589715245e+00 1.305352824495090713e+00 2.091818191976477781e+00 2.357634151803190026e+00 2.460214392489926460e+00 2.408501063344888227e+00
1.473284959566569130e+00 1.545122085289188929e+00 1.754388361863092216e+00 2.557793750902314311e+00 2.813486539360461780e+00 2.930944644618523220e+00 3.025183631397192929e+00
2.105749295865871673e+00 1.938319056940464247e+00 2.162504511049525124e+00 2.949301403871139371e+00 -3.052015777322701684e+00 -2.992411496887216860e+00 -2.679415963300181058e+00
2.667897644700267801e+00 2.354298462533054082e+00 2.519838960058413235e+00 -3.122884186945229512e+00 -2.770201287299327131e+00 -2.928250748131321135e+00 -2.312381020819919364e+00
-3.114267094577484407e+00 2.800682751059038633e+00 2.874968864254570988e+00 -2.891495409548858753e+00 -2.523953821037262735e+00 -2.779972196754316283e+00 -2.273399135499647006e+00
-2.631947174510979703e+00 -3.028362864078406158e+00 -3.036315104755473282e+00 -2.483245296753017417e+00 -2.161479183494849909e+00 -2.351448882981773458e+00 -2.127917488527236944e+00
-2.160950837810040603e+00 -2.596926251118377493e+00 -2.645033215232445833e+00 -1.936185487572508857e+00 -1.679901375717071765e+00 -1.782090404739318901e+00 -1.712258088415470780e+00
-1.701308507379842849e+00 -2.259358212986008585e+00 -2.239291061026480900e+00 -1.326540081283096084e+00 -1.129010451809864035e+00 -1.167951067511640906e+00 -1.203973795455274720e+00
-1.272585134451580835e+00 -2.080474702458854352e+00 -1.800188402638246421e+00 -6.775918749795584173e-01 -5.328560657443101034e-01 -5.439054473928228717e-01 -6.749260133412051665e-01
-9.015750867806534563e-01 -1.967613244280744578e+00 -1.357864491013646813e+00 2.718521897095757534e-02 1.082739564025000101e-01 7.331695844456925792e-02 -1.402350211817003645e-01
-6.141665013180549471e-01 -1.696788697420521519e+00 -1.034925370222860685e+00 7.893532781072536419e-01 7.966862989632315095e-01 6.170570508147020794e-01 3.016589413850122581e-01
-3.981708232099170908e-01 -1.292774896301418286e+00 -1.526692576229131015e+00 1.692387787488444539e+00 1.650031685491949007e+00 1.008442280231424792e+00 4.026569703791926802e-01
-1.216591628474121417e-01 -1.882841872412115203e+00 -2.116704379672024405e+00 2.699042961443123279e+00 -1.149464902035977509e+00 1.180253865094037513e+00 1.698942455114298977e-01
2.949173809876852181e-01 2.758453239319690553e+00 -1.988526984560387012e+00 1.855456723521487827e+00 -3.458577958060082835e-01 1.444754876134292987e+00 5.278456994058243756e-01
8.560796811140705120e-01 3.122487924976627305e+00 -2.221955901110879150e+00 2.384829459617115788e+00 3.625289352267302423e-01 1.934134809929745069e+00 1.096217682829016882e+00
1.519998395545028247e+00 -2.840022263398838565e+00 -2.514096216355709235e+00 -3.093629928308263555e+00 9.931667601502163212e-01 2.533028607961762990e+00 1.671531521954302990e+00
2.265619600829055447e+00 -2.499148268884986646e+00 -2.202596142062705376e+00 -2.300955439245211398e+00 1.340480868875589371e+00 -3.103683074250950469e+00 1.967302706520183353e+00
3.043113625620624152e+00 -2.151261853271314362e+00 -1.759740143300409176e+00 -1.615089196340709021e+00 8.349812575401799331e-01 -2.489693465776864123e+00 1.524690681998130515e+00
-2.608662168208808918e+00 -1.791859061412734988e+00 -1.343260794424980364e+00 -1.030613917309156191e+00 8.763570815880249443e-01 -1.853062347957242784e+00 1.622214272022253656e+00
-2.145649780788565941e+00 -1.410904526526266300e+00 -9.757245171992591226e-01 -5.531851812366064269e-01 1.372516825206981483e+00 -8.084623850197092398e-01 2.087078766912109806e+00
-1.679360840641489050e+00 -9.852470020002044304e-01 -5.863994739719832205e-01 -4.564176653781426007e-01 1.951424789040594465e+00 1.870529856157068016e+00 2.648866197154019275e+00
-1.108685602330318876e+00 -4.844828563444063541e-01 -5.946642783839274637e-02 -4.812556956111641582e-01 2.517968003932930632e+00 2.404031961235968851e+00 2.906018168017740599e+00
-4.673196787992902612e-01 1.424128007057479939e-01 6.882186337475040272e-01 8.254508685002771851e-02 2.987528477227877399e+00 2.856733034124560699e+00 2.423871133945319833e+00
1.837549292732185424e-01 1.152112448435022696e+00 1.762466761360787393e+00 3.065988775437930247e+00 2.976147801736105158e+00 -2.947168927325617194e+00 2.610430935670958963e+00
8.098848429270677496e-01 2.750653235636928429e+00 2.951027022910633235e+00 -2.096218874281890798e+00 1.266111752288913816e+00 -2.358271009459045331e+00 -5.327298949551835250e-01
1.304818946543603086e+00 -2.427420390506690673e+00 -2.277684251483339306e+00 -1.196820271721391604e+00 1.272799487935494023e+00 -1.741297362161881468e+00 7.116683848636102816e-01
1.752161151259738370e+00 -1.597807000019320522e+00 -1.264165169966231739e+00 -3.092753722709790654e-01 1.694398626858170998e+00 -1.120040615033919718e+00 1.419725207012179080e+00
2.378545845461171204e+00 -7.141962012384927005e-01 -1.169178156146547104e-01 5.988298327172467683e-01 2.260445245089178101e+00 -5.114172918227878339e-01 2.050050158162390002e+00
3.128314769341860480e+00 6.837086371231971826e-01 1.342665410717354790e+00 1.387452819206328902e+00 2.880941716202041647e+00 8.673500527859215325e-02 2.542694060384790511e+00
-2.358381901405728787e+00 2.185815372566753290e+00 2.707034411596136447e+00 1.847342770112917476e+00 -2.774325739580147498e+00 8.525653774071433322e-01 2.869019543807348693e+00
-1.560653939477909091e+00 3.082148288093691679e+00 -2.559054498233849895e+00 2.030788502673892548e+00 -2.127087719232777285e+00 1.840703142310209817e+00 -2.995510591707272852e+00
-7.728864374251844804e-01 -2.477127610990085937e+00 -1.697586944712597301e+00 1.908921429677929327e+00 -1.411259159939404428e+00 2.944076193716603562e+00 -2.408058126664781806e+00
-8.711314538095718540e-03 -1.796452071170546727e+00 -8.653175125548737689e-01 9.949742526927827235e-01 -5.183335089037502952e-01 -2.222442293473320785e+00 -1.703079461213967916e+00
7.137855978860916384e-01 -1.148645564729045665e+00 2.513816268197490225e-02 1.584717200053166408e+00 7.413847193505490596e-01 -1.063260423972011814e+00 -9.488906629139501892e-01
1.413883471263006175e+00 -5.333546475298824863e-01 1.048791199815895414e+00 2.299270522962611807e+00 2.106357605634588737e+00 4.004349234837887295e-01 2.168302257974986103e-01
2.114860641307128919e+00 7.813802787718032716e-02 2.143590686475139506e+00 3.001036567248193343e+00 3.086177015778965416e+00 1.950637898393146275e+00 -3.039721172681189465e+00
2.818624843252152345e+00 -2.643032448186497518e+00 3.082768142804011458e+00 -2.602996973831309013e+00 -2.450541706472981307e+00 3.003684967316256671e+00 -2.363615250569929938e+00
-2.780283538943916000e+00 -2.030377414920675694e+00 -2.430916572361272010e+00 -1.975289357581336391e+00 -1.839229422792429292e+00 -2.496116728437955956e+00 -1.769556836904629282e+00
-2.160561559402421672e+00 -1.522242615520559506e+00 -1.753299682421261885e+00 -1.425905665052970228e+00 -1.365514157647508275e+00 -1.838365997505083227e+00 -1.204946439668883817e+00
-1.639311091454793923e+00 -1.111561498263818226e+00 -1.159137502355539695e+00 -1.037939354778929735e+00 -1.104176867553646746e+00 -1.306907350271440560e+00 -7.214002277413321673e-01
-1.236131091962369588e+00 -8.937723894944717973e-01 -7.051443346590131611e-01 -8.868088722323635986e-01 -1.008345331108782661e+00 -8.988307515686830840e-01 -4.389991495882969996e-01
-9.159867084163113571e-01 -8.926869083169353125e-01 -5.238398384971947319e-01 -7.272403753252705272e-01 -7.742334915797804973e-01 -5.251567288773891784e-01 -2.918676106269642023e-01
-6.148588853859603409e-01 -8.079192692311810697e-01 -5.202358838837407573e-01 -3.792637920814023733e-01 -3.734958022874436123e-01 -1.118540224494474628e-01 -2.888889516947930683e-02
-3.425471563505711470e-01 -5.051622296244284716e-01 -2.480307958130258117e-01 5.151264450382099513e-02 7.656362027108797041e-02 3.062881239017843926e-01 3.070967751889386865e-01
-1.853245860328178174e-01 -1.190171688340038447e-01 1.924342575324272109e-01 3.464821905982950478e-01 4.712186055029378706e-01 3.735776075844139954e-01 -1.798416014559236012e-02
-2.438182836111179586e-01 2.642517755923824430e-01 5.688195841553915777e-01 3.142747660455014747e-01 7.524544595212317999e-01 -2.370654261243810776e-02 -3.445813049513216653e-01
-2.057756015298506658e-01 6.227711250133404208e-01 4.061250550068363219e-01 3.390202074749643080e-01 9.634025792047760106e-01 1.668097244480365171e-01 1.196659968314790351e-01
8.170782282367521077e-02 1.032337289995948870e+00 3.592009083014349180e-01 7.001355882207427328e-01 1.225733540517246700e+00 6.362291137581874700e-01 7.588207756206941657e-01
4.845555357084241344e-01 1.544816525353907899e+00 9.502144843558112397e-01 8.855519811423200327e-01 1.420265843856969745e+00 1.077755633394005930e+00 1.403947667920207865e+00
8.387971979800112887e-01 2.243009783035600613e+00 2.274909324412146105e+00 -7.731853641579286007e-01 4.208430728137411148e-01 1.673045375249791744e-01 1.752548150133238059e+00
9.359416945603246107e-01 -1.916704259471890159e+00 -1.816076857901468111e+00 -3.490374008248389170e-01 2.754037944134150595e-01 -4.425828331253234826e-01 -1.142346197812085934e-01
6.977415924975465256e-01 -5.789545212276593356e-01 -9.362676410202652733e-01 1.849917946142368153e-01 7.127996368843056985e-01 1.881484149176916934e-02 4.423180790346787350e-01
7.222954403569481485e-01 1.286577906005275697e-02 -3.479438085976702677e-01 6.479478224071835157e-01 1.194042255989460122e+00 5.086383112671839513e-01 1.008193954628511912e+00
9.590708305654477295e-01 4.981805223676574190e-01 3.711776871981875559e-02 9.771173163894928404e-01 1.616171760990950945e+00 9.731839933763309913e-01 1.508045967907000851e+00
1.232674731993994799e+00 9.043778728733323780e-01 2.753744486511154332e-01 1.163955354735977332e+00 1.906148834353101895e+00 1.361226770432989008e+00 1.847000302256058157e+00
1.499516173879976932e+00 1.198906638994176932e+00 5.908242942923574992e-01 1.382009565264490814e+00 2.082638232855309024e+00 1.689663565182527361e+00 2.022959872525357028e+00
1.790886382723742676e+00 1.324184467266888987e+00 1.025186137885071957e+00 1.735981266481246621e+00 2.323111424189745922e+00 2.037470127616149540e+00 2.285896901568229111e+00
2.120687564462767849e+00 1.411184837554530169e+00 1.498530032516535826e+00 2.183731971600862742e+00 2.696482296810466472e+00 2.441100857893865772e+00 2.691990932077076959e+00
2.462908650543200295e+00 1.659706364699283121e+00 1.934985514724731681e+00 2.671829090909953575e+00 -3.136445748428795977e+00 2.885788374290900293e+00 3.139280507888989380e+00
2.801348277517144769e+00 2.047370194736947369e+00 2.307940593405840346e+00 -3.116584888337158077e+00 -2.666331441028503058e+00 -2.931673665059030043e+00 -2.742717987324701401e+00
-3.140813298910397400e+00 2.491730743732988085e+00 2.659933911272701845e+00 -2.618325478842129517e+00 -2.198101834893332551e+00 -2.433076675851184145e+00 -2.358204280960532806e+00
-2.770727654455864997e+00 2.906995164123437725e+00 3.030439786465947805e+00 -2.124964033333919922e+00 -1.728231419687967563e+00 -1.908015871189101764e+00 -1.922813397275510816e+00
-2.378505360508756716e+00 -3.130141515092551785e+00 -2.899218307755979662e+00 -1.650859243429039003e+00 -1.237482398170721698e+00 -1.354480214014403439e+00 -1.398754195454341431e+00
-1.982061720838490082e+00 3.117952023750495183e+00 -2.703315764799339771e+00 -1.254805485152763467e+00 -7.197232560995414641e-01 -7.654923406391396234e-01 -8.049647818697303059e-01
-1.621327295567916549e+00 -3.028524853541919803e+00 -2.706952377428392786e+00 -1.053490166061874067e+00 -1.905802437986416353e-01 -1.310826998273952881e-01 -1.664450041711352524e-01
-1.379691223370725028e+00 -2.616376287278689983e+00 -2.609753554109394802e+00 -1.070145729110082877e+00 3.316953905184958362e-01 5.806056553795422293e-01 5.270156794003428846e-01
-1.531206513062382202e+00 -2.108845520488934255e+00 -2.331275758149717436e+00 -9.873976502686950818e-01 8.370761829198442028e-01 1.411042901290261442e+00 1.338609231401036270e+00
-1.964272519024161001e+00 -1.601047697639514045e+00 -1.974973610751636466e+00 -6.852924114926860488e-01 1.343664286585593004e+00 2.389649593576495423e+00 2.664265810193588990e+00
-1.882222537511470506e+00 -1.114354918174349507e+00 -1.567682692632751174e+00 -2.888792266226785643e-01 1.974705700374591810e+00 -2.964492060849037713e+00 -1.976025390539541959e+00
-1.563130548309255463e+00 -6.142505048466564421e-01 -1.123820920093348441e+00 1.281173233308642578e-01 -1.279261551234521344e+00 -2.275357858564957425e+00 -1.105358104396664265e+00
-1.178200246451581279e+00 -4.180046362134720583e-02 -6.836807997252116742e-01 4.306655118329551502e-01 -6.302872713701442864e-01 -1.738885885617877936e+00 -5.049475746531745246e-01
-7.832854187868203422e-01 6.710710915789201980e-01 -2.965148779785489186e-01 4.771550316632901523e-01 -1.456032296844612106e-01 -1.243430417187352255e+00 -4.275331764299781373e-02
-4.273105635848122863e-01 1.711717020888111174e+00 2.636080435382413822e-02 4.664680157512503533e-01 2.359283157507150452e-01 -7.249755490027043336e-01 2.840692249743120290e-01
-1.904546503094534937e-01 -1.443227383306989520e+00 3.659752816839771383e-01 7.861382631280381394e-01 3.640279306264267434e-01 -1.762448421390263864e-01 5.487566462708952653e-01
-2.351551555133641475e-02 1.553973721124371488e-01 7.900321310009246201e-01 1.271661116847638162e+00 2.982822844733861722e-01 3.750506290960293754e-01 8.567769277350485435e-01
2.599322445938492820e-01 2.068693931302770572e+00 1.278779789297283642e+00 1.788385272343017585e+00 5.158405288044864978e-01 8.989207932721638983e-01 1.239228297646030930e+00
6.787451708018324981e-01 -2.767891049921869850e+00 1.751292620288257496e+00 2.197709689673851496e+00 9.429475073217825631e-01 1.344785099347605595e+00 1.633838177264620883e+00
1.151525074584825337e+00 -1.691211777739653144e+00 2.095899589532253859e+00 2.320120073402925698e+00 1.445730097548062698e+00 1.665715968472109232e+00 1.966464959676954560e+00
1.642551295339310657e+00 -7.339611583941515471e-01 2.260895352190287699e+00 2.419408088168165882e+00 1.983299513642045708e+00 1.904882812046114315e+00 2.204259217587162034e+00
2.141606833034999102e+00 1.778859280408112142e-01 2.443015274197424702e+00 2.821178062651723106e+00 2.549761416593366192e+00 2.202901003195082641e+00 2.433498075999932730e+00
2.637104072760636964e+00 1.086088766964820929e+00 2.783076863517798483e+00 -2.887157392254448673e+00 -3.139333867922752930e+00 2.581562039826904353e+00 2.756424778853306279e+00
3.104600825471256709e+00 2.027308916255915694e+00 -3.063751648639640557e+00 -2.270993636102966562e+00 -2.531044795464981956e+00 2.915120843776755954e+00 3.109359912103259571e+00
-2.797159526082100278e+00 2.938602736015314409e+00 -2.607880849834674386e+00 -1.720759933434297118e+00 -1.950726880855171652e+00 2.979733402801397979e+00 -2.931844333507102718e+00
-2.564044394546326711e+00 -2.722180315769167969e+00 -2.237269587046722741e+00 -1.555174329597425187e+00 -1.517779790980973598e+00 2.895721376595630225e+00 -2.819007741089904151e+00
-2.399637072943165084e+00 -2.511409058648338632e+00 -2.063323647521873472e+00 -1.854502308706114100e+00 -1.366015324033878375e+00 -3.099224552319701065e+00 -2.550333015042504314e+00
-2.108855946673948711e+00 -2.132263862975890767e+00 -1.978243560047899807e+00 -1.560226777498312956e+00 -1.117064459602944870e+00 -2.593901042032242366e+00 -2.096505478328567040e+00
-1.697404219881636367e+00 -1.552579867279414438e+00 -1.730617929567084934e+00 -1.026376467938171499e+00 -5.768450698948667243e-01 -1.976080612803543968e+00 -1.557058268697003367e+00
-1.231149266000605813e+00 -9.358200467640254150e-01 -1.296849182581431448e+00 -4.485626381129511064e-01 6.265143502112471841e-02 -9.361012310360825595e-01 -9.666997468271881777e-01
-7.392449357813981603e-01 -3.242079469053298912e-01 -7.113939602928968098e-01 1.461796428741728437e-01 6.776087198826447056e-01 1.569335440445477792e+00 -2.814485417355660490e-01
-2.319381353130331447e-01 2.807325944317996536e-01 -3.094000638956857091e-02 7.732280016676456036e-01 1.199727393205066717e+00 2.376812061778454055e+00 6.301723442837698919e-01
2.837521498002983922e-01 8.755510133022086361e-01 6.799920418270722910e-01 1.425580977159301099e+00 1.436830266476748275e+00 3.044327678065262166e+00 1.944709593820875604e+00
7.896977609578009760e-01 1.454855504508522746e+00 1.381125519395986156e+00 2.080221399157155648e+00 7.497872074430885769e-01 -2.554007715265010692e+00 -2.889935962142726744e+00
1.261949534359178227e+00 2.003327589240825102e+00 2.040909644582649118e+00 2.641756100156634535e+00 6.990871390055548584e-01 -1.776520674797349875e+00 -1.655889546935740864e+00
1.675877792758284635e+00 2.494826231344957179e+00 2.592663268175590563e+00 9.399100554533855734e-01 1.111024405382889491e+00 -7.623995036242210421e-01 -5.518949510152016957e-01
2.048632581215630299e+00 2.881204378992619386e+00 2.777026933320237312e+00 1.297389464448954088e+00 1.614556178150702292e+00 6.000088100780679445e-01 3.781216868933966468e-01
2.441456514765541819e+00 3.045516114035718758e+00 2.459489671827836066e+00 1.952352582004267534e+00 2.135665950200046570e+00 1.725886036187179284e+00 1.078944642386338026e+00
2.883426534013899367e+00 2.843226727859940794e+00 2.684390089069174312e+00 2.601900120077598633e+00 2.628426186338254311e+00 2.438518404507458381e+00 1.517301775733968405e+00
-2.933651172294862608e+00 2.601939478792187455e+00 -3.120388335213754694e+00 2.902822423138050389e+00 3.032704904088109998e+00 2.836943440916896098e+00 1.776250124559896282e+00
-2.488346120866703703e+00 2.570113437491086117e+00 -2.648802968610700415e+00 1.303790588232961456e+00 -2.990612624980600209e+00 3.017216676137755016e+00 2.086809278615990859e+00
-2.087460099749554043e+00 2.590964982376814607e+00 -2.365270255216259443e+00 1.786194567846915549e+00 -2.828793672261984860e+00 -3.069183253324434091e+00 2.498188514625216960e+00
-1.713792075198104836e+00 2.652148096621962381e+00 -2.599730899040506138e+00 2.335397955582391383e+00 -2.649425931299375314e+00 -2.868024108431368902e+00 2.917580739791022726e+00
-1.330415919181368922e+00 2.833379094024618627e+00 -2.946207794824384774e+00 2.815109313249699152e+00 -2.522059023270607714e+00 -2.897295597223672026e+00 -3.043641547058057117e+00
-9.738919879572379701e-01 3.140913234925308828e+00 -2.842659657318926225e+00 -3.065953492180442996e+00 -2.552682068777265112e+00 -2.892754938553205424e+00 -2.828375158181714699e+00
-1.318338880340337971e+00 -2.746486691609056674e+00 -2.510504384819942203e+00 -2.629082350457198292e+00 -2.412243452240129926e+00 -2.522844247863001765e+00 -2.529087495526876506e+00
-2.054080382302269747e+00 -2.289187114918272314e+00 -2.019983446255124715e+00 -2.055910930944689241e+00 -1.966459360875487894e+00 -1.967254060728910403e+00 -2.049159224121721579e+00
-1.535139128934173813e+00 -1.807268810528884107e+00 -1.420049200233924225e+00 -1.363361775194707803e+00 -1.354105454564872080e+00 -1.356069970177080419e+00 -1.456609540106303724e+00
-8.016718356106297128e-01 -1.361153229885569527e+00 -7.518550831913112242e-01 -5.948419201295573888e-01 -6.448297295673464102e-01 -7.534664359521070498e-01 -8.195360149326251786e-01
5.733547838965940419e-02 -1.029342935029792017e+00 -3.626890173640212600e-02 2.178228897820148890e-01 1.609598187106742739e-01 -1.978849504968465123e-01 -1.807860090292217614e-01
1.067694590529176812e+00 -8.311205443809918103e-01 7.248538550881890030e-01 1.041146325011494955e+00 1.105021923433167075e+00 2.847037182908968567e-01 4.358172400146263503e-01
2.174056717641121850e+00 -6.258693177404827113e-01 1.530781501858020643e+00 1.830919334860216185e+00 2.167706635073832988e+00 6.550661665861532423e-01 1.066449469076226508e+00
3.106551219399298791e+00 -3.400598945578660048e-01 2.332465264928579973e+00 2.549599425718998447e+00 -3.131873722425190909e+00 7.220082698737305682e-01 -1.893100367740322199e+00
-2.581819264550560877e+00 -1.800529759877964597e-01 3.041993838918425563e+00 -3.097923909843668167e+00 -2.353445870921192729e+00 -9.743807565128932702e-02 -1.245506554843739178e+00
-2.357502230766447937e+00 -9.963909164378861316e-01 -2.630583565141814795e+00 -2.550654136953889761e+00 -1.798550739038377699e+00 -4.416668944675296027e-01 -7.164547675644774571e-01
-2.249231010385412510e+00 -1.149833360019266948e+00 -2.070968606708450732e+00 -2.107587974133635189e+00 -1.540144225937220890e+00 -3.174072488549181115e-01 -2.160052594215926269e-01
-1.953977288946225466e+00 -7.818117722069920505e-01 -1.554119799775345978e+00 -1.746467712561214247e+00 -1.490405609753944649e+00 -9.675653289861931017e-02 1.970896012378720863e-01
-1.530586196470627325e+00 -3.171678195432219849e-01 -1.094439655558283375e+00 -1.367877576309723953e+00 -1.276416778297688959e+00 1.255511110846779244e-01 4.083110587334245478e-01
-1.068112388228958265e+00 2.105119535340091996e-01 -6.673356298007757648e-01 -9.279209548662017415e-01 -9.200037964403727786e-01 3.445601435926306522e-01 4.299018990460809486e-01
-6.207512772876703222e-01 8.197361309364763482e-01 -2.115734149870940051e-01 -5.272520965201735743e-01 -5.956419956371395985e-01 4.843193711442050353e-01 2.171239557283398680e-01
-2.393296512229866058e-01 1.525449102765796372e+00 1.378373181676560977e-01 -4.327339730439126453e-01 -4.253787130295915153e-01 1.486327578584512865e-01 -6.777880251286095836e-01
3.060449260768495841e-02 2.326859212913700237e+00 -2.125214281686571116e+00 -5.703155649444634490e-01 -2.835832219213121896e-01 -9.999988681396332346e-02 -4.929315243569870608e-01
2.349536880672310202e-01 -3.100536529873443747e+00 -1.545629782280117270e+00 -2.879746183446949548e-01 5.259008005731465735e-02 2.180642594111390220e-01 -2.635106329406475528e-03
5.260992649835015689e-01 -2.293028305439779313e+00 -9.774551357006201480e-01 2.256190740563069064e-01 5.602868534664006139e-01 7.139505895263833501e-01 5.136257770776585518e-01
9.470363854756761457e-01 -1.628146310183424594e+00 -4.777538505295984006e-01 8.556723845376262849e-01 1.193138050614903189e+00 1.281434525946074432e+00 9.774975128083897014e-01
1.437794504520651051e+00 -1.124433431181376397e+00 -8.231717492695626859e-02 1.916713094579855170e+00 2.001923189856040786e+00 1.913573800692221605e+00 1.385337715382688462e+00
1.933710769565597953e+00 -7.909884747029893859e-01 1.511735563609152566e-01 -2.534156096112310408e+00 -3.115132340599589433e+00 2.658880505029277419e+00 1.811031899815024104e+00
2.403328328860198315e+00 -7.393881871437895104e-01 -2.436266479196761980e-01 -1.632844444921033755e+00 -1.812293577438896186e+00 -2.588372156527082080e+00 1.745127700638419377e+00
2.864518264519566593e+00 -8.374529028063729674e-01 -6.827044126875790875e-01 -9.488261761326131083e-01 -8.595973480819762980e-01 -1.044215475590563935e+00 -1.806098376652265636e-01
-2.937692509460363421e+00 -6.042811153250924328e-01 -3.309669243500398816e-01 -2.990444357077639559e-01 -1.140407970786820879e-01 1.396175263978025327e-01 4.140063054446044277e-01
-2.428259468401529730e+00 -1.165310558696539545e-01 2.230228315497551628e-01 3.341059811759828357e-01 5.268467706666811745e-01 9.377725794238462864e-01 1.004778223690878214e+00
-1.887274916467484021e+00 5.001078085450343380e-01 8.568283873010323903e-01 9.318939666144848699e-01 1.059710855858072787e+00 1.602210381952900553e+00 1.482654660693665027e+00
-1.357717738913309935e+00 1.211978023654331382e+00 1.568077964622057063e+00 1.437723647460467102e+00 1.338940122760609253e+00 2.208411984227222735e+00 1.393753216660609473e+00
-1.169000583937209070e+00 2.036587838517537552e+00 2.401111938468970752e+00 1.535030416784234797e+00 7.428324796282341769e-01 2.780638276910632811e+00 9.157886645591851726e-01
-1.612237208835452629e+00 3.054119953513533048e+00 -2.844421128917206776e+00 6.318650231533866624e-01 5.255825621126478664e-01 -2.978608639581264761e+00 1.227490590971619611e+00
-1.392013585026304900e+00 -2.035653423084012204e+00 -1.673428668228515104e+00 7.073206187521898780e-01 8.812111284301237246e-01 -3.075900270389379632e+00 1.708983203458091182e+00
-1.013679319485599750e+00 -1.055171886904131107e+00 -7.274046313249205031e-01 1.041047332901353428e+00 1.377795865846126899e+00 1.864338513892877414e+00 2.213578464214697838e+00
-8.613380512382727838e-01 -3.826746773475057650e-01 -6.525243643392492077e-02 1.283242113164975606e+00 1.942361331393399837e+00 2.456325561691192760e+00 2.748810879347089564e+00
-9.132746146564820755e-01 1.103944220104470103e-01 3.909507150028789790e-01 -8.379551254930892590e-01 2.564623424342986180e+00 -3.094799159856517434e+00 -2.927806946787306686e+00
-6.765724106188507614e-01 5.149622022149946687e-01 6.934785140470687281e-01 -4.194527532449329188e-01 -3.010943688028949516e+00 -2.249886814092592946e+00 -2.209800733277318852e+00
-2.077557915036716552e-01 8.908638774044540520e-01 9.835854705847149049e-01 1.524338646627971250e-01 -1.972270223432745162e+00 -1.170088147689789304e+00 -1.329966463550717348e+00
3.600328619109088857e-01 1.270968765499725484e+00 1.387159078744645280e+00 7.475601828759819156e-01 4.404858223472377099e-01 5.010673412205637334e-01 -1.053050821810713744e-01
9.738759683128535016e-01 1.678691699425619577e+00 1.911259867697176151e+00 1.341535186001256541e+00 1.490896134216761926e+00 1.917378895535430727e+00 1.360056904134468780e+00
1.616729623895324153e+00 2.100704705010716378e+00 2.554276782183302341e+00 1.935596717746898010e+00 2.227890165505466147e+00 2.804545933042544181e+00 2.438410876442257180e+00
2.285629452518916249e+00 2.399769786417518258e+00 -2.698657625668162474e+00 2.577658291794626244e+00 2.913378099448923564e+00 -2.778105535935718517e+00 -2.927615895980344884e+00
3.019255133170682726e+00 1.310623483557740609e+00 -7.311858482155946248e-01 -2.662634887825387153e+00 -2.683756880281323198e+00 -2.132627705379326333e+00 -1.963542355951907403e+00
-1.742194062873762661e+00 1.044916245572634850e+00 8.555763368578815642e-02 2.305624467625745980e-02 -1.960659226702009539e+00 -1.496413655937333331e+00 -9.392011916949226658e-01
4.059790715955373663e-01 1.366023591723623865e+00 5.952965104471514834e-01 8.277277429304641387e-01 -1.120173266470274598e+00 -8.694537690712595968e-01 7.924692899421549586e-02
1.027782521335474542e+00 1.677458466315038699e+00 1.054362603708401069e+00 1.428699923455538645e+00 -9.926629050799490664e-03 -2.730375259669934884e-01 1.027773000397390835e+00
1.436706644503715991e+00 1.951701265863033941e+00 1.494362421223842219e+00 1.911684712779311290e+00 1.085252444867207844e+00 2.799195208711591776e-01 1.848409655772895288e+00
1.757132989973727799e+00 2.260030045824942935e+00 1.916686278151609191e+00 2.245839986560002277e+00 1.805487289357590619e+00 8.515426137275330376e-01 2.422028516953615096e+00
2.107079595479226519e+00 2.625797059228569097e+00 2.313965543322697993e+00 2.482461708207646556e+00 2.383580943575958067e+00 1.524209629826833723e+00 2.513695230104924683e+00
2.539107353715568838e+00 2.989600166220727218e+00 2.664113399243324576e+00 2.797685128604793015e+00 2.962575279326055799e+00 2.334559710367811292e+00 2.670783539159685027e+00
3.026397380564177730e+00 -3.046400681115665421e+00 2.930911474205308398e+00 -3.030864014286481556e+00 -2.720999586167674344e+00 -3.057017727330839652e+00 -3.071835729633213496e+00
-2.753455878400012047e+00 3.048646180777673464e+00 3.065788143810235677e+00 -2.497491355695476312e+00 -2.121896807921913819e+00 -2.188790640349117300e+00 -2.423675677878018853e+00
-2.269604787972501203e+00 2.694619693332866994e+00 -3.132485695978162177e+00 -1.932981769951127360e+00 -1.544189638529226194e+00 -1.410142004948270689e+00 -1.753788021686974119e+00
-1.831933359115092586e+00 2.842844720850879359e+00 -2.949663479293997970e+00 -1.369385764743723977e+00 -9.981029799942165992e-01 -7.707993827547381382e-01 -1.084707211655929093e+00
-1.540039563377047616e+00 -3.134787535368365852e+00 -2.810667043313165081e+00 -8.294470812658544245e-01 -4.780781774772236425e-01 -2.734276917514647520e-01 -4.278079764147392772e-01
2.917760445223908317e+00 -2.908471782063595690e+00 3.025309659687312358e+00 -3.751328347973602595e-01 2.655749411382547082e-02 1.848383584412750802e-01 1.299606754109601803e-01
2.908039617999138127e+00 -2.807636213407417536e+00 2.926613444568704647e+00 -2.954536493624662086e+00 5.115670948805383089e-01 6.752374630914523834e-01 -5.142748914629243773e-01
-3.009073219737388172e+00 -2.640519947766613029e+00 -2.959061866858172074e+00 -2.791224222335626504e+00 1.203995158798710552e+00 1.203733657350356534e+00 -5.239497347824449980e-01
-2.585189501091639031e+00 -2.279975947252542934e+00 -2.462359446164759547e+00 -2.635065417284614853e+00 -1.854002281712215927e+00 1.697853310019418638e+00 1.850001356133945118e-01
-2.109134550303235045e+00 -1.776696168247441365e+00 -1.991290611292760859e+00 -2.289651742085606401e+00 -1.384145156060553106e+00 2.028562004149575770e+00 9.801984400371095418e-01
-1.585667390499690521e+00 1.776975233189816539e+00 -1.647296431273290507e+00 -1.772780818384078749e+00 -8.776890856464554247e-01 2.070601759084067961e+00 1.674043245864298202e+00
-1.016164445906932556e+00 2.361931247448818993e+00 -2.710749422109089313e+00 -1.172202327977472480e+00 -3.430505222157698708e-01 2.175889838387262909e+00 2.139985720178335438e+00
-3.709276963619471124e-01 2.933360893958627535e+00 -3.077371103060878799e+00 -5.118101003295132401e-01 1.926138878799525667e-01 2.431378081766947918e+00 2.394976362233305345e+00
7.610738008680185684e-01 -2.796014513922072453e+00 -2.637058277277299467e+00 2.872383499144050556e-01 7.227032742580894453e-01 1.357873601314662171e+00 1.299961099594743930e+00
2.923614069293138051e+00 -2.289774356854608506e+00 -2.153929626874685255e+00 1.612025015341060907e+00 1.262098808552188700e+00 1.474590794117209835e+00 1.533684733993855742e+00
-2.699559000937823861e+00 -1.890453859570063511e+00 -1.773138570465393249e+00 -3.004632920561080667e+00 1.856055058876584063e+00 2.116162632014269462e+00 2.306143461839460507e+00
-2.228259594772694197e+00 -1.603623273493963053e+00 -1.543534574724839237e+00 -2.077303844007179823e+00 2.596834892674247719e+00 2.824931674613177179e+00 -3.116675128045574006e+00
-1.740148019611449159e+00 -1.310897808500707917e+00 -1.284319475632648810e+00 -1.397319068999870684e+00 -2.500966286379708414e+00 -2.772972960854295454e+00 -2.258562576390220844e+00
-1.221881768725978867e+00 -9.572296901793283519e-01 -8.634053916027124576e-01 -8.387452614458461575e-01 -9.066449034700450049e-01 -2.149323945806940195e+00 -1.410103364626245082e+00
-7.156288666956005518e-01 -8.282643657285760908e-01 -3.831963361928851231e-01 -4.046625195511254769e-01 8.694961641883652836e-02 -1.860216817010973633e+00 -5.855407251181107275e-01
-3.020638831696194071e-01 -1.825391703220787143e+00 -3.912415387301737546e-01 -5.734454700749091333e-02 8.161025679491538121e-01 3.134413198480298313e+00 2.090397390869564165e-01
-1.978945298693577104e-01 -1.658974129725349966e+00 -1.425288501438768396e+00 4.775500709167946889e-01 1.465987108490657276e+00 -2.919910857956931061e+00 9.986479489857683634e-01
-5.525727777948201691e-01 -1.162945332031528389e+00 -9.958501994342530139e-01 1.511027099227985282e+00 2.073558622415590857e+00 -2.393151943468700971e+00 1.775680175867146993e+00
-5.700510670911469457e-01 -6.393869044788226264e-01 -3.953532347361629062e-01 -3.139861693354226713e+00 2.618527434889323491e+00 -2.008413763066438040e+00 2.539267390721915874e+00
-2.969472293386819506e-01 -1.876343129426588929e-01 2.242214967635085821e-01 -2.103800135909644542e+00 3.016970108674391859e+00 -2.860715991274672021e+00 -2.991221786957138029e+00
6.705848196001145366e-03 6.335952925054476326e-02 8.369834716855039103e-01 -1.382692679102549338e+00 3.110657911816605115e+00 -2.856909002115396223e+00 -2.254821438544307721e+00
2.431376512955910341e-01 1.159270278762706240e-02 1.214558884781799852e+00 -7.507298000364579504e-01 2.890693837074052919e+00 -2.133843056059191223e+00 -1.464891061505312120e+00
4.223182892282210665e-01 1.099741512659408033e-01 -5.730417641341127855e-01 -1.316617457019465254e-01 1.663021312062163748e+00 -9.686917710062412645e-01 -5.146441809890245356e-01
6.801376016227749233e-01 4.878573552152131176e-01 -9.826817262433873088e-03 4.868143832792759529e-01 1.658907260190632726e+00 1.267927781093306061e+00 6.690298673623509274e-01
1.047934326312647935e+00 9.681309485568994067e-01 6.669778861798413283e-01 1.112205815828973154e+00 2.112153361628732462e+00 2.358194472169933498e+00 1.839067494188679541e+00
1.463411794997782955e+00 1.332795497652092598e+00 1.384486595393809027e+00 1.718255090493243431e+00 2.612986058922501353e+00 3.077056290532674154e+00 2.675730915714527480e+00
1.832667450436781253e+00 4.400337456297046534e-01 -1.413603712591027461e+00 2.407932227372964196e+00 3.070164970620681277e+00 -2.658927347612748182e+00 -3.076422354645947710e+00
2.033300700888049040e+00 1.019300026659126640e-01 -1.048418049090036774e+00 -2.848247101802347636e+00 -2.809145443168299838e+00 -2.212217181889438056e+00 -2.638598716868064908e+00
2.028878543062863304e+00 3.324500746126428652e-01 -9.213333861473781417e-01 -1.886633453231784552e+00 -2.423748781443270328e+00 -1.815456370364101346e+00 -2.167642329937061518e+00
1.852826691726368269e+00 2.181430306873299863e-01 -7.191938256030815380e-01 -1.162547169466122909e+00 -2.015785557776455850e+00 -1.422635988146536690e+00 -1.669327908279341077e+00
-4.834728073113037650e-01 -2.767804981416752477e-02 -3.269610145089109632e-01 -5.577010465356764257e-01 -1.576963028187181814e+00 -1.044283508483565770e+00 -1.212111371205517374e+00
-4.881339432984271864e-02 1.992432590752114541e-01 1.549453743464049293e-01 1.627821693824604106e-03 -1.116705472499694984e+00 -6.943189874623726388e-01 -7.841295217979775689e-01
4.568766465574922164e-01 6.375511052646009036e-01 6.686300965611122749e-01 5.703006299882564800e-01 -6.636941381327211564e-01 -3.716319690812641130e-01 -3.203503500051164687e-01
9.728030158753144807e-01 1.123479063024030111e+00 1.176428539285488961e+00 1.140990953619940518e+00 -2.741905862863086019e-01 -1.472404690517184200e-01 1.472944924288050739e-01
1.459715755549848115e+00 1.597460883179540714e+00 1.655145912574860878e+00 1.694198801962581546e+00 -9.785956830166846893e-03 -4.506075189095542187e-03 5.385449383477288743e-01
1.897420819884543475e+00 2.025009219398347771e+00 2.085795905959478613e+00 2.175990247199244276e+00 1.253877183532338124e-01 1.644186467097012716e-01 7.169931301596496054e-01
2.281788162653988206e+00 2.393584219663263291e+00 2.463814423015341148e+00 2.489864347234495678e+00 2.400728581954292562e-01 3.836467819506530486e-01 7.908702707344713589e-01
2.627291433990829095e+00 2.713944359837766829e+00 2.794955315077511937e+00 2.586388418585217508e+00 3.789117648825927054e-01 4.655540460055562768e-01 8.907710336636501802e-01
2.950855280105536327e+00 2.989571967647657313e+00 3.050254999654230748e+00 2.639150448844168828e+00 5.811077557402255511e-01 5.625385473451850471e-01 9.948644937775510400e-01
-3.064126825972048440e+00 -3.056312403148734091e+00 -3.099195658234119133e+00 2.822497167498620119e+00 9.124669240127339931e-01 8.996975217602621866e-01 1.098744163928484285e+00
-2.903879980444723952e+00 -2.846137909120238785e+00 -3.050336768653909569e+00 3.056011566199273943e+00 1.392427060313796927e+00 1.396755277645119753e+00 1.293422524501768311e+00
-2.811501630038603317e+00 -2.610867631159289992e+00 -2.891318531807119285e+00 -2.945657213886553549e+00 1.985276729117976036e+00 1.906554600483947537e+00 1.571295362678344576e+00
-2.615923992452630298e+00 -2.333941766564984643e+00 -2.583160924662853741e+00 -2.650560688655382080e+00 2.663960084968144404e+00 2.310041184967417394e+00 1.941601866120141295e+00
-2.304935526165584836e+00 -2.038592884912861170e+00 -2.196937985487806166e+00 -2.339028208457825553e+00 -2.854661804795077806e+00 2.468108758675350956e+00 2.378934001954214672e+00
-1.947935899233095514e+00 -1.803307408202666773e+00 -1.820623487739235102e+00 -2.077350584542053902e+00 -2.005858943498823432e+00 2.261336872040621060e+00 2.783552002730587116e+00
-1.609757541219889676e+00 -1.674277918790405995e+00 -1.507373072728842134e+00 -1.891702608125421348e+00 -1.107952840529055960e+00 2.268329841399445712e+00 3.063354160373024548e+00
-1.326557774257513866e+00 -1.562609777409063705e+00 -1.278666709468295748e+00 -1.780683513863947409e+00 -2.987125326417821025e-01 2.582642043936776766e+00 3.079559505969715616e+00
-1.098042514878423637e+00 -1.352271598780313777e+00 -1.132582392524471349e+00 -1.589486097745562265e+00 2.135383491585868265e-01 3.031057243618522357e+00 -3.072056268444192106e+00
-8.528866850022207569e-01 -1.067409459512992820e+00 -1.005315826871884477e+00 -1.230827718898109824e+00 2.429018444782872210e-01 2.912653177006085503e+00 -2.710086572626436041e+00
-5.032044264386661414e-01 -7.964601542489651020e-01 -8.047880597219971843e-01 -7.524447900402935208e-01 3.199963362735114281e-01 1.695466600669849999e+00 -2.193883411988897691e+00
-6.533239250877760640e-02 -6.196780941187941538e-01 -5.568356712235714712e-01 -2.072549906070150771e-01 7.554002594275400773e-01 2.133329331538333484e+00 -1.649838155938663453e+00
4.079209320389933779e-01 -5.710025359808452716e-01 -4.574709494469795801e-01 2.604517951854352642e-01 1.306332971578556545e+00 2.691575762829747198e+00 -1.046719199474146711e+00
8.184668111893307341e-01 -4.753823543395917506e-01 -5.601807029665288873e-01 -1.737888422897972074e+00 1.932707886322872382e+00 -3.058437055403819826e+00 -1.213660812324239141e-01
7.006591499324311689e-01 -2.733951543737189183e-01 -5.803967276492678629e-01 -1.695135005805313844e+00 2.695324739359851840e+00 -2.531784327942166790e+00 -3.116327439113457665e+00
-6.974957367320093748e-01 4.481261392199595989e-03 -4.306088483797507194e-01 -1.155778233234182384e+00 -2.566346614380604407e+00 -2.036138471423643015e+00 -2.136584621221990332e+00
-3.884440243644144974e-01 3.298934382273757127e-01 -1.823996653094675791e-01 -5.370461534626216338e-01 -1.192290452687514879e+00 -1.563462786526563564e+00 -1.127790448825074510e+00
7.964568932228974218e-02 7.321188573347400252e-01 1.660936600063373236e-01 1.410324479290120114e-01 6.742035094513901261e-02 -1.194116373617776894e+00 -1.026588481782598865e-02
5.869368018599899761e-01 1.192128198793075633e+00 5.635257134681233016e-01 8.308657677758551907e-01 1.023868084610162654e+00 -1.195938629863532610e+00 1.148501701509598627e+00
1.084424228713097849e+00 1.719233762710574265e+00 9.778853376295438826e-01 1.570712599495285300e+00 1.840883428088594842e+00 -1.888896481231119306e+00 2.255259123417603817e+00
1.562558990609263843e+00 2.384179621221723888e+00 1.292644107698981415e+00 2.443254540870325897e+00 2.607574350419855858e+00 -1.947677665555010318e+00 -3.062374037133948956e+00
1.998312845259972104e+00 -2.420124857525784989e+00 8.606419526070385739e-01 -2.583465929410292183e+00 -2.915763417848372008e+00 -1.554031407212276505e+00 -2.258726181641145025e+00
1.815831641815858211e+00 -4.611486712231555041e-01 3.084079689442173478e-01 -1.102366914083707572e+00 -2.132868810863926434e+00 -9.956650492610109593e-01 -1.539586125112222703e+00
3.184339649610815615e-01 3.206257531223430379e-01 6.404116347341842763e-01 -1.106374071901519984e-01 -1.322801440733587741e+00 -3.652426084597684142e-01 -8.767088878171094279e-01
7.701710095777435372e-01 9.135597006551773314e-01 1.096773483322865728e+00 6.340672700685651142e-01 -4.954615776800437299e-01 2.671411570750266140e-01 -2.502614384381847135e-01
1.292339869083746207e+00 1.427735468981913947e+00 1.567910701055263756e+00 1.310259808956689920e+00 3.229977491477948326e-01 8.973511432369426499e-01 3.859904126123300250e-01
1.810525430100180966e+00 1.898485086456362492e+00 2.037322632105198927e+00 1.942643926629891160e+00 1.090093659647850988e+00 1.495447886099171786e+00 1.001856654668336732e+00
2.297992406456735193e+00 2.376087020135562167e+00 2.514010777376763706e+00 2.537123774697279011e+00 1.793014094327656238e+00 2.073258846119003795e+00 1.633378947879821297e+00
2.736441495793253242e+00 2.883316974394197096e+00 3.004034237066643964e+00 3.105042924280581484e+00 2.433433406830990187e+00 2.650297472139919730e+00 2.285565386941487365e+00
3.129998674271365022e+00 -2.937402409702010608e+00 -2.806918153923739112e+00 -2.649414402077974184e+00 3.027520687800646204e+00 -3.051242992258043074e+00 2.982489899297935398e+00
-2.799538599459006072e+00 -2.593284084853697546e+00 -2.311469775617827516e+00 -2.073889651505157250e+00 -2.658803493372914772e+00 -2.293941904879828186e+00 -2.402187327436625885e+00
-2.428171944549659678e+00 -2.370778972853905486e+00 -1.670455615762554080e+00 -1.432718643097902644e+00 -2.046515782187221522e+00 -1.367300931022068511e+00 -1.421862845929679153e+00
-1.996076193863507209e+00 -1.876777981256992023e+00 -7.613887647890320576e-01 -7.467582855676238029e-01 -1.418280925401627979e+00 -4.243601923893290384e-01 -5.473152136949532842e-01
-1.436919814321898858e+00 -1.101882831055765788e+00 2.496822879327749989e-01 -6.502369219516215826e-02 -7.990217175490954560e-01 4.211263032687388441e-01 1.317661519629730327e-01
-6.436058931852886023e-01 -3.918949487723360492e-01 1.101125274174316937e+00 4.991116866119560402e-01 -1.911201862868809054e-01 1.066641241286517605e+00 4.827539930107423993e-01
7.072087681876909615e-01 -1.233027226029705242e-01 1.786215657546778024e+00 1.020540173524593586e+00 4.567147187323806201e-01 1.534661502271468692e+00 8.543538690769768573e-01
2.266752352150994909e+00 -8.790943404116659254e-02 2.188594404172741203e+00 1.509778800207125959e+00 1.117536224402170708e+00 1.771396088075614994e+00 1.317900231690267487e+00
-2.887993983694757461e+00 3.274082186865578947e-01 1.137335139309419318e+00 1.953199127347882591e+00 1.738145638428373330e+00 1.922705214191617440e+00 1.821484087899192028e+00
-1.323224040625948339e+00 8.034122631382952795e-01 1.015697736643771165e+00 2.124796954534931004e+00 2.129920606114972692e+00 2.218633680439673572e+00 2.167640277967878948e+00
6.298478355588190691e-01 1.284204437067987703e+00 1.424289093188125133e+00 1.861107653402756856e+00 1.981106843119084360e+00 2.573679897458097887e+00 2.097912329273897925e+00
1.516828688078877496e+00 1.694579431589420704e+00 1.887058669312873249e+00 2.033618339684092557e+00 2.037341981713186367e+00 2.939041142243385085e+00 2.154053143714899310e+00
2.158391614843451656e+00 1.899062701065792114e+00 2.291941150274485306e+00 2.413404652157619790e+00 2.428378985614163099e+00 3.083213179772094747e+00 2.378758920772532814e+00
2.712958483452095670e+00 1.510982978467693805e+00 2.399263438352785993e+00 2.935946523644389128e+00 2.957515542538931008e+00 -2.917178167922465537e+00 2.818362326857473121e+00
-2.773156362247143125e+00 1.397478826677215791e+00 1.835803559575174493e+00 -2.738924491088155833e+00 -2.709380143332073221e+00 -2.438111336129500817e+00 -2.953133350718070815e+00
-1.562625573666952983e+00 1.738026122795859330e+00 1.818089286070254662e+00 -1.869273832452644557e+00 -1.932746110998625921e+00 -1.727652071858707838e+00 -1.795634499349415769e+00
-5.724755576596078921e-01 2.101053370020603772e+00 1.881140746532496744e+00 -8.484836132312941759e-01 -1.051627259591989771e+00 -9.126507565840292768e-01 -4.113060672041820576e-01
1.190757635024200373e-01 2.181101205443372493e+00 1.553034000876483134e+00 8.660102822135723466e-02 -1.884267034746758274e-01 -9.138069066536963492e-02 3.796617469938458611e-01
6.913894815594732179e-01 1.745627822040781929e+00 1.503705290729425714e+00 9.033936447758715849e-01 5.943543166688080026e-01 7.352866771096335796e-01 1.038385734282568640e+00
1.259359759521029076e+00 1.781415608229643066e+00 1.831135415862438220e+00 1.571695698470236824e+00 1.269713738179555129e+00 1.429434575263285101e+00 1.567338854116251401e+00
1.803433848270228346e+00 2.107596000766783995e+00 2.272746227549573117e+00 2.154507870785038026e+00 1.879859058712963327e+00 2.010768310007176929e+00 2.036480120907724345e+00
2.319170686450305663e+00 2.513151916622994531e+00 2.755176162622878788e+00 2.689858815536446457e+00 2.445984001145920406e+00 2.481713328685926534e+00 2.485244656083928305e+00
2.817542267981642645e+00 2.863356628131573434e+00 -3.092754966241697989e+00 -3.135588034424619863e+00 2.975033616295046812e+00 2.805901519665282340e+00 2.878794508849048306e+00
-3.015042106233878361e+00 -3.101471260503507299e+00 -2.709533182976760823e+00 -2.641076749369640986e+00 -2.777430260321884781e+00 -3.137236233460752644e+00 -2.960897099096491125e+00
-2.514451924945856565e+00 -2.888121373021666383e+00 -2.471805743892971030e+00 -2.208829462231634455e+00 -2.260678424380896612e+00 -2.996830895907102388e+00 -2.657586859364099219e+00
-1.906905364222589938e+00 -2.727058775333460527e+00 -2.299911403172714142e+00 -1.782187722707151423e+00 -1.718160218539624751e+00 -2.945397350239325807e+00 -2.462416861160253934e+00
-1.030929058128209785e+00 2.729961030531403043e+00 -2.985931982250241035e+00 -1.845019858582714223e+00 -1.126935198768339141e+00 3.094437139993152286e+00 -3.013732811869415329e+00
-3.956034307862885124e-03 2.379126938440013106e+00 2.107877024705278934e+00 2.742811362722515245e+00 -4.382824788010240002e-01 3.133007863205139021e+00 2.880636355959516059e+00
7.828732518712481214e-01 2.512552363935175226e+00 2.163892188840607300e+00 2.843717672248620598e+00 5.375888590190025518e-01 -3.096520513295582422e+00 2.913914433879794874e+00
1.433186758425541774e+00 2.877257642740990384e+00 2.563013513067541105e+00 -2.952916557081767035e+00 1.786075676029546866e+00 -2.782334981274338759e+00 -2.938556796437057805e+00
1.933477304113482953e+00 -3.064272586614262384e+00 3.020255024601233629e+00 -2.633862821866760573e+00 2.869447451675399829e+00 -2.510017908998088743e+00 -2.572832016067899019e+00
2.179561963392469437e+00 -2.436490123166983324e+00 -2.538533090691191152e+00 -2.121888526949770704e+00 -2.509551935448643079e+00 -2.065302139114618907e+00 -2.074704369969711859e+00
1.950857826111399795e+00 -1.726359729691605782e+00 -1.696176043379221898e+00 -1.735541849477298282e+00 -1.882493575082645476e+00 -1.668995948912946448e+00 -1.660734698181299152e+00
