1.577962187737927069e+00 1.407429056269517753e+00 1.556495296157576425e+00 1.526980879705693184e+00 1.627473952282158853e+00 1.580246931325263837e+00 2.454999632182714109e+00
2.105306641040485705e+00 1.896876952230201807e+00 2.004834049611721181e+00 2.231930282085110129e+00 2.018021704755644130e+00 1.992399681639922759e+00 -1.909047570349512668e+00
2.551878843014907527e+00 2.470657917145192339e+00 2.554038833520702045e+00 2.737973181063695804e+00 2.289686832469191913e+00 2.289261281633134359e+00 -5.094926067998413188e-01
2.788352741395316414e+00 2.973523574334613784e+00 3.037469963048223143e+00 2.903196182631802458e+00 2.354460195677423595e+00 2.479095095790826875e+00 4.681018176300329459e-01
3.036729006551309951e+00 -2.586124117982506743e+00 -2.519465808318878786e+00 3.086846036650166880e+00 2.527853191700427882e+00 2.736652918275541690e+00 1.451149588375219679e+00
-3.034659528350303503e+00 -1.893686381752830883e+00 -1.703114411632248748e+00 -2.639093036204490872e+00 2.851526054843979807e+00 2.997588926873959281e+00 2.357861865782885147e+00
-2.709205522750320672e+00 -1.140436416249350993e+00 -6.029307704650586075e-01 -1.774152591241325405e+00 -2.954905238462787409e+00 -3.007033643560133029e+00 -3.074826194672446000e+00
-2.382049047314174661e+00 -3.604957457355796868e-01 5.598744289626687021e-01 -7.577305297572751730e-01 -2.407086581503342426e+00 -2.776498019411457019e+00 -2.216731505682278947e+00
-1.999917062765642850e+00 3.600508044922552386e-01 1.291901418787193556e+00 1.880354041837593304e-01 -1.723355438622261815e+00 -2.591902503381844358e+00 -1.378631630168757116e+00
-1.636641627438471858e+00 1.100087405877143265e+00 1.827827566760238387e+00 9.959059272466900259e-01 -6.121652432868555094e-01 -2.538614371211680876e+00 -5.632838945170466349e-01
-1.447576499395739846e+00 1.809279834349093452e+00 2.153397853863614486e+00 1.717863086864028999e+00 1.158903628289042587e+00 -2.493717097664933213e+00 2.021132731692663054e-01
2.841604563306596276e+00 2.524522795560032229e+00 2.395229528910048700e+00 2.402065650359270776e+00 2.070955895629354782e+00 -2.332107349044892697e+00 8.072998849190126114e-01
-3.103640577233380604e+00 -2.967792987523873105e+00 2.930090772596750437e+00 3.066569213621887613e+00 2.664065545302701565e+00 -2.051510885557773278e+00 1.249007399483278880e+00
-2.685698020374549966e+00 -2.133941796218428166e+00 -2.722338192029882364e+00 -2.573572508178112006e+00 -3.133467046909561571e+00 -1.750801547903526378e+00 1.744512164007240074e+00
-2.240027738505630417e+00 -1.188824318354652965e+00 -1.918799413276054633e+00 -1.954374550126193766e+00 -2.688793236660290020e+00 -1.499829606198094023e+00 2.476905791415322966e+00
-1.866428906910550412e+00 -1.717990008890885600e-01 -1.065125525516326332e+00 -1.352440305396788389e+00 -2.295988453427015852e+00 -1.372156513198623529e+00 -2.910994259444354082e+00
-1.568448136651024560e+00 7.458188054460092031e-01 -2.269576878575444157e-01 -7.426494396409076826e-01 -1.936985717978257471e+00 -1.247034205904066217e+00 -1.986718085866657768e+00
-1.314562478091352959e+00 1.523700263912940445e+00 6.288902678040809713e-01 -7.260404492654680408e-02 -1.572079236981547057e+00 -8.527121137866304768e-01 -1.091893411913427592e+00
-1.010461832461321707e+00 2.109223934668192246e+00 1.380364991473389313e+00 6.746421317916777571e-01 -1.116114247557495220e+00 -1.880132484686383720e-01 -2.509138066828942026e-01
-5.900315471257772115e-01 2.606521173525066182e+00 2.140020500668044168e+00 1.440549902897311885e+00 -4.439804251637565757e-01 7.057856919336914503e-01 5.440223368947718630e-01
-2.381834606265752718e+00 -3.093807651785915880e+00 2.958220516419101553e+00 2.190937993325342337e+00 1.297270070984196222e+00 1.732350138950977669e+00 1.333184404445560967e+00
-2.701904041909002352e+00 -2.469050651513899020e+00 -2.501406490029742358e+00 2.934769304463794359e+00 2.915989618895840518e+00 2.736149746120186688e+00 2.140557971559846617e+00
-2.171909994794499532e+00 -1.767341425778385711e+00 -1.623133579469868026e+00 -2.591407054368183971e+00 -2.605376059289463697e+00 -2.637586537497190076e+00 2.984590055079876070e+00
-1.634755484471707154e+00 -1.003961473164356688e+00 -7.346141745187260153e-01 -1.797731997587281860e+00 -1.948787322967809210e+00 -1.781244462361365022e+00 -2.389458889711939982e+00
-1.067707486028270480e+00 -1.629607084833384067e-01 1.505290771398242189e-01 -9.248181027683297639e-01 -1.298962092936793766e+00 -8.638847270932815681e-01 -1.370704722528903963e+00
-4.552535257990384387e-01 8.298775816613896961e-01 1.074660233364192585e+00 1.067235786594205177e-01 -6.242709380967492727e-01 3.355931984510608923e-01 -1.970005445695451607e-01
2.104357194458794100e-01 2.050673299014959206e+00 2.011951450109756401e+00 1.326760052482095498e+00 1.294832179787600845e-01 1.882866300708242235e+00 9.966642367894861243e-01
1.302403005822301729e+00 -2.853590591691695710e+00 2.952754981139734447e+00 2.502910220451259882e+00 1.400800239505360922e+00 3.040137810953721598e+00 2.017092440123543717e+00
-2.668298925962583557e+00 -1.689822993437054555e+00 -2.396088514538795344e+00 -2.791229278360542132e+00 -2.718678652196934387e+00 -2.396249956703196737e+00 2.873617304556268959e+00
-1.723355875528109538e+00 -7.805346078818393707e-01 -1.544592183953515718e+00 -1.910701161450429231e+00 -1.787710757927241323e+00 -1.660197696681854795e+00 -2.675404295356117235e+00
-1.011171261979336933e+00 -2.299341018986325938e-02 -7.982732568259646166e-01 -1.054289068680085206e+00 -1.070001262639986184e+00 -9.558220349133527138e-01 -2.084999088379364540e+00
-3.347078371254467721e-01 6.433525059406379754e-01 -1.362114000485660503e-01 -1.455308245516035159e-01 -3.816030692178190020e-01 -2.519038789942911194e-01 -1.707177100931819069e+00
2.925404044218056776e-01 1.195072351527595167e+00 4.684092503557016340e-01 9.165115753635195706e-01 3.256557164635016099e-01 4.747913078447563162e-01 -1.581413046875521422e+00
8.747150975368664927e-01 1.650883194390524222e+00 1.123235511432903344e+00 2.123428047698068255e+00 1.290682741389874932e+00 1.283177003926435411e+00 -1.471445011064369535e+00
1.303623970972905166e+00 2.034101295009694166e+00 1.844575827340592999e+00 -3.082141234446982736e+00 -2.073017716852441517e+00 2.207223387995743025e+00 -1.271354638744096377e+00
1.434471978805739401e+00 2.344188907374359143e+00 2.725395219287627846e+00 -2.185489812735938120e+00 -1.161647957653509033e+00 -3.077983464422556548e+00 -1.022127680218615220e+00
1.378180177942134099e+00 2.444521020611292172e+00 -1.725756900488980561e+00 -1.370860168698680104e+00 -4.649246270964552674e-01 -2.087465145346862450e+00 -6.891191028211037795e-01
1.656298876509301410e+00 1.603726196397856851e+00 -8.154616953870301443e-02 -5.869463549461024776e-01 1.552002583612683839e-01 -1.165055916967185912e+00 -3.675545734009605936e-01
2.120828360620638620e+00 1.357768211706578132e+00 6.759410901983984310e-01 1.883572231563392374e-01 2.806681360762202648e-01 -3.318834194188602371e-01 -3.422234785390545486e-01
2.560110771404794150e+00 1.592754590381969315e+00 1.248463619403814562e+00 1.011700094816469830e+00 -3.155536670600899152e-01 4.128362867921545609e-01 -4.683002487708332051e-01
2.890515686342723267e+00 1.974602088641302711e+00 1.738328799011112036e+00 1.736069345552448295e+00 2.490087054042907644e-01 1.083930480913588790e+00 -1.059866055303875648e-01
3.086168039135815278e+00 2.437213791785571182e+00 2.247785843200744260e+00 2.409679799627548746e+00 1.112420676358770066e+00 1.743651069830906675e+00 4.883018198887179029e-01
-2.972812213622459954e+00 2.946165139942335642e+00 2.817086170406129852e+00 3.069631814225131983e+00 2.005549581788289348e+00 2.339273548315699003e+00 1.168552134415698607e+00
-2.702707510216260101e+00 -2.841163669533341540e+00 -2.877722904650224400e+00 -2.568889721657861003e+00 2.827896013646590045e+00 2.800871573844948781e+00 1.870957506012197014e+00
-2.385931707205833252e+00 -2.376558988307103437e+00 -2.281553220002249915e+00 -1.946639530261431883e+00 -2.739213435771022276e+00 -3.112362534765852562e+00 2.523394039509915476e+00
-2.079157059664440865e+00 -1.984689472284218326e+00 -1.741713270145734516e+00 -1.372089042426879901e+00 -2.154463601597452094e+00 -2.745753080013583425e+00 2.854696251807154361e+00
-1.761500391964810452e+00 -1.651057263825896015e+00 -1.333050180184616629e+00 -8.649032983400125607e-01 -1.647256843212009159e+00 -2.243463395035673713e+00 2.358984248992141097e+00
-1.396086028343493046e+00 -1.365251010701122647e+00 -1.288030269196903665e+00 -3.673116553908489790e-01 -1.107918739803992025e+00 -1.613728024404845307e+00 2.411079362976006113e+00
-9.665123007189873050e-01 -1.176056938621562464e+00 -1.764170106648551339e+00 2.564312363838195941e-01 -4.706460652459316107e-01 -9.075024429637699175e-01 2.473723208108326688e+00
-4.971254927748860464e-01 -1.153451423868834924e+00 -1.672868772065715159e+00 1.205933652961047819e+00 2.801206023349794294e-01 -1.527346844963335670e-01 2.778914367156736009e+00
-5.895099009295803189e-02 -1.146096302225273700e+00 -1.173602568549744651e+00 2.927170110790739077e+00 1.222872266783074924e+00 7.351661843463438428e-01 -2.885368899501604467e+00
2.516017219527789672e-01 -9.514862455287762533e-01 -5.176630260963603902e-01 -2.030267265610379290e+00 2.900320064102599016e+00 -2.586931217767179270e+00 -2.165850121970731124e+00
-2.937493284268556312e-02 -6.924016515877499112e-01 1.789411197470662795e-01 -1.176818302530362681e+00 -1.783586044505748980e+00 -1.515849846097566012e+00 -1.457420016016384379e+00
-3.278152782366343110e-01 -3.723251201211756345e-01 9.032675790989579401e-01 -4.417291211454797417e-01 -8.362544534510069072e-01 -7.913936960580677527e-01 -8.090499924446590274e-01
1.129022398480150451e-02 5.042369017803231823e-02 1.587113235728633498e+00 2.498761233667229353e-01 -1.604422564136272211e-02 -1.596294516412982145e-01 -2.424175984278275908e-01
5.802570359766179298e-01 7.870822241994047674e-01 -9.559855725007690985e-01 9.144942316532257420e-01 8.049756265532107546e-01 3.696275779337702683e-01 2.472398698510337722e-01
1.231725234961010607e+00 2.628303191209661716e+00 -4.544747589245002883e-01 1.552313794682944836e+00 1.671785693173374998e+00 7.738472341652928854e-01 6.981582433885229477e-01
1.976962544705845870e+00 -2.081091168361038690e+00 1.857508794802707492e-03 2.154873995368008721e+00 2.642009894539052439e+00 1.110978543307694633e+00 1.122423834628885064e+00
2.899098014171005211e+00 -1.184548468811188915e+00 4.272577748982860357e-01 -2.640903034562412932e-01 -2.533218878792015349e+00 1.417912623382720838e+00 1.433920862267686225e+00
-2.164869366306680476e+00 -3.329807220044931904e-01 9.529487973039816318e-01 2.749698151604026419e-01 -1.407333379222588610e+00 1.622675618933399067e+00 1.352965647358920442e+00
-8.497169838979219403e-01 5.536526908420181803e-01 1.586850510424276495e+00 9.083112910389340433e-01 -3.982868538493146704e-01 1.786387348847211953e+00 1.293584928371368070e+00
2.145500972595655031e-01 1.527528696344837345e+00 2.306798632748078504e+00 1.572559246535616406e+00 5.020030155814876327e-01 2.148471227999988020e+00 1.701926118207851113e+00
1.103116512535196714e+00 2.559864367143998898e+00 3.068431483441438790e+00 2.248814773420870328e+00 1.331380878227953479e+00 2.695538396849132212e+00 2.283252121428535730e+00
1.923667654864541277e+00 -2.750005047619707099e+00 -2.476352315499753765e+00 2.917473190850680798e+00 2.119651686373778876e+00 -2.952664152598669656e+00 2.895414191517061031e+00
2.706874548128935576e+00 -1.916525589296991905e+00 -1.796645066807132762e+00 -2.723729474751008350e+00 2.880849216308009719e+00 -2.276001079873063659e+00 -2.822818539139026583e+00
-2.839901158588014951e+00 -1.283725336794337091e+00 -1.256393607894546571e+00 -2.138026873970140240e+00 -2.666511561851808487e+00 -1.567650474307760167e+00 -2.389762331703404463e+00
-2.167295305088597246e+00 -1.010843351801206547e+00 -9.301269120785122801e-01 -1.692203077782321374e+00 -1.960063783198449539e+00 -7.672984415477041020e-01 -2.216233632545336452e+00
2.497867565765947706e+00 -1.255523415669698162e+00 -6.786136402584602711e-01 -1.699882860818100472e+00 -1.470637080321335777e+00 7.973154375840039165e-01 -2.261099508490920673e+00
2.672520534879841314e+00 -1.163839514118288898e+00 -3.153347707339266282e-01 -2.110443141594837257e+00 2.965950827929797029e+00 2.912602660921836950e+00 -2.213301753184556020e+00
-2.999471989875740707e+00 -8.093400063165261393e-01 1.221267092965419299e-01 -1.876148276395003256e+00 -2.699233478274072340e+00 -2.529461387342716971e+00 -1.984333028116535003e+00
-2.367974166429605010e+00 -4.600594002111348391e-01 4.017624543690224703e-01 -1.348190839826858944e+00 -1.973242079602961940e+00 -1.864223709673272555e+00 -1.600183502222078724e+00
-1.792839990040377307e+00 -1.293215733128440514e-01 4.193870231147320826e-01 -7.182279915750918731e-01 -1.217584901987447843e+00 -1.299767956469176866e+00 -1.116255109261170553e+00
-1.364653717879088290e+00 1.829833134097233194e-01 4.760045186267706785e-01 -6.373937183065757350e-02 -4.071504917359013431e-01 -8.713777813101393210e-01 -6.255061470142457836e-01
-1.350133273631362485e+00 4.842784595449636242e-01 7.669480260504989433e-01 5.461707847674807104e-01 1.363712714595572528e+00 -6.203304451081012028e-01 -3.332309743378384370e-01
-1.360795920545774029e+00 7.658839996240908166e-01 1.128068544168748577e+00 9.663067381053828120e-01 -2.507730592665583735e+00 -4.277924699434846323e-01 -7.000514528918370116e-01
-8.833769476026207546e-01 1.090983676840350247e+00 1.529077892565779306e+00 8.687746027170450969e-01 -1.698080629630298599e+00 -9.259923698516459023e-02 -7.229292963777161907e-01
-2.067540442352603924e-01 1.476606233223960007e+00 1.972641150857719738e+00 9.106327013174904117e-01 -9.650563085928178797e-01 3.838443607142194014e-01 -2.896933004546209389e-01
5.476061595701474660e-01 1.909815578046899720e+00 2.487367614722657105e+00 1.460526066499075348e+00 -2.324038106349702870e-01 9.402293143485264126e-01 1.873720537542746811e-01
1.306889028169765377e+00 2.367843123735469568e+00 -3.138377188273226537e+00 2.225586288115970035e+00 6.424115904909222241e-01 1.508641610865374627e+00 5.797223940970832601e-01
2.045827878101997399e+00 2.842276289543653522e+00 -2.261950609845217119e+00 3.117725071386822311e+00 2.690298936323128665e+00 1.939969682401131656e+00 9.020307507788543067e-01
2.746030162284069487e+00 -2.899394890365671884e+00 -9.675713163141805850e-01 -2.318259962273564234e+00 -2.216955172545083563e+00 1.421960269349257455e+00 1.286393591186340446e+00
-2.895852273173702418e+00 -2.236005664105158441e+00 -2.057191634351013265e-02 -1.795753884783402254e+00 -1.489245446497621028e+00 1.465630910460968384e+00 1.816011090253055738e+00
-2.311211580473676364e+00 -1.398911834180695202e+00 -1.172963105145371082e-01 -1.456002458981194181e+00 -8.848111937869808097e-01 2.508008757160251179e+00 2.578434773562190863e+00
-1.784473399725692522e+00 -4.985168722503396377e-01 1.101136601752007449e-01 -9.542851100781261087e-01 -3.504450698027084532e-01 -2.209746376946716051e+00 -2.551642560923176095e+00
-1.279590287754935662e+00 3.234881521046596431e-01 6.532974751221243270e-01 -3.245932852254849177e-01 1.340764677975125885e-01 -1.023519235693521878e+00 -1.262632437647047023e+00
-7.617181987418073508e-01 1.061339331239858685e+00 1.283864046402085402e+00 3.447542737673985336e-01 6.047842215914610575e-01 -1.322556783642149514e-01 -2.717257859473157788e-01
-2.087715494244550829e-01 1.725032292869158823e+00 1.924440968368916982e+00 1.009269237684272236e+00 1.071823829415766927e+00 6.396450420252690616e-01 5.208024780481113059e-01
4.153383709753102337e-01 2.329128723674855905e+00 2.551086515856454628e+00 1.652186505992568000e+00 1.525551243382023747e+00 1.335176617056033743e+00 1.194816830780312866e+00
1.109960059395020515e+00 2.894822612519700744e+00 -3.125460833085523138e+00 2.275256342811473598e+00 1.963175997755620017e+00 1.968681208942120620e+00 1.763235518789417977e+00
1.861041431224286002e+00 -2.844867215126158477e+00 -2.548257919724362885e+00 2.886813415911592351e+00 2.420111399302034894e+00 2.570027819279708137e+00 2.196584877031026117e+00
2.631798588193762001e+00 -2.308651034243469180e+00 -1.999131213478742453e+00 -2.796958623733666105e+00 2.935766129310232841e+00 -3.106034347350185243e+00 2.426086441220719259e+00
-2.900664691575361775e+00 -1.782734280767389379e+00 -1.498827359702392004e+00 -2.228926784291098695e+00 -2.773232904605681615e+00 -2.480411295648632830e+00 2.529959211523614915e+00
-2.189224632846718865e+00 -1.264387600333756856e+00 -1.081591674684511117e+00 -1.747058423860112120e+00 -2.146012486768298366e+00 -1.846642499935965631e+00 2.782977594717348513e+00
-1.553619097064416366e+00 -7.549419612437351379e-01 -7.804323591397630544e-01 -1.560771297639240274e+00 -1.410825133113419394e+00 -1.293376918121406538e+00 -3.092879339325558696e+00
-1.064849062914503097e+00 -2.842137921632028608e-01 -5.549881574354127434e-01 -2.088224107355834747e+00 2.094205915833660114e+00 2.732187536011116080e+00 -2.649571344704589659e+00
-1.438431939957972583e+00 -7.064214156600703842e-02 -2.297714319703727248e-01 -2.099732621376610542e+00 2.827408896826236973e+00 -2.981968098675724654e+00 -2.253233987528258986e+00
-2.294681248168706666e+00 -1.714517154835235369e+00 2.594407822418488552e-01 -1.711947980388595747e+00 -2.788653402583584295e+00 -2.403772465081515541e+00 -1.969724489016588809e+00
-1.955603684674520171e+00 -1.392770348515527612e+00 9.788114699781906847e-01 -1.231111173198956799e+00 -2.140203567972677856e+00 -1.875532139740805349e+00 -1.752726675092924680e+00
-1.473102182347489464e+00 -8.235523604873589143e-01 2.302915196948086329e+00 -7.084566103015679239e-01 -1.498164415011948192e+00 -1.396236059941570407e+00 -1.402620842449876504e+00
-9.329898410689216881e-01 -1.619794985929520204e-01 -2.123681422262627905e+00 -1.369479092262478603e-01 -8.528850964060294970e-01 -9.153676631008909048e-01 -8.330685023471480211e-01
-3.507467852752647053e-01 5.553894169606055087e-01 -1.307367161971934033e+00 4.935577994722386008e-01 -1.941423923063809176e-01 -3.750362275800773748e-01 -8.165336611994555849e-02
2.697505013571104282e-01 1.319939256244966774e+00 -8.941572626076585983e-01 1.180502533453177794e+00 4.900375183709353988e-01 2.358902418122025835e-01 8.073857683419881637e-01
9.063711621193393242e-01 2.116715350999503809e+00 -7.208246763126421319e-01 1.920335524701474172e+00 1.207600347145172393e+00 8.949201883326801665e-01 1.786641165836939882e+00
1.557405637162366574e+00 2.926459659696020399e+00 -5.558212828766792013e-01 2.719388040192805445e+00 1.974004800256370151e+00 1.598578815233610229e+00 2.739237160611143196e+00
2.220992279895293908e+00 -2.569718902288766760e+00 -4.073412162336927378e-01 -2.726812011588906515e+00 2.796214395288162180e+00 2.385446006918909845e+00 -2.762905191391973769e+00
2.911735804472029177e+00 -1.855861232928694982e+00 -2.902034386588703829e-01 -1.942136316542959040e+00 -2.634791166314635724e+00 -2.985221215261139260e+00 -2.214222291628128669e+00
-2.619451146398259045e+00 -1.190124918174156221e+00 -2.681476236124152868e-01 -1.259844966932084587e+00 -1.794254528672331039e+00 -2.025470774041008504e+00 -1.849054293445963282e+00
-1.834868254830848588e+00 -5.440049075422258573e-01 -1.942398497269548774e-01 -6.365487957583820799e-01 -9.943544633559373569e-01 -1.134384888712452577e+00 -1.485221683063055798e+00
-1.065943922080579531e+00 7.213061971629353142e-02 4.662421979027890628e-02 -2.680149525990466186e-02 -2.396498547173492588e-01 -3.290308529112980218e-01 -1.039444144300800454e+00
-3.571574914805693557e-01 6.361280281594178243e-01 4.342154299286745678e-01 5.665356301490064306e-01 4.689181117090003292e-01 3.945859586404614761e-01 -5.542798503757323525e-01
2.655474878896108004e-01 1.105444184355207415e+00 8.748594323700684683e-01 1.106586165899385632e+00 1.116653112355123101e+00 1.022230445515601494e+00 -5.477055464934144774e-02
8.153258821815608792e-01 1.459321373674904665e+00 1.337976445125199643e+00 1.549726552544185010e+00 1.689063557420728667e+00 1.551986880083479292e+00 4.710793150331680224e-01
1.297863451543046942e+00 1.701251871895004708e+00 1.793984684982219635e+00 1.889219069549752383e+00 2.175224100712547237e+00 2.025346067736466527e+00 1.041227038099308277e+00
1.742496666759495882e+00 1.889164658192267421e+00 2.210893745250596787e+00 2.181497644081936027e+00 2.602604117082798041e+00 2.494354980217210471e+00 1.647373856980428597e+00
2.148401479388099222e+00 2.088503390736464294e+00 2.546095629966801610e+00 2.437704045625077587e+00 3.051715770917028614e+00 2.929437002818854552e+00 2.250514531181070588e+00
2.367153505715644979e+00 2.329356479180829442e+00 2.770684323963276796e+00 2.559749338375348238e+00 -2.735885270501238420e+00 3.080061380174883734e+00 2.684518434615956295e+00
2.005302595754969275e+00 2.654861925496458497e+00 2.995200820093065541e+00 2.631248918670731296e+00 -2.353644849684615625e+00 2.555301553973227779e+00 1.870819151287062443e+00
1.951545186345132743e+00 3.067488535967489938e+00 -2.960153575538940984e+00 2.922097275555755935e+00 2.629327106575050088e+00 2.645909925923314088e+00 1.896065738541941270e+00
2.371436216939917685e+00 -2.738671331687045907e+00 -2.522649555025610724e+00 -2.886764843253265767e+00 2.852658241243907433e+00 3.124606579292836361e+00 2.482489032848861132e+00
2.896373868694348097e+00 -2.234043664678858399e+00 -2.022619926265370349e+00 -2.332564948983674391e+00 -2.828106083202472032e+00 -2.589463210656246073e+00 3.137194084903066837e+00
-2.851497278581262673e+00 -1.709548906421563208e+00 -1.468199152398253604e+00 -1.755068713262272651e+00 -2.195988030453766893e+00 -2.010953084527070889e+00 -2.509932213305085646e+00
-2.346353573078464816e+00 -1.160623190659058057e+00 -8.652653787909622141e-01 -1.186466298362582883e+00 -1.588766250096850907e+00 -1.470175183026859900e+00 -1.935976695854642049e+00
-1.858462413109696065e+00 -5.650434036496595480e-01 -2.294081459639888965e-01 -6.391372696815248444e-01 -1.010383794766761989e+00 -9.864626053627496560e-01 -1.420939425099428721e+00
-1.353624877452772823e+00 1.173054035370100501e-01 4.333118488109591881e-01 -8.773385657581403430e-02 -4.314276416232638023e-01 -5.203277120610259043e-01 -8.855022135071557443e-01
-7.940966860976612640e-01 9.131077786146372111e-01 1.111505829721388228e+00 5.214032111545645609e-01 1.819316894830927123e-01 1.009515259405827613e-02 -2.645052029440940200e-01
-1.616174655375300084e-01 1.835550290659776262e+00 1.826776722810773412e+00 1.215378796073372403e+00 8.426220517221054696e-01 6.607605019042198657e-01 4.360345586328260303e-01
5.357451824487370340e-01 2.793035323393607161e+00 2.591243977129074505e+00 1.975366401526124749e+00 1.533124114136514171e+00 1.462253514135698707e+00 1.197198448112739122e+00
1.294971809425284670e+00 -2.609222777419606842e+00 -2.874548412964483823e+00 2.761618545365971844e+00 2.229319562790919029e+00 2.665973935479396761e+00 2.024239311883592851e+00
2.073228960045967906e+00 -1.741388973990598110e+00 -1.947104408381614249e+00 -2.744421967107347982e+00 2.908084305544247794e+00 -1.505897724004142901e+00 2.968048009971944179e+00
2.806181849548014196e+00 -5.369645023501334880e-01 -7.348635537241950955e-01 -1.993450700949723542e+00 -2.735585022809665201e+00 -3.409021027278300031e-01 -2.169692683414314871e+00
-2.846448225469966342e+00 1.867404097940644991e+00 9.573105495795899422e-01 -1.263833804677730432e+00 -2.152516604058293037e+00 4.799499810574460734e-01 -9.058302055892791804e-01
-2.429662053338680572e+00 2.901307418180911313e+00 2.268634669895380984e+00 -5.111105498561930860e-01 -1.663125423673292413e+00 1.226224643256921043e+00 2.143835175877052968e-01
-2.329267473377304221e+00 -2.618700288198737347e+00 -3.057720208602243694e+00 -3.031887999393773736e+00 -1.346032953948952837e+00 1.939284506584141754e+00 1.188811230215198300e+00
-2.270470291943597285e+00 -1.926221613900044760e+00 -2.207612752646025189e+00 -2.263114938917544450e+00 -1.283687644143614026e+00 2.620159889607829307e+00 2.117190129833931955e+00
-1.927517722054416183e+00 -1.273183179634701068e+00 -1.312056751315476388e+00 -1.480951353727166353e+00 -1.204588752416659858e+00 -3.032474335848699631e+00 3.085303090031335849e+00
-1.448530491314897084e+00 -8.893387593970285554e-01 3.764652134613348800e-01 -6.448843493677010041e-01 -8.435679262867820105e-01 -2.497561839066813949e+00 -2.004524594458136910e+00
-9.671610257719873704e-01 -2.943241279915269626e+00 2.533357861953946966e+00 3.387495303786158263e-01 -2.711045082411776552e-01 -2.109037597139586051e+00 -3.567845563297763079e-03
-6.892508901962343115e-01 -2.413334946610048881e+00 -2.935921200999428216e+00 1.861824030243924621e+00 8.469953062257166154e-01 -1.831747909512365879e+00 1.486306017422936998e+00
-1.253044968438129514e+00 -1.873893070324975874e+00 -2.320788730142126610e+00 -2.781228252418753044e+00 -2.640736056843842050e+00 -1.514569577631953878e+00 2.365947600375849724e+00
-1.324249170716419455e+00 -1.357967218124727538e+00 -1.826042301683157287e+00 -1.842329175729295221e+00 -1.848042823789848299e+00 -1.106725405654950034e+00 2.982898815452397212e+00
-9.018418781389370142e-01 -8.576299775128108926e-01 -1.383375141923266050e+00 -1.172326958724295265e+00 -1.158781486195819665e+00 -6.405551071162124410e-01 -2.878113137290652990e+00
-3.988729819830939549e-01 -3.642309715296936368e-01 -9.201517536521967022e-01 -6.632005419242681388e-01 -4.899992398418993589e-01 -1.550759100274792524e-01 -2.508787611324817757e+00
6.863681849226162257e-02 1.148967898962291456e-01 -3.991159924761591427e-01 -3.416064020173022464e-01 1.698050712234601689e-01 2.419513092962511658e-01 -2.099177461245894438e+00
4.387101281444040768e-01 5.695803523877421837e-01 2.002613204194053365e-01 -2.449939999954597047e-01 8.266571186651415770e-01 -1.302164512583484611e-02 -1.673534135309589610e+00
5.820338737686475694e-01 9.324990813482300078e-01 8.804989939527668730e-01 -2.039608299156766835e-01 -1.618187525767598167e+00 -6.925065782067040265e-01 -1.308322663402153418e+00
4.529626280597450760e-01 1.007267080102113077e+00 1.705890393146685113e+00 -4.232326258557433940e-02 -9.626470649245550959e-01 -4.599386749582208278e-01 -1.069038957606754714e+00
4.194857099541214884e-01 7.855740770062162870e-01 2.986039904764125286e+00 2.409440778517753512e-01 -3.059857629387752187e-01 -5.940695894375609687e-02 -8.554425181804624634e-01
6.660359082322520052e-01 9.741584129823901428e-01 -1.584462681040500032e+00 6.249054514334067001e-01 3.360315018068167903e-01 4.077361169028811960e-01 -5.116804499129689043e-01
1.039628405559797741e+00 1.427540826545590891e+00 -5.954668261365294590e-01 1.078726893228599160e+00 9.513753954305276261e-01 9.166384506344885663e-01 -5.510005744999665889e-02
1.457351809033119894e+00 1.971555658464826832e+00 1.323251184911125311e-01 1.580925252457098917e+00 1.541296681872111662e+00 1.452326465893356566e+00 4.705685768101804389e-01
1.875265856833944200e+00 2.569979747150036076e+00 7.661723597974183786e-01 2.139862668126018441e+00 2.115651040478001566e+00 2.018113302585875068e+00 1.076057894109309299e+00
2.294443683994018102e+00 -3.036550929243431174e+00 1.249322039275672092e+00 2.780501680665790509e+00 2.694826965214648595e+00 2.633482183105527952e+00 1.776905226363107770e+00
2.747689031385103675e+00 -2.096155772655218907e+00 5.289292497029332019e-01 -2.764579283879810223e+00 -2.974002551232169722e+00 -2.971184690245316062e+00 2.586180210094809251e+00
-3.036919714012412008e+00 -4.592074044489062867e-01 4.366392155719527879e-01 -1.948545899343574472e+00 -2.300642756591892102e+00 -2.231386582386954753e+00 -2.731864082992983001e+00
-2.482388388802623247e+00 7.579159388905740702e-01 1.018696344348050564e+00 -1.135555032441194268e+00 -1.565313324957148478e+00 -1.433108868019201454e+00 -1.540993657799971217e+00
-1.882332809808542340e+00 1.912340629768530600e-02 1.718947680202931094e+00 -4.265430593767691181e-01 -8.163179629976822227e-01 -6.077362937502918117e-01 -3.086680620279828036e-01
-1.229355799614676226e+00 -2.993889191757218016e-01 2.572819913677348413e+00 1.336396961707486120e-01 -1.126769291020573160e-01 1.590971236899540731e-01 6.348186651265644853e-01
-5.247717438677207413e-01 2.459432960831978987e-01 -1.866602301878456993e+00 5.715795114356273521e-01 5.173060157532762826e-01 8.009216618033897506e-01 9.789864641445678028e-01
2.088836033658033886e-01 7.603847140837352025e-01 -1.927157464137757292e-01 9.865621041869261365e-01 1.071478178946233761e+00 1.305366957133008210e+00 5.609042599159314024e-01
9.826236106067798293e-01 1.250281021434006323e+00 6.300607424868557294e-01 1.473519892823213606e+00 1.580302929250592570e+00 1.749493441065586463e+00 1.023668932022562261e+00
1.805405772490459526e+00 1.722424676348010442e+00 1.271612985311959765e+00 2.049621919817448124e+00 2.087269959486782511e+00 2.247624025783658386e+00 1.744948340264684372e+00
2.728388482276250304e+00 2.194532133858510647e+00 1.757601153257824622e+00 2.697860391579479877e+00 2.633866300843698216e+00 2.827292162761086303e+00 2.523483106462133918e+00
-2.492097768660644697e+00 -6.145879172631973919e-01 1.978159418244486822e+00 -2.840467177912278540e+00 -3.025438144951839714e+00 -2.836331082164508022e+00 -2.965939497308576200e+00
-1.403822316525048075e+00 -1.856321658776528827e-02 1.933998905420581282e+00 -1.240435275983419877e-01 -2.226537657126948844e+00 -2.273435153202551628e+00 -2.176162974033028608e+00
-4.466582457987224308e-01 5.205816155280819091e-01 2.039030026928188022e+00 1.254962700142452592e+00 -5.453199437994791371e-02 -2.148172373738320484e+00 -1.430304463258546877e+00
3.612519704668546439e-01 1.103325947952709107e+00 2.411025720502431913e+00 1.923935448782132296e+00 1.379758528541583207e+00 -2.734667047038652044e+00 -1.073000293287422968e+00
1.052974281925915356e+00 1.703453502107489026e+00 2.983822621299483391e+00 2.506789934009223231e+00 2.049423771625398683e+00 -2.427235374316262462e+00 -2.634698682847676388e+00
1.662391528666154361e+00 2.294755580727740885e+00 -2.581391381673121543e+00 3.033461793718110755e+00 2.572086640093902421e+00 -1.956032393605330988e+00 -2.067401937610515716e+00
2.201140104249911911e+00 2.848270889919596094e+00 -1.670366806911224744e+00 -2.767874631245981654e+00 3.008518817179589799e+00 -1.666264317281426655e+00 -1.451199761334737381e+00
2.673348920884909496e+00 -2.952004881677753545e+00 -4.586964840284672440e-01 -2.340474938538863015e+00 -2.892281134508857932e+00 -1.643195924831403643e+00 -8.970717902379927722e-01
3.086190003638329404e+00 -2.544213855704959393e+00 9.065353603660505355e-01 -2.019824635561510373e+00 -2.524293129098067023e+00 -1.405839592897532020e+00 -3.646434055547421726e-01
-2.840166370660863304e+00 -2.175125913815177725e+00 2.039684333053548126e+00 -1.879405965027456604e+00 -2.152083607687139466e+00 -9.145252445460981816e-01 4.136192954119413123e-01
-2.505367288769660306e+00 -1.772155691082068163e+00 2.977379650417606438e+00 -1.787520581978622181e+00 -1.778770014852035564e+00 -3.502580290421689058e-01 1.602758683519292182e+00
-2.157371318664585313e+00 -1.314357246967846393e+00 -2.479052258595694003e+00 -1.456912422803555485e+00 -1.429166186250493409e+00 2.258355847695297514e-01 2.990883060673004579e+00
-1.769886537296287088e+00 -8.358736175027500215e-01 -1.740769643635452724e+00 -8.403407747014152163e-01 -1.149012037874561187e+00 8.700624458603415379e-01 -1.717195493041947962e+00
-1.360339330075963638e+00 -4.251964695677235562e-01 -1.162958541031450244e+00 3.328905164654081261e-01 -1.067395559307978248e+00 1.662705316182292892e+00 3.325743062745415424e-01
-9.946137476014268453e-01 -3.872178417259048433e-01 -9.283896755907204978e-01 2.371238542908295610e+00 -1.621106637782075088e+00 2.550237528780991081e+00 1.744374421628294813e+00
-9.676988089676612503e-01 -8.772785760927552801e-01 -9.085615933888662177e-01 -2.894529264177956751e+00 -1.999784262323460071e+00 -2.864829984729364565e+00 2.757586928449016650e+00
-1.928413494695776498e+00 -8.555559464817769078e-01 -6.410185680372241235e-01 -2.155679463199780876e+00 -1.750423450437087691e+00 -2.078621537890460225e+00 -2.650595908927600330e+00
-1.921410801053635931e+00 -6.305856204307410673e-01 -2.857922942743282846e-01 -1.521092399202788492e+00 -1.325940566169134360e+00 -1.408091239941903217e+00 -1.867957306143511520e+00
-1.597387709687698720e+00 -3.616510871848318542e-01 -5.692730369596407658e-02 -9.821924189064765720e-01 -8.694006002502510100e-01 -8.802181088326149760e-01 -1.209127488469796674e+00
-1.192874085835966547e+00 2.334419202872477228e-02 1.998504689134475709e-01 -5.198590414347540323e-01 -4.376223008899892131e-01 -4.577537360594803317e-01 -7.446845834482282989e-01
-7.225851261153291016e-01 5.120232578161301173e-01 6.457320458791212525e-01 -6.057191244211784786e-02 -4.230615360411373732e-02 -1.654565110615871179e-02 -4.420139116628227782e-01
-1.973424450895092386e-01 1.052549900385277626e+00 1.218225433455707440e+00 4.533173723308001057e-01 3.502254693068009850e-01 5.005299157182159231e-01 -6.921081198744387375e-02
3.500267027448150103e-01 1.599103028183172404e+00 1.828249224036088583e+00 1.022287302954186572e+00 7.756619188116833374e-01 1.058765306918888038e+00 4.521834596919063753e-01
8.934267320699144088e-01 2.130888978142252199e+00 2.434735899002020698e+00 1.629698209603712700e+00 1.244727448044220752e+00 1.617930640117019703e+00 1.068579116468572066e+00
1.411769328741651286e+00 2.640224446814880999e+00 3.023744188660906218e+00 2.261568771079425666e+00 1.740686044902725271e+00 2.140057625648783102e+00 1.748518712855576807e+00
1.909377825013573782e+00 3.120761209966716354e+00 -2.698020511302487989e+00 2.903053454658413024e+00 2.235563861339052938e+00 2.564449041642236082e+00 2.479698225128986078e+00
2.405425238481907702e+00 -2.707060694772913223e+00 -2.163743698464347442e+00 -2.746122597379238695e+00 2.694000503272427682e+00 2.807460105955825735e+00 -3.024563740006997126e+00
2.909590654731352810e+00 -2.264869553530602708e+00 -1.663469768050908071e+00 -2.134937424202570710e+00 3.071967828131532574e+00 2.960541203731367865e+00 -2.178514853381819716e+00
-2.849719351932183731e+00 -1.791651251959780478e+00 -1.159051720120315432e+00 -1.545782867150263362e+00 -2.950707681056617293e+00 -2.987823319707878955e+00 -1.152555019520242530e+00
-2.296424261943423417e+00 -1.227526094483236019e+00 -5.378397590849610665e-01 -9.349873262901974291e-01 2.295953694193034078e+00 -2.523375064048310357e+00 7.639666268849270025e-01
-1.681616083699920772e+00 -4.119935861746079619e-01 2.853844043854676937e-01 -2.364421498338742933e-01 1.421503173960647182e+00 2.322003815992407016e+00 2.748830590422382869e+00
-9.835492998828517797e-01 1.468380473898371674e+00 1.242225589555123522e+00 5.759395444624721971e-01 1.807838656908524966e+00 2.179233686923690350e+00 -1.553090642843228064e+00
-1.583908189511981368e-01 2.794050562395394621e+00 2.142500552803231706e+00 1.488348225654656520e+00 2.294839428355292643e+00 2.739003018214569707e+00 2.035559305630977589e-01
9.159526065227091562e-01 -2.730757677995488741e+00 2.926919969667832078e+00 2.464469482159941549e+00 2.833819634520767572e+00 -3.007058028592544563e+00 1.234177407059491527e+00
2.203652340962554135e+00 -2.048493613062327245e+00 -2.652075563846321593e+00 -2.842515037405236811e+00 -2.853233382729879697e+00 -2.499776791057862546e+00 2.112401516207724761e+00
-3.000388185350083337e+00 -1.366366862984775388e+00 -1.993191166127425973e+00 -1.924265396381826587e+00 -2.212145278991699104e+00 -1.964556931800005346e+00 2.944345174017898970e+00
-2.174937376712946069e+00 -6.502643785425415990e-01 -1.305945467052241682e+00 -1.075742236300151200e+00 -1.548256708479608390e+00 -1.355535318896727404e+00 -2.535551153337397778e+00
-1.471581133029831845e+00 1.366650108745262882e-01 -3.389349389667557499e-01 -2.810456047001175794e-01 -8.886777379073513838e-01 -6.733625160266570875e-01 -1.758635707592556940e+00
-8.059468205418494069e-01 1.045487501766155125e+00 1.944304607767824100e+00 4.745492530724726432e-01 -2.473362792679874023e-01 7.127538424978624443e-02 -1.003540190860331860e+00
-1.529090269534816027e-01 2.130647516267894837e+00 2.979562369934971144e+00 1.198010571703378657e+00 3.768723214372954877e-01 8.868663994984337107e-01 -2.510329481469958379e-01
4.743651059349507926e-01 -3.042043206665537181e+00 -2.663100381599009303e+00 1.891458131345240767e+00 9.763081900743681985e-01 1.786093814018486992e+00 5.235310166719440161e-01
1.064406990492245741e+00 -2.125633450374794453e+00 -2.140014761018917078e+00 2.552148388595821604e+00 1.529597713896311939e+00 2.736424691495667361e+00 1.326397693700994918e+00
1.598379893263270013e+00 -1.370435866465579799e+00 -1.686753245633865417e+00 -3.114931952633407164e+00 2.001576989183571964e+00 -2.640420381336129552e+00 2.145347377369933195e+00
2.067539877789790204e+00 -7.235037234749696067e-01 -1.302214669731373009e+00 -2.568220954309907711e+00 2.375278386348037785e+00 -1.849361896565699270e+00 2.955066561117774881e+00
2.475240294485892889e+00 -3.773725390069823660e-01 -9.985466688498834120e-01 -2.128145378632922746e+00 2.696630635955518773e+00 -1.180863492010561844e+00 -2.574453801432404543e+00
2.843949971756304151e+00 -2.071843820013585358e+00 -7.440892523974311779e-01 -1.830686224089689729e+00 3.037495554914381835e+00 -6.354676115164968886e-01 2.859164872697534499e+00
-3.058720953027498357e+00 -1.603867958100937852e+00 -4.551729767616914391e-01 -1.672979376013314701e+00 -2.857820569794390142e+00 -3.068294574128155316e-01 2.302370389706441589e+00
-2.650366629620862113e+00 -9.892563682464537989e-01 -9.728381830885454717e-02 -1.599393494681757621e+00 -2.439176981131106370e+00 -4.694637679753196347e-01 3.023716115045868680e+00
-2.185910376496543961e+00 -3.640480088879723963e-01 2.466469351096861329e-01 -1.512721622239175279e+00 -1.997644969088149702e+00 -4.739907876618834059e-01 -2.492590361029140666e+00
-1.614319815140492498e+00 2.468823934746796067e-01 4.683373542780592813e-01 -1.307829161112146199e+00 -1.537157872502314726e+00 6.609803055988738851e-03 -1.704502524671452024e+00
-6.908024651141360106e-01 8.245835563650731892e-01 5.081716894679274565e-01 -1.062873477687911627e+00 -1.064605546531981251e+00 6.543946421123555401e-01 -9.188055450769493371e-01
9.962682929797530562e-01 1.392793020974223195e+00 5.605796457768049690e-01 -1.307834138041858996e+00 2.604230023627114310e+00 1.371723706606997384e+00 -1.603995773619498744e-01
2.080942109315625732e+00 1.984111218764901929e+00 7.405839611379393395e-01 -1.820505822945318597e+00 3.138634912485885664e+00 2.129911984244459600e+00 5.331310389027470453e-01
2.790927601179919115e+00 2.625017364613756676e+00 1.038747474629632350e+00 -1.523865118317421885e+00 -2.591270034934688660e+00 2.911399742343668162e+00 1.034040526503202440e+00
-2.885856816560792293e+00 -2.969842330566799138e+00 1.397509744111524510e+00 -1.048987843800624153e+00 -2.034299682368090778e+00 -2.601917917696239257e+00 1.114304644446581838e+00
-2.366200733126317513e+00 -2.291431721703563351e+00 1.757035056007611118e+00 -6.265037650234293043e-01 -1.508487275332022204e+00 -1.924510397141087958e+00 1.335352194491009170e+00
-1.957524485292742256e+00 -1.659560131244565584e+00 2.054960994748162406e+00 -1.051692846017695970e+00 -1.068971712872998081e+00 -1.521124691337838009e+00 1.948933173564076693e+00
-1.685630620125273094e+00 -1.104855030192521514e+00 2.194148201450954350e+00 -1.678120063070993595e+00 -7.955708114003881004e-01 -1.542894053570902368e+00 2.680793083882198502e+00
-1.454812166244507488e+00 -6.585957710231233886e-01 1.835540060301861898e+00 -1.266462376458833416e+00 -7.113390528488899855e-01 -1.341689088522849849e+00 -2.893275667242659832e+00
-1.160504073781967405e+00 -3.820285789037218271e-01 1.379390607702354110e+00 -7.657260042346925033e-01 -6.398819041828714971e-01 -8.820273426286112661e-01 -2.312959221000230770e+00
-8.297569992849339604e-01 -2.485512553974804362e-01 1.491180552790896119e+00 -3.073244400888077710e-01 -4.670947437683531378e-01 -4.131677720627728312e-01 -1.904669346576766564e+00
-5.230816553684327630e-01 2.032666720355424950e-02 1.805181603747688657e+00 9.194159199290581619e-02 -2.196149508888987634e-01 -3.634156576451844090e-02 -1.448887216866854288e+00
-2.877284883127741999e-01 4.349080542011553030e-01 2.278620383568068952e+00 4.760811534898956587e-01 7.632452860677595152e-02 2.687718877614231894e-01 -8.236631963810839840e-01
-1.134905293776330010e-01 8.607928201902205201e-01 2.872949815015271469e+00 8.637499494558248392e-01 4.163344423132325223e-01 5.878954733403902733e-01 -1.675972351881706290e-01
4.150112533655164054e-02 1.186074931773671626e+00 -2.770711817597990567e+00 1.229037424951742397e+00 7.901770636771865419e-01 9.432179672273248716e-01 2.774880422892787024e-01
2.972372906158614603e-01 1.452890548233433998e+00 -2.362174917241720795e+00 1.593523652546272595e+00 1.190147179968841673e+00 1.385274176211764852e+00 5.533190345011900213e-01
6.828781661198632946e-01 1.808494349677616686e+00 -2.778892397295017247e+00 2.029392814464135331e+00 1.604561161527790158e+00 1.963724013087768228e+00 1.253579480994721163e+00
1.158176789182316035e+00 2.290367497094114135e+00 -2.480649137913227609e+00 2.553718605948976705e+00 2.023283483683567141e+00 2.678517199987937136e+00 2.222678331218371106e+00
1.664471670726440644e+00 2.876200740988740900e+00 -1.726976184216854282e+00 3.136806062283957086e+00 2.445045481244063179e+00 -2.736293641409252242e+00 -3.071333445523643846e+00
2.173257264016504653e+00 -2.717453932216833401e+00 -8.869655543805565756e-01 -2.527485934638655785e+00 2.883403171805148268e+00 -1.667806933058490815e+00 -2.164650108597047318e+00
2.679177888763006443e+00 -1.365306587445747066e+00 -3.992541787917164298e-02 -1.880069945361482864e+00 -2.917088323792539128e+00 -5.910150184279076013e-01 -1.334625239588875356e+00
-3.107164628483470192e+00 1.452844396532485760e+00 7.944841268982926197e-01 -1.228019085325479098e+00 -2.379170423145444246e+00 1.944599216976433120e-01 -5.230509129039505600e-01
-2.614833813436040710e+00 2.353213451168020054e+00 1.586042636074198597e+00 -6.995098007687967634e-01 -1.802367562406837154e+00 6.414915216133223463e-01 3.625474101448126207e-01
-2.138709751476967291e+00 -3.030577856869383524e+00 2.286337450109118041e+00 -5.729721579579382107e-01 -1.230287322844358044e+00 -7.098002643987469940e-01 2.115393490657889064e+00
-1.655098246024739206e+00 -1.764667516959432580e+00 2.454433397216903234e+00 -4.582383742825821837e-01 -6.910111059534469469e-01 -6.289665899952820993e-01 -1.833350090190717596e+00
-1.141227993911583249e+00 3.932841028802649963e-01 1.371651408243627968e+00 1.129100460578717421e-02 -1.638646096380860506e-01 -8.513179791475516955e-02 -9.210871611379636281e-01
-5.978059612709101245e-01 1.559791661681246167e+00 1.839962493406531285e+00 6.056854911374197625e-01 3.776600326017552356e-01 5.194647940225997074e-01 -1.348245726101885977e-01
-4.011668225145085392e-02 2.408761629068799870e+00 2.443740880143294270e+00 1.223319308211908041e+00 9.282731548468716731e-01 1.142274365992435259e+00 6.088610063583528298e-01
5.067317408721826455e-01 -3.058414122206102093e+00 3.063699260270768221e+00 1.837040632708159205e+00 1.456562003591352683e+00 1.763072913005004017e+00 1.329640503012160746e+00
1.050584555615578175e+00 -2.184679794366050753e+00 -2.599538476023052436e+00 2.443218894670708963e+00 1.934258384777663098e+00 2.374798525964197271e+00 2.030778438943025233e+00
1.587348478895730164e+00 -1.190450199044839730e+00 -1.938774510063423717e+00 3.040742742111120833e+00 2.321691835092378753e+00 2.966156906217707778e+00 2.706257801348895153e+00
2.094457094163485689e+00 -1.824034435215371730e-01 -1.068025185742333738e+00 -2.668559859282872537e+00 2.477865103540444203e+00 -2.908866822020185428e+00 -2.941044844475454667e+00
1.809369721434726408e+00 6.937008554448627073e-01 1.594267467737176647e+00 -2.376634029998740960e+00 2.001870748015543988e+00 1.734698701307467061e+00 -2.374545064435482633e+00
4.520238128762191221e-01 1.450714888061952923e+00 2.578059896980525068e+00 1.736577401847070323e+00 1.694018241917388368e+00 2.135472108940858593e+00 -1.935218362185928243e+00
9.534423950957807703e-01 2.126020902886301300e+00 -3.056451254737831302e+00 2.213733400251648664e+00 1.910363462694443237e+00 2.728848192990335875e+00 1.641174567893410874e+00
1.499112779342605117e+00 2.746778386989680687e+00 -2.500043849216740721e+00 2.686282073898973888e+00 2.278261673652917096e+00 -3.019251684579826289e+00 1.950889000568349463e+00
2.026895474621739357e+00 -2.945308802651190661e+00 -2.014476493248779310e+00 -3.140680740918385894e+00 2.697202752111632851e+00 -2.729695163841432848e+00 2.418655260627052606e+00
2.528071274931386725e+00 -2.377195134062961568e+00 -1.614015981118347876e+00 -2.682285348348853127e+00 -3.138925239716218840e+00 -3.078026485429466330e+00 3.005345188892194042e+00
3.013156361428183772e+00 -1.835597383754468348e+00 -1.262164344416730977e+00 -2.206589815785345632e+00 -2.666979850165309252e+00 3.001937890204129378e+00 -2.639836652995536159e+00
-2.798355186878395351e+00 -1.406151520842855218e+00 -9.032466185128298353e-01 -1.719586600844324797e+00 -2.192243755727165233e+00 -2.988747746100587133e+00 -2.004659116657814266e+00
-2.323783411732455839e+00 -1.291946400035928422e+00 -5.290645760083800830e-01 -1.242994189298483709e+00 -1.740212694764898815e+00 -2.493448483415072303e+00 -1.427242804976788015e+00
-1.824050278658394975e+00 -1.287201744090590960e+00 -1.267359941711860838e-01 -7.916770001017240377e-01 -1.312751244576553233e+00 -1.893527247316147744e+00 -9.661003326063104524e-01
-1.260636910313194248e+00 -8.767295137118434889e-01 3.331711508713831038e-01 -3.391118151347854437e-01 -8.646162206126088989e-01 -1.226941598787997689e+00 -6.079920406546933664e-01
-6.034379622208552174e-01 9.216151411699748941e-01 9.232738960622507429e-01 2.086607531656038406e-01 -2.993075962106575005e-01 -4.977246119795454282e-01 -1.743976533182502731e-01
1.787653220218145822e-01 -3.119204746377037374e+00 1.654872160181424467e+00 1.006226080608217277e+00 9.115357545485356372e-01 3.667305797805539558e-01 4.438180778135219495e-01
1.143292543477147927e+00 -2.390125354449756490e+00 2.517470143533807381e+00 2.123293017667107652e+00 2.745948471061466112e+00 1.944839408511385814e+00 1.196239179628195926e+00
2.181753538736241449e+00 -1.695108388097904761e+00 -2.808155864141160585e+00 -3.125913872661266080e+00 -2.865934498966117516e+00 -2.490592150502596969e+00 2.007849473945782837e+00
3.033464781069683980e+00 -1.018623595920990610e+00 -1.850245712382198482e+00 -2.349464455319103973e+00 -2.370033670080973653e+00 -1.591960207158160889e+00 2.817807982837451597e+00
-2.591371700011384949e+00 -3.647542570228175518e-01 -9.506649793170577345e-01 -1.712397133394312654e+00 -1.900366130874478143e+00 -8.910336220890355818e-01 -2.687032622810744620e+00
-2.056449562612105542e+00 2.640730416682280923e-01 -9.468780174805710437e-02 -1.143201426996223402e+00 -1.447425875132389406e+00 -2.601924675913226404e-01 -1.941451130640813982e+00
-1.613432405267236636e+00 8.143239970732654154e-01 7.662737333461577816e-01 -6.323893050056503817e-01 -1.035074273199506845e+00 3.329923043635119040e-01 -1.238540838746552630e+00
-1.307067944723760311e+00 7.602895813373510281e-01 1.761240611915267484e+00 -2.658261424878234358e-01 -7.021480072419189478e-01 8.725484790904296517e-01 -6.563485166188907094e-01
-1.128918817611235914e+00 -4.399434477417338285e-01 -2.889566651046167500e+00 -1.965769245988835123e-01 -4.527769558003696959e-01 9.952678209503037499e-01 -5.973813753019731054e-01
-8.791439840750281398e-01 -1.756666126218300525e-02 -8.247516945412509681e-01 -8.338367072637366262e-02 -1.814737798782064260e-01 9.018805042884489587e-02 -9.170175167416469986e-01
-4.714970943921714119e-01 5.016743951360395082e-01 2.997681509311472259e-01 3.554579738637979047e-01 1.967272811776216435e-01 4.922886285978845256e-01 -5.177707177019142959e-01
3.786926669199034562e-02 1.028691865596881527e+00 1.274716244525723408e+00 9.410332038753211892e-01 6.609219026219669280e-01 1.123070967466646364e+00 -9.427011260047196695e-02
5.823212866794650333e-01 1.535369034336952154e+00 2.318936979206429605e+00 1.556927423802938248e+00 1.158402636938661301e+00 1.733085667589189249e+00 -1.476219251309938807e+00
1.138679765284194678e+00 2.007615334867755674e+00 -1.473994210046787767e+00 2.151169468446925137e+00 1.663950743828315204e+00 2.123459655743139773e+00 -1.253577519892818515e+00
1.692713952796828236e+00 2.449915283023721191e+00 3.228976112028650314e-01 2.708660017278393450e+00 2.186418747133703100e+00 2.042056699724928315e+00 -7.035778989796892535e-01
2.250157981756728987e+00 2.895207982379653266e+00 1.411917413947912481e+00 -3.036456269499172134e+00 2.758160256925283438e+00 2.313380290376036985e+00 -1.487332016672807677e-01
2.830674495092688314e+00 -2.892063800799089091e+00 2.675431958436277569e+00 -2.444343824659905184e+00 -2.845734731479133917e+00 -2.887105491143179048e+00 3.696518340071022202e-01
-2.833027572730853816e+00 -2.347378935132891975e+00 -1.729317626955980458e+00 -1.152074859577297827e+00 -1.763762903837491347e+00 -1.144273884677016850e+00 7.736352868001160621e-01
-2.092535820259081802e+00 -1.567467326004083006e+00 -3.102809285748796553e-01 6.170714251263424988e-01 4.186063713477352621e-01 -2.228136046322064245e-01 8.238487996096539590e-01
-1.012107728393226491e+00 1.565152168108072450e+00 6.690488007338135645e-01 1.218634839537945602e+00 1.381799588052478711e+00 3.937369527666317870e-01 4.927744626985086085e-01
3.982607534741955391e-01 2.199344452543349870e+00 1.512943136696373703e+00 1.723029867431097983e+00 2.026983705060849239e+00 9.375729907018669484e-01 6.283541231254204940e-01
1.366102237350897086e+00 2.738844934614236060e+00 2.300720565548534768e+00 2.283967136058429936e+00 2.608493691263464420e+00 1.492452319455472187e+00 1.056063846748688029e+00
2.060919616258921394e+00 -3.006843992236954755e+00 3.048535735958700421e+00 2.930754564875232671e+00 -3.078295662178184511e+00 2.074894031728706789e+00 1.581877511797986413e+00
2.657777383848548780e+00 -2.461113073278920815e+00 -2.522989487950495491e+00 -2.625631938099453055e+00 -2.428605154666298116e+00 2.669234277252069631e+00 2.127770030122424938e+00
-3.093067912841885647e+00 -1.904789136512223369e+00 -1.796425128824799433e+00 -1.816601048180818356e+00 -1.689236505325978133e+00 -3.039442992032100666e+00 2.637288465675279969e+00
-2.705940378108412148e+00 -1.399898603493244131e+00 -9.849631606465485412e-01 -8.685380031948780610e-01 -8.088666525622973946e-01 -2.545379980502859407e+00 3.048929547748553404e+00
-2.456415962946022269e+00 -1.156817779182510053e+00 1.497043570586579879e-02 3.868528125103004589e-01 2.682203029830229624e-01 -2.256919374922367272e+00 -3.021700228815984435e+00
-2.179799396859940508e+00 -1.544524019331446008e+00 1.306787908214944727e+00 1.758391973800115471e+00 1.404358940025614455e+00 -2.317723829664465551e+00 -3.131069442249448276e+00
-1.741890489175225154e+00 -1.491012362515237388e+00 2.602362190481450011e+00 2.751956956628073048e+00 2.352031633938366006e+00 -2.285087566203791276e+00 3.110451518779787428e+00
-1.244901166959369476e+00 -1.074718230449667411e+00 -2.688335243939334429e+00 -2.754598398564361172e+00 3.123197769238807986e+00 -1.916664527602826240e+00 -2.823908955338461091e+00
-8.056052895629627342e-01 -7.671639768308058382e-01 -1.990962585769104232e+00 -2.064943967906234246e+00 -2.488157752584964744e+00 -1.391325099601016912e+00 -2.287019661428103312e+00
-4.813788280084469462e-01 -1.455906858184273123e+00 -1.815623263846846136e+00 -1.432983359469869766e+00 -1.882792441856064203e+00 -8.151091324242022429e-01 -1.697357794453248747e+00
-2.630105344649844579e-01 -1.518367703283131531e+00 -1.837651134513806461e+00 -8.495410193261976328e-01 -1.323746671769449268e+00 -2.424395198696119302e-01 -1.147846564661959778e+00
-4.400620717602753140e-02 -1.045841791555956135e+00 -1.404014630265666419e+00 -2.881184350193577437e-01 -7.924648142137502571e-01 3.044308914129257859e-01 -7.766786452036383848e-01
1.316834142620690595e-01 -5.426992572043605190e-01 -8.247858505960795616e-01 2.864720002106601604e-01 -2.696810942151419699e-01 8.400335024775361648e-01 -7.661852247625101642e-01
3.723402879979772484e-01 -1.102255680088453094e-01 -2.897152989082590890e-01 8.867395943657028212e-01 2.638666224621160628e-01 1.418963663384024132e+00 -7.253829665852554731e-01
6.720674604822778342e-01 2.182287431670545119e-01 4.729521559994012692e-02 1.492500216291441806e+00 8.092213754097526968e-01 2.079136636742605404e+00 -3.737169617149735390e-01
9.738298270561259740e-01 5.183522136191474061e-01 2.561836934219420270e-01 2.059509493401868507e+00 1.345145261623625466e+00 2.822142518121732557e+00 1.192771451904708624e-01
9.506055249662772599e-01 8.430462833885890017e-01 5.673357801212908225e-01 2.543977145013086361e+00 1.790903899037923130e+00 -2.647321166920151736e+00 9.357208573112149042e-01
4.982275894476850819e-01 1.213937083706998932e+00 9.702320567844638921e-01 2.996457236644501254e+00 1.870185237856900384e+00 -1.784621838335524791e+00 -2.397671478201144346e+00
2.711005319273531167e-01 1.631150095520918164e+00 1.357494595790061265e+00 -2.186163543806159293e+00 1.130377898359130162e+00 -8.734779552848742634e-01 -1.524659501765631697e+00
3.417416523707563214e-01 2.109167386822133228e+00 1.794982869465677977e+00 3.020875189567793218e-01 9.146860390267151919e-01 1.624481050350399802e-01 -8.465444848564422919e-01
5.341503600076512592e-01 2.631721034456385944e+00 2.331327759791628651e+00 9.076914678304939255e-01 1.037433917475704792e+00 1.718338599632204922e+00 -5.175724053435331040e-01
8.502250814763553377e-01 3.087967615901841878e+00 2.851517039129882747e+00 1.372472678755044972e+00 1.334668417220392422e+00 -2.671776514193121344e+00 -8.477151345540888672e-01
1.206522711853163621e+00 -3.088508877279236398e+00 2.968829125838955640e+00 1.793325640737519766e+00 1.758445286439137112e+00 -1.519842923846701277e+00 -5.193118306267950901e-01
1.608199907942487794e+00 3.034513437103218525e+00 2.631564863831681311e+00 2.257578699647812215e+00 2.245715504662556317e+00 -6.159222822224857952e-01 1.062655337833619679e-01
2.038424970675634551e+00 -2.798575408395151065e+00 3.089302780248975200e+00 2.781870218232038727e+00 2.750123647582154884e+00 1.586435957697980015e-01 7.330305059204473839e-01
2.449097024063874528e+00 -2.060273973827659422e+00 -2.545444833894272563e+00 -2.962176820545264544e+00 -3.043093860368068171e+00 7.694130629669678756e-01 1.176637153011144798e+00
2.731672553725163155e+00 -1.114394963546520234e+00 -1.954658298625670865e+00 -2.478944328514878226e+00 -2.595064934098240794e+00 1.154171491752380208e+00 1.348654754168708170e+00
2.596428085176044842e+00 1.940432719032177677e-01 -1.855174373506319974e+00 -2.159914797203083214e+00 -2.237650430657873724e+00 1.567241732910786833e+00 1.652902834637439256e+00
2.605406065635601287e+00 1.748385162144445060e+00 -2.126205694806107438e+00 -2.105232997310483078e+00 -1.984442609817807623e+00 2.351216273870654128e+00 2.193227567221213814e+00
3.010425033964415409e+00 2.924815928103690954e+00 -1.788447391808709819e+00 -2.078559621297224602e+00 -1.775618916809691639e+00 -2.158932597631762373e+00 2.817489505987288201e+00
-2.656432813285718009e+00 -2.419274891597228194e+00 -1.157700965508704716e+00 -1.816876079201443339e+00 -1.567619335965058314e+00 -7.031822377080247932e-01 -2.774177623428783157e+00
-1.918508864136864833e+00 -1.597934154022642828e+00 -2.636892514956557521e-01 -1.383062812081060633e+00 -1.374107069619024957e+00 1.631314302782555237e-01 -1.855926510961999787e+00
-1.002895250158418072e+00 -8.682058022616161441e-01 9.966070789937844232e-01 -9.396533786190696125e-01 -1.263571177333135287e+00 9.429757421787050564e-01 -4.007319607252197158e-01
5.322433722273580553e-02 -2.283434237123997956e-01 2.491066269104435182e+00 -2.819265978098073777e+00 -2.007474638944566792e+00 1.709198577211754388e+00 1.136349282642871383e+00
9.876447230812306355e-01 3.715009082646398286e-01 -2.604607650253279783e+00 -2.464491558607460497e+00 -2.389852687491792249e+00 2.454157683373460852e+00 2.199679478653562725e+00
1.722019436117145919e+00 1.159257029183050625e+00 -1.714330056299068206e+00 -1.936782768099000407e+00 -2.021582917641325583e+00 -3.133706497628130805e+00 3.016542666669383532e+00
2.305567684749095569e+00 2.338366983705399083e+00 -1.143018102878898157e+00 -1.529322379190946268e+00 -1.549322607548071939e+00 -2.524641762039860904e+00 -2.659080711084650162e+00
2.821453830838826171e+00 -2.724207436881771471e+00 -1.465140602314387142e+00 -1.268201762399958632e+00 -1.098607449006211656e+00 -2.047925820438679878e+00 -2.285639292297336311e+00
-2.927731520344942329e+00 -1.842391878613098166e+00 -1.388079111758422579e+00 -9.590762249017207308e-01 -7.183841499212635373e-01 -1.706296148703625892e+00 -1.966349401474783098e+00
-2.361657126860561284e+00 -1.173613095283003949e+00 -7.842896365607819886e-01 -4.951116987740787900e-01 -3.966089567743351640e-01 -1.382659779670075917e+00 -1.414592912666795987e+00
-1.740418007689669144e+00 -5.929743620263309145e-01 -8.673390904587219286e-02 7.394099561899655781e-02 -6.619441449311769254e-02 -9.377764153227652333e-01 -5.002456247367454978e-01
-1.080283563457984597e+00 -3.583374579732055698e-02 6.669712006228722956e-01 7.026498402575631630e-01 3.307062195169958030e-01 -3.754088861583076975e-01 1.241910683587809761e+00
-4.088637204742088804e-01 4.942492117515973060e-01 1.630158370245651689e+00 1.371930711397136848e+00 7.871496744569058679e-01 2.200733844188320076e-01 2.722512674501516905e+00
2.451776143597987900e-01 9.928222764039343895e-01 -1.176459911599099240e+00 2.079355330931321078e+00 1.288899293947915581e+00 7.566545736911187703e-01 -2.647290517171104085e+00
8.395480046902730198e-01 1.457297665676530851e+00 -4.277888038646892599e-01 2.843604166816879886e+00 1.821893675311753613e+00 1.159207640457647237e+00 -1.902257704426338014e+00
1.353879990932841393e+00 1.917059257915185055e+00 2.926968841107841501e-01 -2.532635702579400849e+00 2.374453101941507605e+00 1.493934809247687179e+00 -1.253124581542346183e+00
1.782717518937758427e+00 2.401421300115453406e+00 9.977969364749922354e-01 -9.486630549995334061e-01 2.923169772135607136e+00 1.884296380305032104e+00 -6.672885738121067112e-01
2.165348305206995061e+00 2.920734469561848456e+00 1.696712485660923475e+00 9.937629570726489447e-01 -2.892587855475653669e+00 2.309310990939967834e+00 -8.486502170066109740e-02
2.553270497180862186e+00 -2.798864293976268236e+00 2.371644832938006875e+00 1.993639296545945294e+00 -2.748207301459772989e+00 2.688765616261627578e+00 -2.620082498163818663e+00
2.950234753929537046e+00 -2.200491803089429599e+00 2.999251708478566147e+00 2.765315299646186276e+00 3.054041353498186506e+00 2.971282538392206352e+00 -1.866226722629680479e+00
-2.912986315484962674e+00 -1.538106054754622365e+00 -2.712158259374594760e+00 -2.874725646471107510e+00 3.053610738554485948e+00 -3.087648706603649540e+00 -1.080123761446472264e+00
-2.483154727849952614e+00 -7.049829335480934933e-01 -2.393226063320255559e+00 -2.403913791902376307e+00 -2.924291870713242592e+00 -2.890379706412313343e+00 -2.223517396984101835e-01
-2.048798835427687592e+00 8.642106337079051848e-01 2.766869547506410232e+00 -2.201345235972178571e+00 -2.540765623149672692e+00 -2.725192745418888229e+00 7.595001534862693138e-01
-1.681482034356817534e+00 2.455041010943547430e+00 2.913787566125602080e+00 -2.077863109193242241e+00 -2.149609040920251068e+00 -2.511270409835250295e+00 1.899406823033100489e+00
-1.476325598985222420e+00 3.026733645747788692e+00 -2.868758939961377763e+00 -1.725490859713924463e+00 -1.764131943141365344e+00 -2.138606624931669753e+00 3.033330693709810344e+00
-1.483811786706568769e+00 2.938434864005652791e+00 -2.534116551229518066e+00 -1.222835860635156369e+00 -1.369048795169850008e+00 -1.650369918210223608e+00 -2.277917165425466628e+00
-1.460238485818810217e+00 -3.102433942027126523e+00 -2.568098743807222029e+00 -6.850081619973044100e-01 -9.472589443869328107e-01 -1.136315769332787440e+00 -1.431174812157902210e+00
-1.263143763841549694e+00 -2.524340698409566652e+00 -2.438870498022131628e+00 -1.875890446318039528e-01 -5.160668700455638414e-01 -6.921296433819628113e-01 -6.617471167323116799e-01
-1.016637247859658588e+00 -1.824282183321812134e+00 -1.928055557538974174e+00 2.064511312761724560e-01 -1.276972747385395068e-01 -4.255437965313612070e-01 3.403729292835104558e-02
-7.791526087525637578e-01 -1.081615593197092773e+00 -1.284602854872205935e+00 4.882266672475497060e-01 1.755190333865524477e-01 -3.272792130373146091e-01 6.121599100810581895e-01
-5.028194414721177674e-01 -3.222327150128219686e-01 -6.199734197586681539e-01 7.686853225230316777e-01 4.242856674641874992e-01 -1.705190257092174533e-01 9.083966599979907963e-01
-9.760505369829865219e-02 4.459117949923571689e-01 -2.134807760188657533e-02 1.129625051535315450e+00 7.277676611661265671e-01 1.329765901776568116e-01 1.450027301189266704e-01
3.952461953925986982e-01 1.202604930660269966e+00 2.368720440992111709e-01 1.535865666861464751e+00 1.110856149849026364e+00 5.241359892938070031e-01 -1.103765790539803365e-01
9.243074596213790572e-01 1.949739355410589958e+00 6.158010868717094660e-02 1.912764433196196157e+00 1.530907970443750266e+00 9.486377155743128675e-01 1.737006064726085708e-01
1.421728646813584351e+00 2.682381323520609318e+00 3.517948846181324085e-01 2.143704078771393906e+00 1.926259277187789110e+00 1.347093707681284558e+00 5.405672353445347689e-01
1.850345756337789416e+00 -2.908330390371640206e+00 9.990915365132322368e-01 2.173526664680523357e+00 2.239521790700344628e+00 1.662944195112346479e+00 9.577584738929458830e-01
2.214378339315881572e+00 -2.251880620898778051e+00 1.797893036835291225e+00 2.344401652105761347e+00 2.488194830499068200e+00 1.855990952043349740e+00 1.457231902412341018e+00
2.569129325651291484e+00 -1.621729064555115896e+00 -7.211721130860537787e-01 2.759901101951450109e+00 2.774366330229499411e+00 1.937467058085685423e+00 2.033014067865314356e+00
2.976619664736254833e+00 -9.619664596898851450e-01 1.438654473525426414e-01 -3.020840767108436964e+00 3.127830477339978099e+00 2.068168029225625926e+00 2.663689575768415807e+00
-2.861118688987573933e+00 -2.579135672454935246e-01 9.861451278417002753e-01 -2.522227281768408158e+00 -2.799643765560197561e+00 2.424635601505267246e+00 -2.941614936682281911e+00
-2.358606244301024280e+00 4.320968205396784056e-01 1.757148118922956526e+00 -1.983189328987889910e+00 -2.430743769485135708e+00 3.012007323871824571e+00 -2.210961301068272711e+00
-1.771145242164938960e+00 1.101701543798715210e+00 2.407068798404020882e+00 -1.263287689124364954e+00 -1.937583605975987666e+00 -2.457125075513108214e+00 -1.423129051023645175e+00
-1.044059124150203521e+00 1.723370640966884526e+00 2.904003336549437986e+00 -3.547599989748224103e-01 -1.237627034561662009e+00 -1.262466526418233759e+00 -6.198636324202734249e-01
-1.957916856957288010e-01 2.286144055366400529e+00 -3.006114068830810560e+00 5.895829158117381619e-01 -3.549883890663557140e-01 1.747832167046988461e-01 1.593571786164931225e-01
6.513724983081498054e-01 2.780213607970296597e+00 -2.630565671212029777e+00 1.455740691085912752e+00 6.026410167261903039e-01 1.222922166060511628e+00 9.014333844840087817e-01
1.422527216134934047e+00 -3.075783058071534626e+00 -2.294134968794666385e+00 2.226490698266542001e+00 1.516748069856585168e+00 2.017761541242212520e+00 1.600220418461866245e+00
2.095161094353054754e+00 -2.653112264201742398e+00 -2.032373201432676080e+00 2.913970636660830671e+00 2.335655090134996836e+00 2.706840503616602778e+00 2.255272937642557096e+00
2.692003808716452173e+00 -2.213248470151615077e+00 -1.838166476491954526e+00 -2.754103692367780187e+00 3.071755161075354845e+00 -2.943983878982039837e+00 2.864179742537142914e+00
-3.032525189917004038e+00 -1.743911709577589786e+00 -1.572404143033045321e+00 -2.202419662087938157e+00 -2.525100834308434905e+00 -2.343967318336632744e+00 -2.866115771190140826e+00
-2.504353117696622721e+00 -1.255328090948171660e+00 -1.168196732908821645e+00 -1.696535195893353443e+00 -1.872847042849548949e+00 -1.759198771951939078e+00 -2.367086605923305331e+00
-1.988835098152917258e+00 -7.607243651647153104e-01 -6.559291244422053024e-01 -1.208402163826469700e+00 -1.249189915159464537e+00 -1.159995983922459173e+00 -1.882470219250542254e+00
-1.503118876131764869e+00 -2.993014363006317735e-01 -8.114346251744108951e-02 -7.294985775007464257e-01 -6.647429851768954512e-01 -5.056962986228138446e-01 -1.331799361148072736e+00
-1.081423485985837818e+00 -1.062828357954016117e-02 4.672782945433635038e-01 -3.104196197353732978e-01 -1.498325397359990263e-01 2.930123223655313192e-01 -6.000865037473310792e-01
-8.016456159107935298e-01 -7.553029512371187137e-02 8.426802268334104840e-01 -8.915858678519775204e-02 2.206304637229288546e-01 2.163517445153591456e+00 1.879817287081778643e+00
-7.678656557453958920e-01 -1.272483844960238808e-01 7.204576282343248816e-02 -1.110981278421506319e-01 2.695795061877266363e-01 -2.346432527011605096e+00 -3.021932090086726141e+00
-7.859422237132731581e-01 1.317219609177650019e-01 -1.372950242403376542e-01 1.751347005603354906e-02 1.525082741176262136e-01 -1.572019723797380086e+00 -2.303595002571325878e+00
-6.250097848633996422e-01 4.589144955093200640e-01 2.293329212345974755e-01 3.604794225253339368e-01 2.963192123340199768e-01 -9.325375546494779622e-01 -1.643093374164407816e+00
-3.070039943641098557e-01 7.790319475519821291e-01 6.821870298438288405e-01 7.803548323060505165e-01 6.280114190154894027e-01 -3.389480018207086665e-01 -9.512950799146312475e-01
8.692977583091204830e-02 1.129614231326911744e+00 1.103223589278174988e+00 1.213684699252682408e+00 1.032705735824690718e+00 2.311243605248291255e-01 -2.146307652872033178e-01
5.341902259789441665e-01 1.593187515922878772e+00 1.434501144751396229e+00 1.617303088255381160e+00 1.455764060137841653e+00 7.781880675877191900e-01 4.763652688833110993e-01
9.979895227461398344e-01 2.175471416974927408e+00 1.278832485269012276e+00 1.923898754478533535e+00 1.852824983193241959e+00 1.271961344779855674e+00 9.253548838788402398e-01
1.466598025581950404e+00 2.904437273696222288e+00 8.440264273826175723e-01 2.107035708148975228e+00 2.201335922861004324e+00 1.670971974537224236e+00 1.046762635936377306e+00
1.925516908596764942e+00 -2.186451883982281963e+00 1.088540202951182145e+00 2.321628969837795431e+00 2.512741010814008913e+00 1.966623122150009007e+00 1.391956639022919218e+00
2.378654499337816919e+00 -7.319298352949351605e-01 1.520338321799567849e+00 2.669316258108365592e+00 2.812530946520501729e+00 2.220932909402630884e+00 1.979888041928527409e+00
2.864910938388193884e+00 8.016164093582389683e-02 1.942235986409543980e+00 3.043172230124810973e+00 3.111550495369474145e+00 2.434055757488452265e+00 2.628911195325423833e+00
-2.856325552132539691e+00 6.292561598437649284e-01 2.342454895551828287e+00 3.110612660943050223e+00 -2.948902005061453835e+00 2.444081920349172155e+00 -3.095948759441246700e+00
-1.450259567432709229e+00 9.536109638858286663e-01 2.721635569396274601e+00 2.540603098986051744e+00 -3.044634770108035404e+00 2.381008144917530878e+00 2.716773272245005089e+00
9.551469169662225589e-01 9.820610137014114116e-01 3.992395537378636283e-01 2.667272906232891927e+00 2.916748704217045240e+00 2.631171655929378073e+00 2.298206324680480694e+00
1.669623635649198468e+00 9.213402863489450478e-01 9.200487950227869138e-01 3.122318573737544511e+00 3.083274157490809131e+00 3.111599628015923269e+00 2.834450605045765403e+00
2.343298153172093112e+00 1.142210865220072868e+00 1.510736257238017632e+00 -2.622297512423064969e+00 -2.768089477475935922e+00 -2.571877871203238630e+00 -2.805909206816071144e+00
3.078359599151934134e+00 1.466794831092877116e+00 2.098671677825179493e+00 -2.052741758492803381e+00 -2.237819544987666109e+00 -1.889071746436243204e+00 -2.140510849008030902e+00
-2.326473910296208203e+00 1.660470619462023123e+00 2.618800842480819124e+00 -1.465633999181471303e+00 -1.679712365597347157e+00 -1.131000825613680760e+00 -1.465145620289953321e+00
-9.277274178093560808e-01 1.645939357926539559e+00 2.882367625046708515e+00 -8.520904980266758022e-01 -1.136147611104832089e+00 -2.745477265144511958e-01 -7.750739296453442728e-01
6.767236333800202841e-01 1.813708396700743464e+00 2.524598974186651024e+00 -1.304686324380933959e-01 -6.617848870812428341e-01 7.347078350463525087e-01 -3.637761494439771537e-02
1.609897619467833829e+00 2.203130612113246123e+00 2.566937040723637153e+00 1.839883118288048625e+00 -8.414589365187546965e-01 1.837313106953409658e+00 8.864432345343105091e-01
2.297239330284707837e+00 2.647300645647908457e+00 2.879464172103763708e+00 -2.826786850714163357e+00 -2.315796979174717940e+00 2.795372203459139282e+00 2.465077479921118364e+00
2.893244286631972084e+00 3.072579126283157436e+00 -3.107447249976201586e+00 -2.143224030983356787e+00 -1.938512321167239705e+00 -2.706053514185071229e+00 -2.334431844641278175e+00
-2.852322679139621453e+00 -2.856431561638968830e+00 -2.929564557256256307e+00 -1.532412687028324116e+00 -1.481606053890393682e+00 -2.001153975769312421e+00 -1.463542271140586326e+00
-2.318061528753805778e+00 -2.595456186472054227e+00 -2.760192197413142701e+00 -9.138775354840402709e-01 -1.039290869929829109e+00 -1.279852496316260746e+00 -7.354186626714021013e-01
-1.770225296401124249e+00 -2.492974345455290397e+00 -2.598257938805237810e+00 -2.572776558577909434e-01 -6.879786402879070062e-01 -3.437028564052583834e-01 1.893679877604498990e-02
-1.164519231395400700e+00 -2.409344542593739202e+00 -2.369144141989253605e+00 5.959325264431648561e-01 -6.020643323946791581e-01 2.486527701388839606e+00 9.616983338762734590e-01
-4.640282350083148599e-01 -2.166659608657987235e+00 -2.038361765017041805e+00 -2.958855945428440659e+00 -7.408007165784803449e-01 -2.766774330663211767e+00 2.268625390858687307e+00
3.362347223871595125e-01 -1.824336189128250796e+00 -1.628658911479702542e+00 -2.130801588489395382e+00 -6.825047609380018310e-01 -2.054943275898363453e+00 -2.826849047683897442e+00
1.264397835487940824e+00 -1.618716827127678837e+00 -1.328873709168204131e+00 -1.617640635681857120e+00 -5.175078837461550840e-01 -1.447994932773705168e+00 -2.009921606132567096e+00
2.189874039852224730e+00 -1.825306585514546276e+00 -1.774095370505041735e+00 -1.171681971267426015e+00 -3.967795107655142095e-01 -9.255862048854928137e-01 -1.351322405399789206e+00
3.001261770906529680e+00 -1.989366025991785580e+00 -2.318913132251282150e+00 -7.569192296082910554e-01 -2.270181471979449694e-01 -4.450857983946489571e-01 -7.573690518959881324e-01
-2.545083694129250063e+00 -1.868433515688995739e+00 -2.162832768415178464e+00 -3.786690905562182241e-01 5.738800058219134526e-02 3.851937919318013798e-02 -2.008084071073642229e-01
-1.929292263706197330e+00 -1.744869215602644186e+00 -1.856804424205279247e+00 -9.539201571215803754e-02 4.244702236740205414e-01 5.316951368630810082e-01 3.148303432336340135e-01
-1.461391526413599262e+00 -1.623270756141084625e+00 -1.426048831868778954e+00 -5.445400664571614646e-02 7.754905244417975574e-01 -1.802374860428390679e+00 7.112230209036216610e-01
-1.909447241286336583e+00 -1.480864072850193836e+00 -9.230380011038243904e-01 -1.220672084786626060e-01 9.933287122405961567e-01 -1.328650062236271356e+00 7.376407853474345466e-02
-2.320530755488382280e+00 -1.371302633560907980e+00 -5.105602299486479145e-01 1.306242344203381589e-01 9.714073044268203283e-01 -7.131798867396943464e-01 -2.244462099180756232e-01
-1.842793177671605998e+00 -1.189649239914728707e+00 -8.818989644212339440e-01 6.033938301382926195e-01 9.950559304299982921e-01 -7.269248746985430831e-02 2.871663851795167588e-01
-1.237228501867564834e+00 -8.657065329143107668e-01 -1.454540477908661034e+00 1.156566033523286574e+00 1.214643473622475822e+00 5.450328969830465775e-01 8.842800104367554148e-01
-6.478228450870628929e-01 -4.705591406936081023e-01 -1.229783929925567953e+00 1.731064470438280489e+00 1.450201152758972434e+00 1.089314041572852165e+00 1.395766708440792314e+00
-1.720621200468906153e-01 -1.440339002493747911e-01 -1.259453766638319872e+00 2.328975460101632144e+00 1.146730628624311521e+00 1.405299360982024570e+00 1.484486594918158264e+00
1.716239068022292202e-01 8.634270155407108849e-02 -1.430541646702240266e+00 -2.917399785722067485e+00 1.008441356359796037e-01 7.243085596528901771e-02 7.441903585424303191e-01
2.573917096240472754e-02 1.537652455690094178e-01 -1.207138861434871258e+00 -3.131071362245563816e-01 1.528615568286686155e-01 -1.892461143886379205e-01 7.745743013056367587e-01
-1.902646719337684755e-01 2.288842142395585977e-01 -7.675614139471801378e-01 3.030115476018951370e-01 4.721013077564955029e-01 1.447872533752070368e-01 1.060913178058326745e+00
5.132367378428717014e-02 4.028326505382139877e-01 -2.956991637508091797e-01 8.080865769525642506e-01 8.597715507219225728e-01 5.536528510167226802e-01 1.391498297917579396e+00
5.349578996738229009e-01 7.723701868035591778e-01 1.943452865378754724e-01 1.291517684522051068e+00 1.277394809026924927e+00 9.917096953011352856e-01 1.739728963973808273e+00
1.022729311690304455e+00 1.220246682597236454e+00 6.191503492740899617e-01 1.747645561749916698e+00 1.686646248723750130e+00 1.422493290646906106e+00 2.119179749430270654e+00
1.489687556600859164e+00 1.758015438209608261e+00 1.032701372640738136e+00 2.149031277140569074e+00 2.060661274464937964e+00 1.817939156619759133e+00 2.536522313421961439e+00
1.839077227490093724e+00 2.451578425861841826e+00 1.238417422474908047e+00 2.480951664356761288e+00 2.363899347809219176e+00 2.168631000997157887e+00 2.974003894948944016e+00
1.968364638432417157e+00 -2.220520583403895021e+00 7.625387622962722656e-01 2.772686761112802767e+00 2.528128087385835165e+00 2.527445559399868813e+00 -2.855257733301571399e+00
2.004878334064152501e+00 -4.894410178258573052e-01 5.357583463876507412e-01 3.079285649366532152e+00 2.570802830888657908e+00 2.980042936809361720e+00 -2.397623674643560410e+00
2.040567694145019484e+00 1.919303832195271009e-01 1.393316227526869122e+00 -2.850310848511439232e+00 2.590932023073053703e+00 -2.745595869322449811e+00 -1.934288553967479452e+00
2.123055748630705342e+00 6.485738844436477191e-01 2.739753770713368564e+00 -2.449392806638076792e+00 2.731649774491365257e+00 -2.048554268908256315e+00 -1.485959418818521227e+00
6.581695372464946292e-01 1.146956821721680342e+00 -2.691565695210606624e+00 -1.998694877325711161e+00 2.816122041295102907e+00 -1.176899873291396226e+00 -1.069195405063752879e+00
2.181226962394657021e-01 1.634279244583720425e+00 -2.074862839072999954e+00 -1.495151337508243472e+00 2.645591954068257312e+00 -1.923909612840150052e-01 -7.117534531021461053e-01
6.280401717526160610e-01 2.187786571759616994e+00 -1.764138718438043707e+00 -1.038866205892631900e+00 2.307985018356003337e+00 7.396370478584237684e-01 -7.148665954347129814e-01
1.032961172107450087e+00 2.849259363560781466e+00 -1.617504227421188379e+00 3.117555999138396317e+00 2.330080278763006607e+00 1.564498784392541753e+00 -1.253936459290883709e+00
1.539742194951505327e+00 -2.777266790661168994e+00 -1.496096419958672596e+00 -2.561921393507840872e+00 2.553442803003787898e+00 2.359342843373713805e+00 -1.176981489223019262e+00
2.041026150506277670e+00 -2.057774482813434780e+00 -1.219768259558342338e+00 -1.850797385582486410e+00 3.058155336679161618e+00 -3.058873439999964194e+00 -1.187954785759332443e+00
6.946582881259303344e-01 -1.373064532691806727e+00 -8.053696459182870804e-01 -1.096622198160989825e+00 -2.524413923099833479e+00 -2.014733584601373195e+00 -1.595923229092975015e+00
8.264015978609781654e-02 -7.514928151353874597e-01 -4.309303993983565340e-01 -3.284597522823365923e-01 -1.516820887104331828e+00 -7.461748431999226661e-01 -1.215322405279763762e+00
6.096238546317368501e-01 -1.848866990596050031e-01 -9.755130118204700940e-02 4.104644169905117268e-01 -3.720844417472651267e-01 2.979365774935001654e-01 -5.868145432327240840e-01
9.472363370969623109e-01 -5.487451802824066388e-02 2.911669043612702401e-02 1.092922694345003443e+00 4.299069668660428500e-01 9.614965574166774998e-01 1.587470336942262972e-01
1.216315571702738296e+00 8.498596780787209815e-02 2.774265990938944437e-01 1.692171402771868838e+00 9.472578679665002443e-01 1.397783088323521605e+00 8.421189008872053128e-01
1.267595531862370617e+00 2.914382123776771416e-01 5.617286005524639858e-01 2.203050452920420899e+00 1.145940975240991477e+00 1.555892030058933173e+00 1.546781505190750083e+00
1.403287637729646598e+00 9.970326183838215117e-01 1.054756277203774184e+00 2.612951032280537600e+00 1.362095077371361596e+00 1.540211695308274509e+00 2.232539975793458531e+00
1.586375574022616197e+00 1.779230144645390643e+00 1.555968687919691007e+00 9.402606590670997688e-01 1.592330554786620445e+00 1.531539231240671040e+00 1.005233412186235187e+00
