1.666388526514610557e+00 1.638338316693951802e+00 1.610873960294784357e+00 1.624846148847148619e+00 -1.812842796229418241e+00 9.731542599676084038e-01 1.631116009312459481e+00
1.992554972543118419e+00 2.015688465311652688e+00 1.978140724672451167e+00 1.919827019666873191e+00 -1.018062615691798900e+00 1.454874758085252351e+00 1.382881067749967663e+00
2.269291665860705631e+00 2.375903765490978703e+00 2.330367457970482725e+00 2.199900340818992106e+00 1.194308441593124437e+00 9.231659385514672245e-01 1.301199911841752321e+00
2.486978355107739791e+00 2.641092499993186404e+00 2.598485634421855206e+00 2.366454104583955331e+00 1.704430862719104933e+00 1.219433935677200598e+00 1.487359609572083796e+00
2.729331473454978063e+00 2.871874316344993794e+00 2.818619879639336911e+00 2.555010854704128587e+00 2.121652321951413178e+00 1.635958380386435929e+00 1.816602858662176079e+00
2.956649042460558707e+00 3.044859042510829283e+00 2.891378176628610408e+00 2.725711758694862041e+00 2.534404225186821957e+00 2.065264929041567221e+00 2.199037033445929268e+00
-3.082767677674733253e+00 -3.023196646223583084e+00 2.905342803001296659e+00 2.965540313306919806e+00 2.933580780169038782e+00 2.448784984437303081e+00 2.591425915834207228e+00
-2.873622447469663665e+00 -2.843004493505229213e+00 2.897670822232692345e+00 3.119404271685251029e+00 -2.980980063814130610e+00 2.707035722576146775e+00 2.927815980967682918e+00
-2.688539464130652590e+00 -2.716360446736427292e+00 2.991754645518065470e+00 -3.128824898939957411e+00 -2.678909721436759206e+00 2.907231219960229929e+00 3.063414345733278310e+00
-2.554727780540863247e+00 -2.683044516121981804e+00 -3.138365247304242711e+00 3.005529527945152157e+00 -2.513713404102670079e+00 3.086013656118276050e+00 2.672345032081976157e+00
-2.438089338930181427e+00 -2.587846945468894155e+00 -2.921460287548705903e+00 3.043561967468244589e+00 -2.566511321886128183e+00 -2.925526637243951011e+00 2.541611023305909711e+00
-2.323257302616672071e+00 -2.392949835929698121e+00 -2.705213433082379382e+00 -3.056813318880007735e+00 -2.697026052191271006e+00 -2.641737545343914473e+00 2.785104402636458865e+00
-2.174171197494767060e+00 -2.114988440997092933e+00 -2.503994987042291065e+00 -2.801542479544550268e+00 -2.685797456274276129e+00 -2.448616707976643436e+00 3.094664973525607543e+00
-2.015434422209226639e+00 -1.850050057705536544e+00 -2.376904256361578316e+00 -2.606627384455143304e+00 -2.552347238739120172e+00 -2.594392372920565126e+00 -2.924110754744356555e+00
-1.879248802387704087e+00 -1.708277589842770672e+00 -2.332274042312564966e+00 -2.475053840134123551e+00 -2.363085213385363037e+00 -2.799921189733528770e+00 -2.701948488917054192e+00
-1.804825543429900980e+00 -1.864787334851173428e+00 -2.380158374895027684e+00 -2.394545692565195782e+00 -2.154154582234998561e+00 -2.776514849453803890e+00 -2.493463869287989354e+00
-1.762066445372597823e+00 -2.086648438577681564e+00 -2.380701730607734490e+00 -2.268434932314432384e+00 -1.948614277604504341e+00 -2.654344498762785776e+00 -2.257211667891809714e+00
-1.686537076301897864e+00 -2.005043912156670771e+00 -2.207512878411091783e+00 -2.105601466184056747e+00 -1.766185609447815219e+00 -2.539164299287536064e+00 -2.006130511278251038e+00
-1.541854810239460027e+00 -1.728580389872846235e+00 -1.884931722033662993e+00 -1.893020194807408352e+00 -1.625898710165316619e+00 -2.351794737913727396e+00 -1.786402865113045912e+00
-1.341166374196649969e+00 -1.378472008530333692e+00 -1.502604178337616281e+00 -1.637619545847025515e+00 -1.555480146327750335e+00 -2.093053264814524805e+00 -1.667763092378382161e+00
-1.126959589832283060e+00 -1.012888208656198108e+00 -1.124827156114802662e+00 -1.355608910636612485e+00 -1.565755369517061624e+00 -1.813508035105660943e+00 -1.637032545977653131e+00
-9.537849808019607245e-01 -6.721872496250712592e-01 -8.204380618645477075e-01 -1.075407115638435940e+00 -1.529728325683561652e+00 -1.587075562557143771e+00 -1.516778834387024322e+00
-8.828300194240820131e-01 -4.064823697779642031e-01 -6.983875332034288341e-01 -8.032817721419724943e-01 -1.330286839159484202e+00 -1.406032548350401035e+00 -1.232238871006322345e+00
-8.737776609479863676e-01 -2.344616393443453295e-01 -7.397036869304802753e-01 -5.039673937291643258e-01 -1.010735129463010029e+00 -1.193569839130401711e+00 -8.494371396844890842e-01
-7.983160523661612107e-01 -1.315363269118602907e-01 -6.702135086796606744e-01 -1.806708807621520974e-01 -6.418843580768194279e-01 -9.324140070472792807e-01 -4.393431560945966208e-01
-5.798247047515792119e-01 2.776626661802509416e-02 -4.132269004729683393e-01 1.584070367364913967e-01 -2.627586405862130103e-01 -6.562942415881189984e-01 -7.262423771904893965e-02
-2.478930085698993202e-01 2.948746542290894834e-01 -6.994453359252475466e-02 4.774427369066356897e-01 1.262775790173226720e-01 -4.014618295077334587e-01 7.739096127295305716e-02
1.773193788595922027e-01 6.535712736175995907e-01 3.188112973989209453e-01 8.183897165798529327e-01 5.483983905869533881e-01 -1.470252126362282252e-01 -7.593000812100152153e-02
6.613461906462473339e-01 1.037605691961136056e+00 7.216392488784625359e-01 1.220497740478198034e+00 1.018799977653206179e+00 6.573993819759873895e-03 -3.296772371543930935e-03
1.180177154881036250e+00 1.380381371283118996e+00 1.112118005249138397e+00 1.702465470860809571e+00 1.525477048393828250e+00 -2.173968024234857466e-01 3.071624163248654060e-01
1.690536042916905179e+00 1.541980673401658786e+00 1.406527108453605290e+00 2.234286768007694768e+00 2.028802436133378961e+00 -5.423699001730832858e-01 5.849445605981825613e-01
2.154786286591499511e+00 1.306509009613273653e+00 1.502397736353032309e+00 2.766070141426295148e+00 2.461926248133430306e+00 -3.830703172000736734e-01 6.673718478242059993e-01
2.564279612096995731e+00 9.832315187362452580e-01 1.402832003611682810e+00 -2.896805150116995353e+00 2.781196917580986749e+00 -1.399332871013687085e-01 6.307644475527892647e-01
2.949150964228272276e+00 9.864350952953019336e-01 9.368618236456168757e-01 3.757830191876202486e-01 3.093885985699556862e+00 9.089652495690798886e-04 6.843391148757247411e-01
-2.909822722297047637e+00 1.161702407508128809e+00 3.619996471279735561e-01 6.647364794096368712e-01 -2.743833960057521004e+00 1.121791567395671457e-01 7.148378942010998882e-01
-2.434712324139348905e+00 1.416675198737842978e+00 5.430642628251965975e-01 9.683677210270350555e-01 -2.146189657392135963e+00 4.411583169532616866e-01 7.309419165910910898e-01
-1.864655033385730798e+00 1.717068807592203372e+00 9.492732724821384416e-01 1.381936055787364337e+00 -1.391216930522392703e+00 9.252827476712265353e-01 9.545825162512202589e-01
-1.011511077689792648e+00 2.058116941035668113e+00 1.419767955054449526e+00 1.893998754746807345e+00 -4.095063156305697727e-01 1.496231832151076802e+00 1.382423840615301769e+00
1.258057872123283794e+00 2.423086724825752380e+00 1.901386990664838406e+00 2.441314550362568170e+00 8.525717241493218079e-01 2.108821044708111270e+00 1.887937005276627112e+00
2.283466240659452584e+00 2.780351772842124536e+00 2.379035430427339115e+00 2.972758970771026910e+00 2.030708274592881502e+00 2.735875545971037770e+00 2.374664839325615340e+00
2.888843654955275841e+00 3.121521478954057738e+00 2.850374497125315099e+00 -2.803840674444561198e+00 2.920901487208772629e+00 -2.913709418429203613e+00 2.764855002340057322e+00
-2.888219149034601863e+00 -2.833270809504897958e+00 -2.979614398798307917e+00 -2.340271008401341835e+00 -2.634705054658225354e+00 -2.333886295072571837e+00 2.973097626970448548e+00
-2.417586328788156713e+00 -2.491074082472383378e+00 -2.543181748137628873e+00 -1.922103576626086996e+00 -1.983644613065647766e+00 2.131030575982079789e+00 3.039327742342421423e+00
-1.966482674162832511e+00 -2.115579509362059074e+00 -2.115186606189168650e+00 -1.581933472392677897e+00 -1.371781382027648100e+00 2.351266979906373233e+00 -3.043991583407569035e+00
-1.522994601081079313e+00 -1.694539785946071353e+00 -1.688013803422407921e+00 -1.286970759375822393e+00 -7.875153475191908337e-01 2.991497365195001201e+00 -2.627591005845733907e+00
-1.088435797376105629e+00 -1.245660088107186425e+00 -1.301442185913156191e+00 -9.183939514962031758e-01 -2.187495289945897980e-01 -2.663122031628221809e+00 -2.124930044302537180e+00
-6.665238186962257894e-01 -8.116972151439232341e-01 -1.019143752223085508e+00 -4.299606286490758045e-01 4.599879549007713231e-01 -2.070369904868339272e+00 -1.675352629833767093e+00
-2.663344381982161724e-01 -4.677089345701008760e-01 -8.036029237769106714e-01 1.843834222743611362e-01 1.898382433099375266e+00 -1.531996626431164854e+00 -1.521143723431819694e+00
-3.768112678649140034e-03 -2.929483423774290607e-01 -4.876801625296597331e-01 9.743805325624945723e-01 2.979608614573823200e+00 -1.007461221326376943e+00 -1.799922693541524232e+00
-4.512605267862229153e-01 -7.383352332637813098e-02 -1.150480248439078763e-02 2.367820489619330893e+00 -2.646333957993138863e+00 -4.264329381068686642e-01 -1.807339328862749950e+00
-8.377271828254494457e-01 4.166528303849175163e-01 5.565989701135279910e-01 -2.619781964141786101e+00 -1.991153600467078011e+00 2.406402294683799570e-01 -1.548649766975628062e+00
-4.291691642862894840e-01 1.179000043139992737e+00 1.151581998792188033e+00 -1.937047297082186592e+00 -1.289307625330770479e+00 1.018842736123272363e+00 -1.200797536868823068e+00
1.949394753101480193e-01 2.117223014505549727e+00 1.661163095624569097e+00 -1.449350313574232718e+00 -4.875506478686838507e-01 1.924603594168997844e+00 -8.492172225177556655e-01
9.904297757535126534e-01 3.010436189556546349e+00 1.508242349522128434e+00 -1.115900853594469444e+00 9.034455727225157995e-01 2.982124560702980265e+00 -5.523852173282512990e-01
1.959249921524424343e+00 -2.551899521419691119e+00 6.585273383122255408e-01 -9.525913831149341870e-01 2.983729861929540483e+00 -2.190008349525855991e+00 -3.120906447522431848e-01
2.900061165487844317e+00 -2.014381717665106208e+00 9.052412158510503293e-01 -8.038771864187670424e-01 -2.425679929545250690e+00 -1.169080760112643169e+00 -9.104995517859312826e-02
-2.755730899992046901e+00 -1.625931101264989520e+00 1.076566837262133980e+00 -5.162948286138416831e-01 -1.809659940824648539e+00 -2.253282611035162253e-01 8.371265957748272313e-02
-2.453009735768251431e+00 -1.361164353207124478e+00 1.163555234012101369e+00 -8.052757440783962772e-02 -1.334588714001223364e+00 6.359589575534784212e-01 2.884007224151127757e-01
-2.225431103155612433e+00 -1.329210849754266954e+00 1.543483780357510771e+00 4.159537342581995367e-01 -9.795766022555618679e-01 1.224844790537802375e+00 6.497827010725878427e-01
-1.944823910053305127e+00 -2.063073788857273883e+00 2.166940986534909186e+00 9.274195147619502810e-01 -6.618031534333320698e-01 1.554706980822292417e+00 1.137804716999339938e+00
-1.584380429290182413e+00 -2.107438951030085938e+00 2.893299088649492035e+00 1.297747056009407096e+00 -2.677557775097153536e-01 2.027089384228868418e+00 1.644720808521821676e+00
-1.143316932742591385e+00 -1.696596084992674669e+00 -2.650394277741245030e+00 7.063061135129486967e-01 2.350823245294769159e-01 2.621369653760710516e+00 2.097051469912643906e+00
-6.184233431956606131e-01 -1.216266623736134589e+00 -1.956270300205347423e+00 2.960945931792303698e-01 8.269557064570489668e-01 -3.044171811701506414e+00 2.557176965908878330e+00
8.058124023197417787e-03 -7.776770626247728746e-01 -1.373275226408503524e+00 6.474775433704235139e-01 1.495692568712619908e+00 -2.438839218444585732e+00 -3.054811438386148659e+00
7.902328475520359330e-01 -4.113388416376473899e-01 -9.166822431733002707e-01 9.954294656764300919e-01 2.282673448050137388e+00 -1.822650287899326704e+00 -2.064133186406394316e+00
2.122835002298865792e+00 -3.481429703856045443e-02 -4.623085864658573740e-01 1.141685441962786873e+00 -2.827004990089603709e+00 -1.184375137153009350e+00 -1.021103536146741320e+00
-2.441773750640387153e+00 4.321018650127999572e-01 1.166769821559361375e-01 1.117893087582235490e+00 -8.363343377619766317e-01 -5.108102127400813153e-01 -1.474698732483525065e-01
-1.396753757255917661e+00 1.003534788843397196e+00 8.311496660009164428e-01 1.366324750737597071e+00 3.874402337226289239e-01 2.213083221803911205e-01 6.265377971370414967e-01
-4.795568143273866712e-01 1.653126601163031228e+00 1.637836626129796302e+00 1.855587353218232760e+00 1.257073674010210196e+00 1.044995994538847173e+00 1.366583600970052936e+00
5.252095480756275858e-01 2.411560616907294730e+00 2.511954584987539985e+00 2.450026736738133426e+00 2.017806183995662472e+00 2.029719755852545937e+00 2.104528078993770812e+00
1.587799416695452326e+00 -2.769241336952530386e+00 -2.848140626898885142e+00 3.090054063161851605e+00 2.711904726894040607e+00 3.127367715220663147e+00 2.851343203188771547e+00
2.528651093533861971e+00 -1.263400762291249091e+00 -1.919921320602288484e+00 -2.541961810023286805e+00 -2.927599172531343275e+00 -2.181369986092105417e+00 -2.680106795391591579e+00
-2.982293635029319212e+00 -2.824179894946721170e-01 -1.026121928006413553e+00 -1.882678231114278455e+00 -2.316749731333008100e+00 -1.387585547046672030e+00 -1.933257929731887703e+00
-2.321802931356014010e+00 4.219956896019182446e-01 -1.875067922690540623e-01 -1.213190035049611648e+00 -1.715660292321670388e+00 -7.249933333534384072e-01 -1.205078056420981980e+00
-1.709466986855398662e+00 1.045204242562684849e+00 5.942777568888309991e-01 -5.182910587500682009e-01 -1.102963252246298431e+00 -1.527038306155102665e-01 -4.979423695068365685e-01
-1.118411497530287013e+00 1.640178882723127174e+00 1.340383623706549843e+00 2.202840355228238289e-01 -4.646750470907621278e-01 3.696701180239405082e-01 1.961201465518080667e-01
-5.330999198094701352e-01 2.219852470062275263e+00 2.072929353302212174e+00 9.956137851841390107e-01 2.150315552006258624e-01 8.645780199180485015e-01 8.742778723041110256e-01
6.800908271045388864e-02 2.798512490308282974e+00 2.820476249922228895e+00 1.803654513294456585e+00 9.809540489001248309e-01 1.368190682947016734e+00 1.543269468340531470e+00
7.115694049260696818e-01 -2.884714881980480872e+00 -2.671292217440155881e+00 2.638810205963121103e+00 1.947104799525306129e+00 1.917753692471098503e+00 2.225423134950044179e+00
1.503146850564341053e+00 -2.244975055900168215e+00 -1.821285850552748498e+00 -2.772691999564791399e+00 -3.081651299236079833e+00 2.537067612623157498e+00 2.948382762692181025e+00
2.865836464707899545e+00 -1.517885466750017898e+00 -9.113482910522661129e-01 -1.832011323362981559e+00 -1.888301019206391373e+00 -3.048193041100031753e+00 -2.549521385088893144e+00
-1.556124587588485042e+00 -6.320467270158782735e-01 1.967400175889148090e-02 -8.258713511116666517e-01 -9.363456881308850344e-01 -2.247823213517900598e+00 -1.681833819043742295e+00
-5.065394227920462233e-01 4.627221104767073601e-01 9.136242912778322900e-01 1.846782030868150959e-01 -1.012707499636961717e-01 -1.174846540031441178e+00 -7.016215471937515824e-01
3.085876248423766177e-01 1.600113761725134642e+00 1.740103153008633274e+00 1.124051838122856584e+00 6.864111191185843230e-01 4.104189753806735674e-01 3.677639569271465292e-01
1.013340609870387432e+00 2.526197708659851049e+00 2.486405229279530893e+00 1.958741873936145961e+00 1.441975518830837633e+00 1.604301021496619351e+00 1.405204833391967556e+00
1.625651131765617707e+00 -3.052053854370861519e+00 -3.134967307509564538e+00 2.704819139464976985e+00 2.156184246076499278e+00 2.407300914362627164e+00 2.339202797038189008e+00
2.154498313826100020e+00 -2.498735422990308042e+00 -2.546209909026884599e+00 -2.897907186363026355e+00 2.812705867788851677e+00 3.086886292254320097e+00 -3.105022759452954251e+00
2.630899928109984298e+00 -2.037136526367322009e+00 -2.004082524178551150e+00 -2.278651419241346954e+00 -2.882149808364707688e+00 -2.558483811897609872e+00 -2.345079293203240489e+00
3.095333428933168651e+00 -1.607570682438379306e+00 -1.468158579625636673e+00 -1.707299866060009386e+00 -2.352309522496753402e+00 -1.905099572114971274e+00 -1.631925978903040475e+00
-2.720098949104424957e+00 -1.199744141915426443e+00 -9.147678906197779236e-01 -1.160729844861257742e+00 -1.845592162529293701e+00 -1.182757992399233737e+00 -8.708638276322600014e-01
-2.240364424744744731e+00 -8.780878598956349812e-01 -3.609197795744849557e-01 -6.106243432504477875e-01 -1.330247070342705173e+00 -2.954226670636164176e-01 1.630447481518891295e-01
-1.769402638093528823e+00 -8.034566345463211023e-01 -2.966260967289683359e-01 -6.082163799858969488e-02 -8.149509586825695040e-01 1.110770919986280747e+00 1.715524293290920932e+00
-1.340972630467037296e+00 -9.049394013003264625e-01 -2.029290514978556725e+00 3.168500096912602593e-01 -3.864406789795731823e-01 2.895156474297762905e+00 3.050378610539995705e+00
-1.010163235909327994e+00 -7.074328510636419542e-01 -1.499322705903147979e+00 -8.371739150127642803e-01 -4.941015252473750508e-01 -2.293791860744689437e+00 -2.243847398971855256e+00
-8.312873286354729441e-01 -2.819177151924090463e-01 -9.572244991488834120e-01 -7.820988845509785348e-01 -1.086512349657547061e+00 -1.455762817664594699e+00 -1.369105432474294615e+00
-7.334517052056190867e-01 2.396097600192922672e-01 -4.489867881192341481e-01 -2.475860657709823276e-01 -8.020982412562319697e-01 -7.144957157675693171e-01 -5.346854806606307076e-01
-5.629004601540525954e-01 7.799396878087445639e-01 1.188259395608161871e-02 3.638448935714531096e-01 -3.174532804630863514e-01 -2.082886973704763112e-02 2.910703959817714237e-01
-2.907067745943930359e-01 1.275479966396719789e+00 4.155234764246566459e-01 1.041274145712697052e+00 1.880708395696883140e-01 6.634647789083327751e-01 1.139051323021604833e+00
-1.372872495376977614e-02 1.472128438535146744e+00 6.929705686790208485e-01 1.784978755561195785e+00 6.644018702039139468e-01 1.334079569061857207e+00 2.066846691055248542e+00
2.261831343278153938e-01 8.723820979956495858e-01 8.303909239839526446e-01 2.677699121078688016e+00 1.091374008771144100e+00 1.823429669801013731e+00 -2.579854833991496399e+00
5.035318627746164788e-01 1.048395162851442519e+00 1.030814846630250914e+00 -3.900285045882465051e-01 1.467223727908137931e+00 3.274075324754021632e-01 -1.660302259333654995e-01
9.379744869142956354e-01 1.642786673109685402e+00 -1.730456752369163631e+00 7.146283335911539636e-01 1.806453503720205855e+00 7.342363688190536308e-01 7.396719909491350498e-01
1.490683602881751169e+00 2.377966811445043405e+00 -1.277505170370912602e+00 1.576386386540774565e+00 2.140271291114386187e+00 1.316984919409025290e+00 1.444002836205547258e+00
2.102004079046015494e+00 -3.058898512120140634e+00 -8.472183627135935202e-01 2.451366836123218373e+00 2.502384253222271759e+00 1.874240182130049392e+00 2.066826158787102408e+00
2.737490648072942179e+00 -2.129712408612344010e+00 -4.606399767502810105e-01 -2.904525027058910691e+00 2.903363557344065704e+00 2.391759527496752469e+00 2.650524361275608864e+00
-2.917716914887867663e+00 -1.264935061538054129e+00 -7.087137748308003360e-02 -1.961385650128328439e+00 -2.954134597538792484e+00 2.789036704105113618e+00 -3.083099977688393611e+00
-2.327483604008826035e+00 -5.460543742891702523e-01 3.384786215191590286e-01 -1.092021858681908153e+00 -2.536511780094545809e+00 2.972860931627464343e+00 -2.595687541848375357e+00
-1.866634246401815522e+00 3.778801117705183482e-02 7.386529526065436224e-01 -3.788854504751665297e-01 -2.191589743441435534e+00 -3.035934938304401420e+00 -2.221944595671326628e+00
-1.588765856275353050e+00 5.011476552302973619e-01 1.053881006615337013e+00 1.517971878193968838e-01 -2.035395384663412521e+00 -2.442237197749939082e+00 -1.879503837892316120e+00
-1.268929297717295901e+00 9.104332371477363850e-01 1.245578488088174840e+00 5.592712281720062517e-01 -2.056374590263557511e+00 -1.679566640114690923e+00 -1.394745608736631892e+00
-7.252259300980641310e-01 1.345216949555700703e+00 1.446474802702296225e+00 9.376099278637045620e-01 -1.905576351107806765e+00 -8.383454839604287390e-01 -7.585081564683164856e-01
-6.246591126367055657e-02 1.835153035145181022e+00 1.786712211547829554e+00 1.340669287451222269e+00 -1.491945318444265922e+00 3.166218611203274608e-02 -3.636571894516842096e-02
5.931490252087159298e-01 2.347337407579113577e+00 2.210013705138461404e+00 1.750859847223845023e+00 -7.710231776649068003e-01 8.813100731411502853e-01 7.247247785139717680e-01
1.192909849178231063e+00 2.825711823448213256e+00 2.625225212624180404e+00 2.157033315315876720e+00 1.487159419304299179e+00 1.672696926381120441e+00 1.498288655527917124e+00
1.724555001584346270e+00 -3.060363169043826659e+00 2.993735026639628316e+00 2.564882932001974591e+00 2.516280096706400293e+00 2.376887334976556687e+00 2.249464729931154761e+00
2.210171075242239880e+00 -2.736735598731243613e+00 -2.937529596514202090e+00 2.980508872151938160e+00 3.052037052826416463e+00 2.986335754677918786e+00 2.930565592838253242e+00
2.673987315065804005e+00 -2.369316836262793213e+00 -2.546687007141682724e+00 -2.861775517577803907e+00 -2.762757707067716062e+00 -2.754510068943717638e+00 -2.777345229772662183e+00
3.126435102486001760e+00 -1.889944998142073507e+00 -2.103987614728077382e+00 -2.388645392050050553e+00 -2.282174757358994555e+00 -2.231334147687741964e+00 -2.280848468836413900e+00
-2.698065878886624525e+00 -1.313513026015930674e+00 -1.603960385141158795e+00 -1.886161974237032135e+00 -1.766962662976812926e+00 -1.678574464092177143e+00 -1.766183212078468623e+00
-2.229650686512880231e+00 -6.714889957813077181e-01 -1.030712481878317099e+00 -1.373969173578376557e+00 -1.220757756686234430e+00 -1.099622598542744800e+00 -1.195074519658239520e+00
-1.746506231684465726e+00 8.523623966440744409e-03 -3.120765513328384588e-01 -8.724187933892075808e-01 -6.518673389755472725e-01 -5.473180204963739026e-01 -6.063955229148773052e-01
-1.253585222215301442e+00 6.759468675790409886e-01 1.362546465295067621e+00 -4.117108672066790986e-01 -5.940143873349307962e-02 -1.594662251711868872e-01 -7.162298646538538260e-02
-7.304932445871874513e-01 1.110420885273240010e+00 -3.061325844340831992e+00 -1.954904726667097137e-01 5.831887091406621204e-01 -3.822234089492378972e-01 2.659928759508402019e-01
2.184764828937043379e+00 1.360483689215369996e+00 -2.301590263268566972e+00 -1.507237626663244345e+00 1.532194408530764385e+00 -6.794253675996495545e-01 1.222978609471639111e-01
3.046396359110920660e+00 1.881716916191903621e+00 -1.718167500103503276e+00 -1.402687440877024683e+00 -1.990080366878774765e+00 -4.179788326331028148e-01 -5.525040442881820786e-03
-2.821945198654097098e+00 2.499362422942757789e+00 -1.322483192813721509e+00 -9.324397233025613074e-01 -1.195780258106412530e+00 8.242952594988830345e-03 3.185706268087318827e-01
-2.438993434136190075e+00 3.099327902585605976e+00 -1.383162687889669673e+00 -3.942056169913604746e-01 -6.313867959838206367e-01 5.006199050845415721e-01 8.065316091985230695e-01
-2.073585347875837925e+00 -2.622839793902138172e+00 -1.636308094898060173e+00 2.773554601520342722e-01 -2.466872055018746457e-01 1.046725414162287260e+00 1.361324273919537919e+00
-1.724585974116102927e+00 -2.079930890099123797e+00 -1.399952849698170576e+00 2.910598370799017953e+00 -1.104776052897588512e+00 1.624055313047176208e+00 1.984064185893714694e+00
-1.411823835613461364e+00 -1.534967484234297963e+00 -9.436726524227313506e-01 -2.249971921125740071e+00 -1.713789580811069690e+00 2.201704027307783473e+00 2.711085441672522744e+00
-1.162604145108226739e+00 -9.737238413115980595e-01 -3.861512450044044531e-01 -1.613266047230022204e+00 -1.450179518877486640e+00 2.744093144849908406e+00 -2.716889833190984316e+00
-9.981488651886857300e-01 -3.990352983270614162e-01 2.702279405034656024e-01 -1.037650221510445059e+00 -1.111596841225168886e+00 -3.065854156404119735e+00 -1.763515421663795602e+00
-9.045767395323514037e-01 1.527666405155894414e-01 1.073434529535671533e+00 -5.158347789613790813e-01 -7.569961418552393351e-01 -2.687503181350303194e+00 -8.063593343955814952e-01
-8.098294722328668316e-01 5.294423799890159987e-01 2.218415476358700289e+00 -6.958327925974450157e-02 -4.224047872447989072e-01 -2.465631977038215350e+00 7.022051714492423546e-02
-6.765467034259449175e-01 -1.172611732576781945e-01 -2.549139582244240643e+00 2.541774418027524796e-01 -1.624764166560417333e-01 -2.341586033474035933e+00 8.421395599241212615e-01
-5.111112453904740338e-01 -3.013674758972104128e-01 -1.466059830249861085e+00 4.513481956660964634e-01 1.319843372213769239e-02 -2.062412536978766919e+00 1.489826434719769610e+00
-3.105945520078290945e-01 6.812550119572513552e-02 -7.264917000653092760e-01 6.444429650307977875e-01 2.243072791712829861e-01 -1.649573071159693649e+00 1.985921767412548888e+00
-5.501252338159231398e-02 4.500351398446348905e-01 -1.545736936885699075e-01 9.309437020253198414e-01 5.437884018811549591e-01 -1.345217056000356015e+00 2.439806062563650180e+00
2.244808340400590574e-01 8.050363456117821670e-01 3.271257837508142474e-01 1.249154024764929760e+00 9.119942526561891638e-01 -1.273744224369829814e+00 3.063410108672103949e+00
5.048301309504984458e-01 1.212867744542302839e+00 8.103950896517997382e-01 1.550655063610752782e+00 1.246836722520112684e+00 -1.009987344185860891e+00 -1.893977728583116749e+00
8.147871942188071870e-01 1.693087095953679455e+00 1.345188377668215640e+00 1.870640138906833672e+00 1.509037627560535055e+00 -5.250152949792740165e-01 7.371919098757681033e-01
1.194540540270444540e+00 2.205783011322680842e+00 1.919733751687202616e+00 2.242963440454277979e+00 1.738428536080252274e+00 -6.591955954189572531e-02 1.571870295739944634e+00
1.628389355310408959e+00 2.705839797163420268e+00 2.486358281984755170e+00 2.639091425115165368e+00 2.001866680107668994e+00 9.451576641080108865e-03 2.252474947836895058e+00
2.077492020414700935e+00 -3.120966950679742169e+00 2.975879907718146367e+00 3.017554495655417224e+00 2.313092505687554201e+00 -2.199458056319373300e-01 2.867343830377663494e+00
2.507520837424030535e+00 -2.712021586515487748e+00 -2.973122127231066614e+00 -2.901093827096480560e+00 2.651693515288511271e+00 -2.840137728344605678e-02 -2.826505128588788995e+00
2.892134375736752361e+00 -2.417635515256815193e+00 -2.818662334290705562e+00 -2.539944553051268983e+00 3.001947776499048981e+00 2.681697828526198313e-01 -2.227746716895829593e+00
-3.062981411267934551e+00 -2.956004939617948857e+00 -2.864492603072498866e+00 -2.177130482379612264e+00 -2.920824300122043304e+00 3.691999787468319694e-01 -1.586749320465286495e+00
-2.790201833845259216e+00 2.730246300150700023e+00 1.364197617228917858e+00 -1.801167208225448846e+00 -2.549336312993630838e+00 3.869739663518990125e-01 -8.584853433137108469e-01
-2.541822940017480104e+00 3.082646252481132887e+00 1.744974106547395820e+00 -1.290466192014933622e+00 -2.177566484940983926e+00 6.383325266550524679e-01 2.379459018957109928e-02
-2.275122692781584632e+00 -2.704555944976164472e+00 2.303457678546304788e+00 4.288496429306218882e-01 -1.833981113653842199e+00 1.070555925546891940e+00 9.777482665352394964e-01
-1.947377446949639435e+00 -2.171508218686874159e+00 2.926892435615452204e+00 2.179451555316714639e+00 -1.614995963197239481e+00 1.582837569024180713e+00 1.853783138821856635e+00
-1.553843002439484255e+00 -1.646525656474959964e+00 -2.709515391604268242e+00 2.885239890695090015e+00 -2.114072738120502670e+00 2.123386334286721855e+00 2.664168165729255744e+00
-1.114214257914937445e+00 -1.157691385492249037e+00 -2.076483673607624869e+00 -2.791742133959820737e+00 -2.915553538597988492e+00 2.651094334937434738e+00 -2.853039123813644107e+00
-6.646601896218015115e-01 -7.185094857367697596e-01 -1.513332082891642560e+00 -2.283662646434732935e+00 -2.827823813885243176e+00 3.131263401883498165e+00 -2.142774844527283840e+00
-3.580008185943897581e-01 -3.300786783783795086e-01 -1.087681765874615181e+00 -1.907621966672365499e+00 -2.566579324548347252e+00 -2.730671852519992004e+00 -1.509284468980834903e+00
-1.521409700815993027e+00 2.088376943903865607e-02 -8.225451116287646469e-01 -1.643589627988508273e+00 -2.228103160703278629e+00 -2.366366418998232746e+00 -9.631359265647125856e-01
-1.580660538188136233e+00 3.539083735584673263e-01 -5.784147205614862397e-01 -1.368505272590629263e+00 -1.831085991460259521e+00 -2.045764369230770985e+00 -4.961239768604408518e-01
-1.094591127245103435e+00 6.970432489670540521e-01 -2.001606028227757572e-01 -1.004820914704796175e+00 -1.383922123058508591e+00 -1.738537060491991415e+00 -1.419447906188027742e-01
-5.340976244504882509e-01 1.067331616829424012e+00 3.023185391507265951e-01 -5.109159424683996642e-01 -8.899150003130245068e-01 -1.386456202886275912e+00 -3.068094183129217375e-02
4.822845016243285099e-02 1.480985571661950218e+00 8.767246865101976372e-01 1.465458553242709461e-01 -3.563622990140101754e-01 -9.730852875393399826e-01 1.002686599411998711e-02
6.232886831012749429e-01 1.933244619924007646e+00 1.474502159248813227e+00 9.034032701612996208e-01 2.021317435039102495e-01 -5.474817048335279823e-01 3.102694964767050423e-01
1.172514755805939224e+00 2.395619406866325907e+00 2.059199204525237192e+00 1.666233345239585883e+00 7.694261755076972076e-01 -1.864276426442273149e-01 7.801999765902094541e-01
1.681593669968274973e+00 2.826523518214739461e+00 2.596628990064936637e+00 2.364829916074452143e+00 1.333641227012390296e+00 2.888026084493711468e-02 1.336125200128821300e+00
2.146253646767271928e+00 -3.113652278272973639e+00 3.045485287160473842e+00 2.986608331516376502e+00 1.879668027644255446e+00 1.444912105552179360e-01 1.953754927436349487e+00
2.562852234138507601e+00 -2.910239690239829979e+00 -2.925884680604244004e+00 -2.737964518791068169e+00 2.369691861101383523e+00 3.471196207028155456e-01 2.596915410595336038e+00
2.920908489718163636e+00 -2.797994809710942388e+00 -2.780009140074214180e+00 -2.260436627678390042e+00 2.734747571205710770e+00 6.991747404654705678e-01 -3.079984308387317515e+00
-3.061730013470566281e+00 -2.599512449549016502e+00 -2.667862719235789104e+00 -1.915590753599168750e+00 2.950367213134050814e+00 1.131505012495827245e+00 -2.584172841161699541e+00
-2.795054134302935811e+00 -2.277606292372968966e+00 -2.425830269867021105e+00 -1.809208195927032525e+00 -3.106189746442874267e+00 1.601117609054580671e+00 -2.209502818927444157e+00
-2.519361561406695760e+00 -1.891594079926149030e+00 -2.059554237453166792e+00 -1.816668798151200193e+00 -2.743544606679876541e+00 2.075406346529238277e+00 -1.747927360034084332e+00
-2.213850455273534745e+00 -1.499126618384849063e+00 -1.644666518422871704e+00 -1.616089270455124849e+00 -2.288134946574889028e+00 8.604139556337901673e-02 -9.931811971204799194e-01
-1.875667491732128322e+00 -1.164189030397629665e+00 -1.271637349075924073e+00 -1.249904950642753976e+00 -1.813976988296078341e+00 3.230376789117253566e-01 1.422366098839257242e-01
-1.516995664352287942e+00 -1.025381624494315913e+00 -1.132376175323034806e+00 -8.896659000185550559e-01 -1.415589465164690974e+00 1.000274304382666068e+00 1.431474785215078871e+00
-1.160953785157461615e+00 -1.167135718598078631e+00 -1.326999699215232864e+00 -9.312949276112030272e-01 -1.330656916924854771e+00 1.746573591601017439e+00 2.500222152742500370e+00
-8.494228159852280635e-01 -1.119744372201114224e+00 -1.219005116476507000e+00 -1.460832128425924914e+00 -1.659151155996533289e+00 2.533829153243844168e+00 -2.886057082786464001e+00
-6.546289749711434736e-01 -8.013377481057182283e-01 -8.266088973250940164e-01 -1.256712020385079676e+00 -1.548987285767272626e+00 -2.939111914652748236e+00 -2.077306334761414686e+00
-6.272539743193613626e-01 -3.962950210918619320e-01 -3.583348189441615816e-01 -8.144786643103011370e-01 -1.147083977428321244e+00 -2.124200895037464676e+00 -1.326181802849818681e+00
-6.392303136228157934e-01 -5.379395231329164168e-02 1.706706309005029398e-02 -3.538770990326303711e-01 -6.651055566511132611e-01 -1.311822022619676176e+00 -6.151102905502101592e-01
-5.381431493501162011e-01 -7.399092140711399646e-02 -8.139265266555989475e-01 5.342342608375980073e-02 -1.796537077879494237e-01 -5.110133052982972490e-01 8.009055278435685266e-02
-3.926971292117265588e-01 -4.856229346480437359e-01 -1.268035711994420112e+00 3.419490951882137031e-01 2.388881401487098488e-01 2.364157658014809094e-01 8.216621119342998325e-01
-3.163682937487437563e-01 -3.808128708849747857e-01 -9.257410391581174514e-01 4.754729282027842507e-01 4.618132993392310981e-01 -1.821492789927929401e+00 2.393445190887303564e+00
-3.124864000987708779e-01 -9.483034641407206422e-02 -5.939231786638278221e-01 5.574082463211550431e-01 4.247211086282522419e-01 -1.303092977707794198e+00 -1.730899634384267971e+00
-1.955132153138480489e-01 1.693761104643352611e-01 -3.028618480525864798e-01 7.538424719928588091e-01 5.025687594407591829e-01 -7.795516897995737882e-01 -1.031186807080338275e+00
8.531832105396205956e-02 4.249873341106027436e-01 2.550580859004202353e-02 1.048223030627860597e+00 7.998365107310202449e-01 -4.919990195877933514e-01 -4.658566300067610300e-01
4.601575143723870553e-01 7.308955807375322467e-01 3.988717090419278688e-01 1.383386310121856200e+00 1.164650078415055745e+00 -2.587849673670011286e-01 5.960151492021256020e-02
8.683362184428218278e-01 1.058245025908557180e+00 6.736962271805844171e-01 1.729682250645864450e+00 1.515910556788333752e+00 1.256779529962037123e-01 5.702208631033076625e-01
1.280657479814741428e+00 1.359513015726433238e+00 3.567285548156514108e-01 2.074246691847507318e+00 1.838189031844438492e+00 5.913415838929048096e-01 1.069160062604379346e+00
1.677469224507737167e+00 1.627364604246389401e+00 -2.034184014712266675e-01 2.401549633603520917e+00 2.144974406923986887e+00 1.052746692400555517e+00 1.531054761168619827e+00
2.037286077545929608e+00 1.891285549565715263e+00 -6.603007421232631735e-02 2.682348820590847893e+00 2.440554413652447074e+00 1.507460943914588514e+00 1.914301344779563596e+00
2.337809050660471399e+00 2.169548907092051948e+00 2.206645621953240710e-01 2.866666644615712745e+00 2.720561432685943526e+00 1.954376243790664214e+00 2.200145999040724387e+00
2.586206750348105210e+00 2.463065435318060992e+00 5.395776225478960963e-01 2.837143766642968856e+00 2.996602878383437307e+00 2.346079978471159677e+00 2.450333865832540425e+00
2.845269244977524536e+00 2.785142333904455203e+00 8.827820973712620090e-01 2.642741197667605402e+00 -2.993456027097803673e+00 2.424542704118510805e+00 2.660833172341953823e+00
-3.118392060522563458e+00 -3.128184766702610808e+00 1.277795294185055441e+00 2.585474832301644987e+00 -2.683545267738117968e+00 1.529212853811158013e+00 2.056049440978655607e+00
-2.726902051346013156e+00 -2.694212287565115105e+00 1.707207829480545058e+00 2.726181492330213896e+00 -2.378406640513036407e+00 1.687052563704113606e+00 1.777151084304843032e+00
-2.260222801590892061e+00 -2.205998036948631835e+00 2.044494728355100044e+00 2.994519290085473351e+00 -2.087000966050563733e+00 2.212828084698315934e+00 2.293004777247423576e+00
-1.660541151537771487e+00 -1.673349452350602284e+00 1.910093227023499152e+00 -2.926276470760368564e+00 -1.791310412213660497e+00 2.811317925633448400e+00 2.939256394050197674e+00
-6.957571624897246343e-01 -1.082752182419724152e+00 1.624160715500573504e+00 -2.532461386217233823e+00 -1.482385228722110426e+00 -2.875463711378176246e+00 -2.687501151917003561e+00
7.255027345622764301e-01 1.854523950170741342e+00 1.861930189745962805e+00 -2.227622451995709518e+00 -1.190448471884836934e+00 -2.320668912828508734e+00 -2.049790418400659675e+00
1.651582819710274430e+00 3.094143810010253404e+00 2.249724576076214788e+00 -2.457239412971311321e+00 -1.114971123525153818e+00 -1.859828238941251932e+00 -1.425868041927367491e+00
2.281211294681126045e+00 -2.405532504120832638e+00 2.621032864408232577e+00 -2.797490415552985610e+00 -3.118752778653529845e+00 -1.535866791762010131e+00 -8.542920111685208262e-01
2.812576354886507701e+00 -1.449949338997728043e+00 2.703214162090222583e+00 -2.470585448201860768e+00 -2.837169375178525854e+00 -1.270976126107897120e+00 -9.644652979275782911e-01
-2.995316378348161113e+00 -2.222477810506881257e-01 1.900202367584133301e+00 -1.926912557157185901e+00 -2.350986669141054808e+00 -8.932241686815116655e-01 -1.219083460181019651e+00
-2.586909165666440913e+00 9.668821044959204913e-01 1.928971948489868860e+00 -1.297585460335604068e+00 -1.812678593947607331e+00 -3.825409682678327372e-01 -3.998078187330353361e-01
-2.276585282059323312e+00 1.901546562197277357e+00 2.378450092268194815e+00 -5.740904655898604325e-01 -1.266172887451060936e+00 1.991571468791150656e-01 5.691303539527386990e-01
-2.096014530271891996e+00 2.700643538329610127e+00 2.939329638579619264e+00 6.404758111829158551e-01 -7.460531929814157026e-01 8.280636446396894002e-01 1.499054982841949935e+00
-1.987090918056777733e+00 -2.843579881266944387e+00 -2.740053369996666266e+00 2.906885447324889515e+00 -7.979363325353266978e-01 1.518536226014977064e+00 2.358102555848347937e+00
-1.841559994480025830e+00 -2.139844998848227764e+00 -2.129794773061636448e+00 -2.465116186668033560e+00 -2.584166718728930334e+00 2.331363310839459579e+00 -3.110040482374994752e+00
-1.624779473883011249e+00 -1.452455647839703490e+00 -1.526545014042242077e+00 -1.759878931438295213e+00 -2.080175835706848719e+00 -2.865794299091429131e+00 -2.311712163827229993e+00
-1.350876242339355215e+00 -7.654563660692285110e-01 -9.153884531598591723e-01 -1.096462705092426049e+00 -1.542460634331380920e+00 -1.385420070636496082e+00 -1.521868577939228251e+00
-1.024261308823191330e+00 -6.821781675999874506e-02 -2.556701630608326781e-01 -4.549596083616238018e-01 -1.012411846652995218e+00 -1.579754008401274279e-01 -7.420953087848515262e-01
-6.485819364888939509e-01 6.377811449873389549e-01 4.804167357781767844e-01 1.578696214014672916e-01 -5.115850057085614688e-01 6.782167058115164959e-01 2.050836833696453171e-02
-2.533462689058402773e-01 1.320544932650257852e+00 1.266958220484417197e+00 7.170772492109029894e-01 -6.467751932978084428e-02 1.294183205218307320e+00 7.531427169802369370e-01
1.128340923493070941e-01 1.926567798068882231e+00 2.054248169718300154e+00 1.202296364741984425e+00 2.921673526733022386e-01 1.777181943226874727e+00 1.440466087736440359e+00
3.805930233510648741e-01 2.415857972124497266e+00 2.810790831976568871e+00 1.612981967377092873e+00 5.180606522545174730e-01 2.222527782958119591e+00 2.058971082764368798e+00
5.402684626776123045e-01 2.849364568097231043e+00 -2.755061058443629918e+00 2.003680651641424948e+00 6.208001132928476773e-01 2.708523491128873584e+00 2.584745873821860496e+00
7.068800444168579222e-01 -2.929380159493060631e+00 -2.074105107588216423e+00 2.474799868433096517e+00 7.205273996262425706e-01 -3.032785485800043812e+00 3.029919392492141039e+00
9.570676312754460291e-01 -2.324359354603879435e+00 -1.415266928069626617e+00 -3.024781975729474492e+00 9.350960553576814771e-01 -2.465919837138140558e+00 -2.826962697697111615e+00
1.081508356381769342e+00 -1.646279420166732343e+00 -7.204774873395977108e-01 -9.797066530859170896e-01 1.253659822626767228e+00 -1.908745820898772649e+00 -2.369105069150218235e+00
-1.793591721311905696e-01 -9.459337858516263520e-01 1.332666476950388201e-01 4.884437720395743560e-02 1.582004846006131116e+00 -1.406533184865208286e+00 -1.887191433785973205e+00
-2.777505728261574491e-01 -3.206821973034401640e-01 1.350033879139450166e+00 6.386240923906310041e-01 1.780134107641248242e+00 -1.019847163771570475e+00 -1.400419667805898216e+00
8.189785378141113681e-02 -2.023011882157945973e-01 2.787916991163529978e+00 1.110677762343601271e+00 1.804799826044523492e+00 -8.084939454698828465e-01 -9.253458893220009029e-01
4.617127271794584931e-01 -6.441842767593448649e-01 -2.367352090173776791e+00 1.474627894010887452e+00 1.921392741709882390e+00 -6.651836414285771104e-01 -4.798742108188895905e-01
7.690390943048971417e-01 -1.543022824338106114e-01 -1.436938142812099306e+00 1.742448815755161640e+00 2.166311263799552744e+00 -3.408865375232656425e-01 -9.589688221114475719e-02
1.000482244325540337e+00 5.561823316904125347e-01 -5.345572905595425972e-01 1.992016933594198846e+00 2.353006760812447862e+00 1.678935270267804813e-01 1.833690318072792036e-01
1.275810275742241151e+00 1.312309910330345719e+00 8.144646537110220574e-01 2.298731010676742681e+00 2.419490190624066894e+00 7.834006148038752393e-01 4.374503834341242903e-01
1.649437942914071975e+00 2.076719122980374976e+00 3.107880439270052086e+00 2.668997535454966652e+00 2.564689938189527396e+00 1.458389914031192003e+00 8.304342714438925910e-01
2.090673894808828592e+00 2.851541186706904707e+00 -2.265978643169307638e+00 3.082786112743840068e+00 2.860575496940747975e+00 2.259950897960591565e+00 1.375592111903518155e+00
2.566001042803785381e+00 -2.634420158801413336e+00 -1.575479690212875372e+00 -2.745747757705188530e+00 -3.050938319608239802e+00 -2.693769327214165177e+00 2.012778632499314213e+00
3.056413624322232181e+00 -1.824036507242762895e+00 -9.555735064711400328e-01 -2.258052900300884680e+00 -2.639290803942864638e+00 -1.224122656578267465e+00 2.734610717605669983e+00
-2.721334296205212500e+00 -1.016003374004642357e+00 -3.981415313599611649e-01 -1.734483530888648817e+00 -2.181245949007511342e+00 -3.357387071215250929e-01 -2.037801844403103857e+00
-2.198735653750332641e+00 -2.309985274445474357e-01 1.102288395229672618e-01 -1.171649063896531118e+00 -1.667920359166751743e+00 3.922409706716140643e-01 4.527609766378855594e-01
-1.660513287000726423e+00 5.017121041801431147e-01 6.106578728398724953e-01 -5.572797558523836514e-01 -1.099343661605855837e+00 1.069464763191318335e+00 1.183661750566921356e+00
-1.123035968803144158e+00 1.154456096394129494e+00 1.140713362082673266e+00 2.427515009575492710e-01 -4.688323509322569471e-01 1.714235525126731829e+00 1.805014437784397074e+00
-6.078315996999424931e-01 1.699652483175250195e+00 1.687386724263053583e+00 2.430171188404486315e+00 2.536890017165663869e-01 2.323864640791660996e+00 2.400791150778176508e+00
-1.226060265577587904e-01 2.171148357035922238e+00 2.214755573212567885e+00 -2.796385823957361794e+00 1.116936268295596779e+00 2.897307244935024340e+00 3.000988907571152886e+00
3.574810903652406169e-01 2.647808154431558592e+00 2.701547304745082201e+00 -2.284283637601791206e+00 2.047626930095280962e+00 -2.842919103455034513e+00 -2.690879623504294660e+00
9.280539948529752392e-01 -3.126370366827106118e+00 -3.112769860751225970e+00 -1.895580670312748017e+00 2.739114896617523609e+00 -2.330460224911299782e+00 -2.169437162718364398e+00
1.653729599512388626e+00 -2.579146524846745336e+00 -1.981614924600174410e+00 -1.573513772387289178e+00 -3.113007268115753234e+00 -1.844472210381336685e+00 -1.794285025988543669e+00
2.475439195699201456e+00 -2.002921619225408456e+00 8.372978777827663199e-01 -1.257598216041934336e+00 -2.676609039260176015e+00 -1.380586291050843739e+00 -1.526406312079742644e+00
-3.030678153630981697e+00 -1.418050453669548183e+00 1.439243064672774741e+00 -8.810944778145848311e-01 -2.150317233364040348e+00 -9.245179036707320552e-01 -1.172099932643704046e+00
-2.368513597365865753e+00 -9.285380080132765723e-01 2.041329161393985014e+00 -4.159344480038064673e-01 -1.573911127133721166e+00 -4.315275770407780431e-01 -6.728485652218094693e-01
-1.788168162120450821e+00 -7.969111684873017021e-01 2.623233557291472895e+00 1.334083035999198141e-01 -9.946938043156857701e-01 1.952120321203103803e-01 -5.983191031167804652e-02
-1.262871505918988335e+00 -5.965447717091331148e-01 3.113013010763939103e+00 7.721025674494942370e-01 -4.872817925708290421e-01 1.338527776897401544e+00 6.897109105357032144e-01
-7.978565781089348441e-01 3.227788171393253802e-01 -2.898796596761529454e+00 1.521549766503254242e+00 -3.784364303295443821e-01 -2.857971632919516836e+00 1.710833480865497247e+00
-4.397315481084945743e-01 1.662938926486623892e+00 -2.829953615720461002e+00 2.567337598658272046e+00 -1.149125646889656904e+00 -1.827598231763010395e+00 3.041499160657412659e+00
-2.880994650754546971e-01 2.795358576546829621e+00 -2.586748175068318112e+00 -2.311970562705363275e+00 -1.004076133766696355e+00 -1.073874641386633577e+00 -2.569216215529326774e+00
-3.268808420523211522e-01 -2.592483152689745829e+00 -2.158159502427813514e+00 -1.523860254819737525e+00 -6.400327276046556824e-01 -4.475541461224637474e-01 -2.632831743501045096e+00
-3.329613280094472771e-01 -1.821215012325839488e+00 -1.662663941278817115e+00 -9.982231446531635299e-01 -3.363273705785106982e-01 -5.212414664379196733e-02 -2.216553337420080982e+00
-2.058510949766944875e-01 -1.153819070625752730e+00 -1.159211171137007668e+00 -4.569210566874164492e-01 -9.443691580107295425e-02 -1.796864705807185367e-02 -1.617815045076556046e+00
-8.157029050142254600e-03 -6.296387863026444709e-01 -6.987017699493056622e-01 9.559615797149337291e-02 2.045754348023120506e-01 1.266393021530408114e-01 -1.019020117904338329e+00
2.414944664479743430e-01 -3.472014217319869256e-01 -3.648317858966747540e-01 6.205069314819382509e-01 5.955087597804316069e-01 5.768677648716904471e-01 -4.641862837330151814e-01
5.092116539529695229e-01 -2.544851974699822716e-01 -1.879932835871228891e-01 1.077114610728078681e+00 1.030621602046661645e+00 1.141984773347767046e+00 2.487515927149542769e-02
7.786292454193460832e-01 6.991662269880021159e-03 2.947945595974243299e-02 1.453655454510745404e+00 1.458462937996503506e+00 1.731581060547203066e+00 3.787880649455137583e-01
1.063797806593887785e+00 4.504638705313090408e-01 3.854776145117284059e-01 1.761358159334058149e+00 1.846152911968644617e+00 2.292107975722228463e+00 4.517009902442292169e-01
1.400674493464875381e+00 9.795752280106408971e-01 8.338288264920838966e-01 2.039858540627085493e+00 2.189947984807040005e+00 2.749930760559604170e+00 4.513652040242360775e-01
1.780343221569943735e+00 1.559445064330089448e+00 1.356768467570819814e+00 2.343382076947984505e+00 2.513037596530807605e+00 2.508560438400565751e+00 7.297042686604976458e-01
2.165982215843873959e+00 2.194566264259360189e+00 1.961073049890037723e+00 2.730114453088876569e+00 2.853707932203843889e+00 1.391428310287430969e+00 1.205159328446802069e+00
2.520091266667793484e+00 2.910419344163220234e+00 2.650596880613278028e+00 -3.028928431711971125e+00 -3.012550106756174628e+00 1.826267597772215368e+00 1.826659271617619540e+00
2.827606164740143146e+00 -2.398227107603411845e+00 -2.811573070591581569e+00 -2.368989741616288391e+00 -2.459888057352051405e+00 2.410401917443714570e+00 -1.119466382221363521e+00
3.136249185959892660e+00 2.093357153477421739e-01 -1.481807896859099971e+00 -1.589204144587155643e+00 -1.735478713516957150e+00 1.232042470764048298e-01 -2.596681876753580420e-01
-2.782042204823013787e+00 1.352600008899506934e+00 4.038383087113826542e-01 -7.253208067865595243e-01 -8.334308047340271974e-01 6.549119780457141049e-01 3.998525738715624223e-01
-2.322548825331914202e+00 2.161744144719168315e+00 1.383181342155060722e+00 1.596316616211944928e-01 1.414171467657669157e-01 1.307600140300005487e+00 1.018012868304494223e+00
-1.728037566688705784e+00 3.000940497491585646e+00 2.068012014689488698e+00 9.975207544957713779e-01 1.022800419172039454e+00 1.970850608724158626e+00 1.598288925965903884e+00
-4.883318743969032420e-03 -2.026745494127800140e-01 2.550078641046304995e+00 1.746263290814706659e+00 1.774845732685736088e+00 2.638795670099157942e+00 2.137083583761678174e+00
1.911294251723091309e+00 8.301441218457656923e-01 2.530809877786123874e+00 2.409521506258168966e+00 2.433676453467009893e+00 -2.982238625590940995e+00 2.629952281245516499e+00
2.555128150598825698e+00 1.499641147511951100e+00 2.208910525102440126e+00 3.006716768467126322e+00 3.029958272069581238e+00 -2.340655115111775597e+00 3.094562653708632372e+00
3.086685555659209435e+00 2.115608421850300847e+00 2.531974395079828355e+00 -2.735082594143012358e+00 -2.707137979939298056e+00 -1.759645110993890205e+00 -2.704556675908267316e+00
-2.719380760405686104e+00 2.703719038242130335e+00 3.123460337331927850e+00 -2.223074317850897152e+00 -2.222626711047282821e+00 -1.407251578887323218e+00 -2.166779019358390901e+00
-2.313939006890468608e+00 -3.030435859944381249e+00 -2.470020488970512407e+00 -1.696926016372030110e+00 -1.835525275660429445e+00 -2.105268819291085336e+00 -1.584206443275057552e+00
-1.982650542500908220e+00 -2.562902606613562284e+00 -1.735981640889968647e+00 -1.073623597878124336e+00 -1.570172384610034388e+00 -2.145233337900733783e+00 -9.522303764376257584e-01
-1.691931448972448182e+00 -2.295704194991960545e+00 -9.912202930167783865e-01 -2.601914288930177732e-01 -1.348902680555706723e+00 -1.729201742622805460e+00 -1.043358307574786537e-01
-1.358575244590784603e+00 -2.248052315126046530e+00 -2.646921184927008563e-01 9.728008071564731019e-01 -1.060404343281505790e+00 -1.533059700917762891e+00 1.555956471937623764e+00
-9.561290072445129962e-01 -2.036217255976982443e+00 3.980116100111471544e-01 2.745968585529217521e+00 -7.319488684608185247e-01 -2.008786923748014264e+00 2.829961712931737150e+00
-5.686948015583986882e-01 -1.586646803502201220e+00 2.590990614969781447e-01 -2.295908766626365782e+00 -4.857952685110548674e-01 -1.862467594376850721e+00 -2.605113563831645163e+00
-3.566988595351646141e-01 -1.037308049105989394e+00 -8.838837281500425691e-01 -1.372549774185578997e+00 -3.940729482740653600e-01 -1.387396759767927978e+00 -1.850521647518069246e+00
-3.337535342654280313e-01 -3.981427448279541981e-01 -2.359714465237320313e-01 -5.920003428906851495e-01 -3.013622063542173990e-01 -9.500320323844240189e-01 -1.245146544345543838e+00
-5.764114824889379762e-02 6.083024713000182437e-01 5.937069867199867845e-01 -8.310856621257479704e-01 -1.148402199858253869e-01 -7.477874258961769716e-01 -1.387144712577401462e+00
2.022841428090199845e+00 2.202557859090165326e+00 1.533748216083921312e+00 -1.885588227170827302e+00 1.368544019851426208e-01 -6.212463359898283688e-01 -1.735114061531185747e+00
-2.609653885849454458e+00 -2.981875403113848133e+00 2.500031658852343686e+00 -1.355967755781620543e+00 5.014692857417683003e-01 -2.579936229232878131e-01 -1.396516277793004246e+00
-2.359171160829955483e+00 -2.196619370778782887e+00 -2.917130465684706575e+00 -1.026312236388268850e+00 1.006573141769094848e+00 1.633604041649637517e-01 -1.172142096740669048e+00
-2.089454231466148837e+00 -1.586473511326863095e+00 -2.437863394275465723e+00 -9.826135699065140505e-01 1.742465791250379592e+00 1.400152902479317729e-01 -1.065565296636875825e+00
-1.673285673222188574e+00 -1.223644879340322067e+00 -2.599143587570623026e+00 -7.882534753601272426e-01 -1.101032048245814909e+00 -4.675138771736373489e-01 -7.266467004645568162e-01
-1.204949908180137585e+00 -1.047909322392557740e+00 -2.139903912815710019e+00 -3.666241786743572595e-01 -4.938893131604693010e-01 -2.381868037115750236e-01 -2.131180335050662789e-01
-7.712265496816071986e-01 -6.845341237272345447e-01 -1.323786516570946814e+00 1.245570691697488325e-01 -5.046610492461766880e-04 1.410365695406550213e-01 3.542526622949260795e-01
-3.989396292249995923e-01 -1.081354344407802898e-01 -3.646080554159427667e-01 6.314680225823989801e-01 3.845765779460457723e-01 4.768352780639116273e-01 9.168031070013679118e-01
-6.754260726908359325e-02 5.582960122113874712e-01 7.685698043915913935e-01 1.136492245213862828e+00 7.377699926630818528e-01 7.775679071608935233e-01 1.434338765112183944e+00
2.581855273059453504e-01 1.238338442076477586e+00 2.179205867966330423e+00 1.646361220261896241e+00 1.150951770797997487e+00 1.135312792413138316e+00 1.893660247602317881e+00
5.501539424226430386e-01 1.562551149802290151e+00 -2.727641298964871730e+00 2.156075643999088687e+00 1.617495718541550831e+00 1.581940045444388376e+00 2.345166456044480707e+00
7.126645275695061565e-01 -3.887814502156140134e-02 -1.718604942971894589e+00 2.618097051321274904e+00 2.081366091882721037e+00 2.080669171445128196e+00 2.863196446565590580e+00
4.805454218723783644e-01 5.662405820160828496e-01 -9.987012364510996498e-01 2.808233070179065649e+00 2.493259146368157708e+00 2.478723948169932356e+00 -2.839783309981099180e+00
2.180072192031415335e-01 1.253648018737833381e+00 -5.031449160871565018e-01 2.309778559503638640e+00 2.831518426427437785e+00 1.124035996697045015e+00 -3.090276752851689235e+00
4.053382601477175107e-01 1.962735197060158532e+00 -1.448480198250455819e-01 2.484324850958893105e+00 3.130695019781770672e+00 1.249755554125384194e+00 1.976622992519866617e+00
7.761040968442278754e-01 2.970291513412520512e+00 1.842035288860285891e-01 3.072015962495878050e+00 -2.776628823180966155e+00 1.817535730331121702e+00 2.653587216415543182e+00
1.176620606232136712e+00 -9.056182320071654024e-02 5.170918392533382368e-01 -2.466793103248120733e+00 -2.174509056344721802e+00 2.426202469752847701e+00 -2.915224098359932459e+00
1.557182249781769556e+00 6.771864834056412485e-01 8.730759501978152537e-01 -1.595261861407994974e+00 -1.222534015624203718e+00 3.054411324229407754e+00 -2.193625649730975624e+00
1.912949165170798160e+00 1.381441670059192495e+00 1.253657370438973961e+00 -6.006339937944076279e-01 -1.946529468581402189e-01 -2.500968896115564721e+00 -1.427023328358217880e+00
2.236161456987975971e+00 2.062919513703485030e+00 1.663280874811793986e+00 3.756148507296509509e-01 5.928684840096858366e-01 -1.302939127630850846e+00 -5.411457145969001958e-01
2.450055514252825972e+00 2.718031919564411147e+00 2.118664177948930138e+00 1.217403596829838452e+00 1.255838196663957351e+00 6.003004670701607148e-01 4.813322491285869642e-01
2.432944418452916313e+00 -2.935668544051132312e+00 2.619597110464084722e+00 1.964672138779623323e+00 1.878810688059392442e+00 1.614176439013612185e+00 1.488156350017832308e+00
2.400106469242787366e+00 -2.298791673654311918e+00 3.123618317088167728e+00 2.652475669777614620e+00 2.480745809286029502e+00 2.349289211859099780e+00 2.347999534245070130e+00
2.599550685768452940e+00 -1.580502258761522283e+00 -2.820146091879843997e+00 -3.005890857265290261e+00 3.059936608450101403e+00 2.992823454278378037e+00 3.064988143776274043e+00
2.939834144350205403e+00 -4.709099312732736853e-01 2.831673676683510443e+00 -2.469641261709482727e+00 -2.669990526083523275e+00 -2.712922264016965013e+00 -2.613619048955453383e+00
-2.967437018557709916e+00 1.730159001519071760e+00 2.700607243991565376e+00 -2.109280827538557279e+00 -2.143059805619766500e+00 -2.218881345911081215e+00 -2.102424343315855371e+00
-2.606260623435319612e+00 2.869530898682826070e+00 -3.050195581594801642e+00 -2.041809854317402362e+00 -1.657916833399037282e+00 -1.836291144281720467e+00 -1.670622344821163896e+00
-2.298888049506942810e+00 -2.601291887462008567e+00 -2.380697764294180008e+00 -2.027793699566614372e+00 -1.301671461073304892e+00 -1.558249951146942980e+00 -1.288971903374525718e+00
-2.048781536531536052e+00 -1.881243645637954431e+00 -1.652042884983141890e+00 -1.736506293868981476e+00 -1.327862590713774882e+00 -1.267901400097446007e+00 -8.956751596021346185e-01
-1.831104797749097290e+00 -1.268038704497631119e+00 -8.801682421148444568e-01 -1.309543340207993456e+00 -1.543043462232588370e+00 -8.717595600246498266e-01 -4.569040617421886163e-01
-1.606183237146565412e+00 -9.698367454343038707e-01 -4.431899774844039186e-02 -9.125752005407206102e-01 -1.403774261048400973e+00 -3.818581813766200872e-01 5.290259552569771470e-03
-1.382718346499796969e+00 -1.628190907835191936e+00 9.307848695406625295e-01 -7.303977594519438510e-01 -1.174881211124255032e+00 1.689333659227347517e-01 4.480216200205112687e-01
-1.243029120257012732e+00 -1.581616289356016392e+00 2.087883471468944485e+00 -8.342962968385558842e-01 -9.728108617588935303e-01 6.109293212966535602e-01 7.068645264971497033e-01
-1.188590024663357170e+00 -1.151458471147360330e+00 3.019218369621973874e+00 -6.966181066300499714e-01 -6.794165869448691719e-01 -7.816276283003502634e-01 6.196829686397013759e-02
-9.778995086146032856e-01 -8.515508017249284745e-01 -3.026396126841193635e+00 -2.874801689231831214e-01 -2.273540368306884718e-01 -3.799432553676331814e-01 3.598428942001779401e-02
-5.545807892415303142e-01 -1.597700974969455512e+00 -2.727601568099207618e+00 2.324917437339490967e-01 3.186365484225910927e-01 3.870598193570222723e-01 6.055619721096832109e-01
-3.249787312558805735e-02 -1.658664970851404297e+00 -2.111913563309643305e+00 7.630395276964108131e-01 8.766200932264902601e-01 1.225359855157819755e+00 1.344976152786615975e+00
5.157358876351721966e-01 -1.203160584369171504e+00 -1.407728694541135583e+00 1.177784581252791396e+00 1.373353884461579133e+00 2.151912559113394519e+00 2.312515397799705053e+00
1.024926068308333660e+00 -6.887544929939531935e-01 -6.777281077563954703e-01 -2.237585691444801128e-01 1.724480070920370256e+00 -2.725545935541199505e+00 -1.441243993930757528e+00
1.390961551892122561e+00 -1.750041365453631759e-01 8.117933622149998973e-02 -2.085021743756135526e-01 1.686624144162439665e+00 -5.569653935997997962e-01 -1.386279255779784003e-01
6.426030422576718415e-01 3.206038353513217531e-01 8.945969179579533748e-01 3.128095614542986125e-01 1.133922893200831616e+00 4.798297501847332835e-01 6.338040968819683707e-01
2.131056365278468367e-01 7.735149256368117898e-01 1.788326204563700950e+00 9.194095681716878410e-01 1.253104333996257536e+00 1.286893646925911128e+00 1.320526828646469975e+00
6.391810562724496991e-01 1.095947877815250271e+00 2.720901354809011963e+00 1.572898696298450361e+00 1.707070264720452313e+00 2.051650543440846519e+00 2.001765500747822557e+00
1.194590055940427886e+00 1.059603423174147352e+00 -2.678995161825437510e+00 2.265876011156422898e+00 2.247253811638019627e+00 2.805300615285946098e+00 2.714267957034405043e+00
1.801245361223129393e+00 1.777335795323350121e-01 -1.864115384500199646e+00 2.991211057603810453e+00 2.799744005434094962e+00 -2.732753238391157691e+00 -2.819323631064647007e+00
2.457382706647923243e+00 -6.089599263541137925e-03 -1.092734350912551555e+00 -2.551659873684269719e+00 -2.957634904204433202e+00 -2.005860448938744156e+00 -2.043395934749546061e+00
-3.130978776457929769e+00 1.589516123111824608e-01 -3.494531487048142537e-01 -1.821118639193985311e+00 -2.508448739152885576e+00 -1.310887181421768410e+00 -1.251109372297805944e+00
-2.487277158087748408e+00 -1.220500742153658863e-01 3.511680601536455448e-01 -1.240282282793179647e+00 -2.217154543732048122e+00 -7.573561068503332772e-01 -4.646777010152818854e-01
-1.976586870739715396e+00 -5.254422637198679080e-01 8.752560980972416971e-01 -1.413267693855164042e+00 -2.079974744248012097e+00 -2.581974201794288604e+00 -2.725694168432157838e+00
-1.564457298167204691e+00 -2.018555792920667113e-01 -3.419171561794374647e-01 -1.347710528904358274e+00 -1.842672952448192181e+00 -2.145938733375250429e+00 -1.932532631270138523e+00
-1.120739790147538217e+00 2.970917319248091437e-01 -2.931511764036027756e-01 -7.018734447948525856e-01 -1.412728387043825640e+00 -1.546384288757327585e+00 -1.138158590930884007e+00
-6.183495205309115228e-01 8.302860542330883220e-01 2.046799841516794283e-01 2.551236414394228783e-02 -8.784105427748637451e-01 -9.460697337384951222e-01 -3.559975174540984111e-01
-9.515575865974384984e-02 1.357726014546227544e+00 7.130177403223350030e-01 7.400270134188751125e-01 -3.082812807829427570e-01 -3.365830861475334057e-01 4.295011680224108952e-01
4.254207287339560328e-01 1.869235443899115667e+00 1.226925572268898756e+00 1.442996965089442973e+00 2.631173284517969169e-01 3.071094797284446010e-01 1.234717626041647698e+00
9.278542034869218247e-01 2.361106486304973551e+00 1.767330587953556131e+00 2.119488932597488162e+00 8.193693817651656053e-01 9.912992630328785193e-01 2.025385798383230629e+00
1.407045714427390015e+00 2.842156219679849549e+00 2.360081699458981053e+00 2.756618743055447407e+00 1.349578072123273298e+00 1.755360962840248895e+00 2.714809805785078911e+00
1.855906518800641170e+00 -2.933666027960584621e+00 3.024379351395308557e+00 -2.918955119983780211e+00 1.842797175050837621e+00 3.026659908023093593e+00 -3.051151907872583280e+00
2.273585632630213738e+00 -2.366302654761795576e+00 -2.532237965983678230e+00 -2.327302915741700673e+00 2.288139349429455738e+00 -1.079914886840905419e+00 -2.626880532752534414e+00
2.671639152095333980e+00 -1.734477915702786088e+00 -1.776286489500441990e+00 -1.738201651738683573e+00 2.684520077443089292e+00 -2.040683927271713938e-01 -2.154475669553753470e+00
3.074639205386591190e+00 -1.074496720687080131e+00 -1.041242354093687483e+00 -1.167508481469973436e+00 3.064363357466528548e+00 4.984895064024646438e-01 -1.634839597311636972e+00
-2.743862941477800188e+00 -4.360921581054905127e-01 -3.689263331942340685e-01 -6.265519649383705092e-01 -2.802795278129508905e+00 1.272800502836062941e+00 -1.082385906080492344e+00
-2.135320362890371637e+00 1.432121561366276330e-01 2.231829802617393832e-01 -8.814146565629371599e-02 -2.336458127667997875e+00 -1.464751326162489820e+00 -4.728566667463011686e-01
-1.235740168641050074e+00 6.347859548370785587e-01 7.368607298216378609e-01 4.841192553918536867e-01 -1.850565092396825984e+00 -8.210608626325320847e-01 2.254679554598867652e-01
-8.120027471472771041e-02 1.029383018825514196e+00 1.183564868082163990e+00 1.113041484507292678e+00 -1.395435272601593724e+00 -2.686647684836536709e-01 1.048734826970156853e+00
8.968200706471405326e-01 1.364776379668864337e+00 1.504242674389625334e+00 1.765831627013153771e+00 -1.050636769940243243e+00 1.863245866241007576e-01 2.074316450145457846e+00
1.698478046671908492e+00 1.751493629009002184e+00 1.391873640209637220e+00 2.384877511535744343e+00 -9.172434501445460020e-01 5.820508967288345881e-01 -2.824430093737736236e+00
2.448477690410565621e+00 2.246470818046690798e+00 1.076196464272688225e+00 2.883487001418303830e+00 -8.868275344614682254e-01 9.850933705313907884e-01 -1.372156922303750415e+00
-3.095761242419846848e+00 2.810347454016044022e+00 1.330843959357617790e+00 3.140115045269927574e+00 -7.150935987379367642e-01 1.408561028380693303e+00 -2.701048955296842524e-01
-2.370469188656128878e+00 -2.910238940970899968e+00 1.765898317436610965e+00 -3.024041812390507733e+00 -4.345980794533396696e-01 1.688597048724743699e+00 6.097355749566577554e-01
-1.687165955833036524e+00 -2.435012034442701090e+00 2.199824248026341689e+00 -2.813281631713928643e+00 -1.349152526266224894e-01 1.365933985179973220e+00 1.320553377573750575e+00
-1.082517561992998978e+00 -2.146733620181878521e+00 2.588260547901701347e+00 -2.513745473642392980e+00 1.102608531280702686e-01 1.095381791651659276e+00 1.636309236314797300e+00
-5.889618782733642144e-01 -2.090810470122588249e+00 2.949053760584085637e+00 -2.216564677576723597e+00 2.507570842965066715e-01 1.285687409327289199e+00 1.228890271276102286e+00
-1.696341946827916725e-01 -2.093484887435240527e+00 -2.968924746639292067e+00 -1.893926874886826539e+00 3.836635125411207436e-01 1.564590936569013824e+00 1.538085806056910920e+00
3.843844963383003521e-01 -2.059994176619865947e+00 -2.631264403711897959e+00 -1.511980270253210357e+00 6.305222627228236343e-01 1.848471871055071603e+00 2.221807336649839204e+00
1.375846490447346859e+00 -2.097918243887161083e+00 -2.426701878482717234e+00 -1.084519925330788670e+00 9.553825929174296627e-01 2.037505940957609063e+00 3.081421798958323688e+00
2.786043042869478459e+00 -2.184465396406810367e+00 -2.472094861368662855e+00 -6.509000451982975832e-01 1.279386408314023171e+00 1.970589655125019046e+00 -2.049358740260657896e+00
-2.518043749103816786e+00 -2.100046737202181824e+00 -2.505453947699693984e+00 -2.444422707439647124e-01 1.532405368604000007e+00 1.913653317191441605e+00 -5.172989761888753257e-01
-1.817521186553441304e+00 -1.840058317944428090e+00 -2.309853915743473429e+00 1.322387607976263091e-01 1.613907676977380801e+00 2.150639339079769119e+00 6.878557304709044251e-01
-1.214719841284945812e+00 -1.489673439517105846e+00 -1.968547134461871684e+00 4.587899004170173378e-01 1.382353696491618988e+00 2.572896819665935197e+00 1.609974744525882739e+00
-6.659691756043867317e-01 -1.113687318760283596e+00 -1.561699488973131711e+00 7.312659454891716759e-01 1.171452222032155044e+00 3.096993352046827574e+00 2.478346076069988246e+00
-1.717703137024742532e-01 -7.532520553946369102e-01 -1.135764770191211026e+00 9.624962528309035648e-01 1.339763825596208324e+00 -2.525647160080144449e+00 -2.881150905966011422e+00
2.567145760800086385e-01 -4.286731859787357157e-01 -7.287464797895873980e-01 1.193416912028830712e+00 1.721362359922300467e+00 -1.551441110799855583e+00 -1.881185191569719750e+00
5.795690987465087485e-01 -1.473748701113496706e-01 -3.496292438178298378e-01 1.336778344959834053e+00 2.189350879690747487e+00 -3.665227231451246848e-01 -1.010271935588484826e+00
7.530914241372200779e-01 1.471012865886210386e-01 7.210539280327322997e-02 1.173241054409708051e+00 2.673048566959861372e+00 3.287774647734989508e-01 -2.993244881221124309e-01
7.568498683424682572e-01 5.415637304494131943e-01 6.005153513972726342e-01 1.038012447793876802e+00 3.100138359349259964e+00 8.332576760227961010e-01 3.683776904167720412e-01
7.793984068504472562e-01 1.077014205304109629e+00 1.240087119435089091e+00 1.302175328977971169e+00 3.135570892806787580e+00 1.328473830264115252e+00 1.012340775599696263e+00
9.654103306315161559e-01 1.725817553264762605e+00 1.945130075484055254e+00 1.738303192462585800e+00 1.654006883912938486e+00 1.827363322762410647e+00 1.622634321374248012e+00
1.278057273180397413e+00 2.459425457570995732e+00 2.675426052052034542e+00 2.225177827529497332e+00 1.849045539852426812e+00 2.339630333669379336e+00 2.216066023619625902e+00
1.648941642004614128e+00 -3.012717090891646077e+00 -2.865079661985337367e+00 2.722688607663342975e+00 2.264578592854256112e+00 2.888028709033159114e+00 2.824557273834551463e+00
2.032586418302165132e+00 -2.116075899513632841e+00 -2.100709710334874636e+00 -3.075652011158755528e+00 2.731446787049317759e+00 -2.785163816684956384e+00 -2.805629685140452079e+00
2.378343412398969736e+00 -1.026646649689160196e+00 -1.239851671915686238e+00 -2.629045608943486823e+00 -3.077479192581884959e+00 -2.037087464202005815e+00 -2.048876786686658402e+00
2.581645274608116214e+00 8.464613079172699228e-01 3.373334263805876088e-01 -2.704296487356681045e+00 -2.686671553410079127e+00 -9.855054617711400677e-01 -9.879922676389244485e-01
2.534517268827850334e+00 2.586060022827501026e+00 2.629295491428208731e+00 2.311190525189362077e+00 -2.984596580094008189e+00 3.646536674753201868e-01 6.554226965210840916e-01
2.476772853661327378e+00 -2.699809176826877710e+00 -2.691878159162820694e+00 2.722761959461959425e+00 2.625874367839662771e+00 1.384695590965532297e+00 1.865346258318139494e+00
2.661301082078161517e+00 -1.874075181634827114e+00 -1.872029643172404612e+00 -2.969207255839053872e+00 2.986562612538723460e+00 2.081142595554040131e+00 2.726363419354461470e+00
2.930949635276941745e+00 -1.106697332159396030e+00 -1.070642230628596092e+00 -2.326771960989893806e+00 -2.761394160979365520e+00 2.543096124474592656e+00 -2.756776987910968924e+00
3.123550781171744894e+00 -3.436996727598550239e-01 -2.354917441462544558e-01 -1.631115369445294006e+00 -2.188592445742277626e+00 2.466655294734391379e+00 -1.909601088364121901e+00
3.106254726405462741e+00 4.812838195460756863e-01 6.826587847735398062e-01 -8.348365022513952738e-01 -1.619561321471927551e+00 1.806464043218308113e+00 -9.236939313844984012e-01
3.115780786211558517e+00 1.484342434684911893e+00 1.671643999898127619e+00 2.787135007762672756e-01 -1.101728198235516709e+00 1.884596427355304638e+00 2.515103082736931950e-01
-2.938210108735988424e+00 2.760596564263047004e+00 2.628104664860139827e+00 1.776748111010704179e+00 2.571867368898313799e+00 2.182174855963476379e+00 1.350745025206545824e+00
-2.583534240923885061e+00 -2.404641036998071080e+00 -2.820470174415488085e+00 2.766585140025593414e+00 3.042092599319452972e+00 2.565480192776617763e+00 2.205217577449875677e+00
-2.222786983336622058e+00 -1.633350366296794975e+00 -2.112453142968381936e+00 -2.829254970516376755e+00 -2.784870061004426578e+00 2.995740621005607895e+00 2.917564374894658474e+00
-1.906933394984705599e+00 -1.047213428227627530e+00 -1.487152544394480636e+00 -2.217014475822641550e+00 -2.323961037197769031e+00 -2.848242801302879990e+00 -2.719805246384411124e+00
-1.642338338675066511e+00 -5.446640182689123089e-01 -9.103631656675433836e-01 -1.633970590074325102e+00 -1.849790527850520006e+00 -2.458764661226590764e+00 -2.122007933138351010e+00
-1.385390842431506453e+00 -9.275255585169850381e-02 -3.911697963206485773e-01 -1.078250005118819743e+00 -1.380025248073768251e+00 -2.178409026616284994e+00 -1.599151604671209537e+00
-1.126767122643797636e+00 2.626425901446893252e-01 -9.513470001876417337e-02 -5.969452052093575656e-01 -9.979415305614234288e-01 -2.046910249547305938e+00 -1.412413043829772175e+00
-9.264522832465839075e-01 2.744462478953519913e-01 -7.179148196816023120e-01 -3.765452894341392298e-01 -1.105789310463479502e+00 -1.909003376115669504e+00 -2.256659785060564971e+00
-8.146377060068210607e-01 -5.567179672899819076e-02 -7.898345224555655131e-01 -6.660327334499640539e-01 -1.759386623051108822e+00 -1.612221069817141084e+00 -2.118698969198183679e+00
-6.791119905624015685e-01 2.316978050117571297e-02 -4.164527431672064295e-01 -7.097160687758364839e-01 -1.606301106272494783e+00 -1.224737587652069859e+00 -1.660838639115599591e+00
-4.241984815118677310e-01 3.437466588375418519e-01 -2.295406346876453091e-02 -4.131383756287874687e-01 -1.251235841982803354e+00 -8.704641569567985737e-01 -1.175932675737261457e+00
-1.190862111351142227e-01 7.236398941792796524e-01 3.329012233855863645e-01 -6.647055256079226204e-02 -8.625558073114619750e-01 -6.244337680996980833e-01 -7.107798193524537123e-01
1.703073146469495369e-01 1.125488616719278134e+00 6.935712198733899880e-01 2.893083557840407938e-01 -4.640436959009844875e-01 -4.034014679924503577e-01 -2.619247014744096047e-01
4.128190789506031022e-01 1.531623088293990298e+00 1.064538129516911402e+00 6.381707851410497456e-01 -7.776702143844592408e-02 -1.008232525159352688e-01 1.881424886604201041e-01
6.345416213542155459e-01 1.924870761500050653e+00 1.415672395688528651e+00 9.855676279456589972e-01 2.625265928941598048e-01 2.713712568309489259e-01 6.714727955180493923e-01
8.567023896690265650e-01 2.263364663298534918e+00 1.689860576110266965e+00 1.305713617642399349e+00 5.308647015383288759e-01 6.363113360662655538e-01 1.208864302814594449e+00
1.085399833747108467e+00 2.438145301183618940e+00 1.815728718601694602e+00 1.611750431417712459e+00 7.121723239685973095e-01 9.040236576239878419e-01 1.822900419602385025e+00
1.302803007231776888e+00 2.338992463526340160e+00 1.813042731032549648e+00 1.925007768381758133e+00 8.054089467585311413e-01 8.493174827863151366e-01 2.776290700513921905e+00
1.500812948605247277e+00 2.216417173754220649e+00 1.841363349649227210e+00 2.201629742409594748e+00 8.286760974633819998e-01 4.281572418500619315e-01 -5.060223746295697822e-01
1.660023778168355335e+00 2.337631324737085237e+00 1.980233766074216195e+00 1.976566476173463816e+00 8.305862965514970719e-01 3.901415929175571784e-01 2.483952971961371214e-01
1.772088985192558086e+00 2.639363474655660902e+00 2.242068025474693194e+00 1.277752464837179636e+00 9.208614361474336540e-01 6.655500021595007754e-01 9.119166901586656104e-01
1.897304370245564531e+00 3.043463929754448127e+00 2.596893200138083557e+00 1.533133309155926938e+00 1.132851952648940896e+00 1.018051533258283792e+00 1.549363521574400826e+00
2.095609177323853434e+00 -2.853874225665518072e+00 2.935958148197208573e+00 1.890876942879041511e+00 1.374339886729459836e+00 1.338668868493511521e+00 2.103039447040649712e+00
2.354909502098097462e+00 -2.654907344290409643e+00 3.116783766435589964e+00 2.093044831594746302e+00 1.507815900741065640e+00 1.528889778252072063e+00 1.443955715074152879e+00
2.617056902246982730e+00 -2.808633399582933787e+00 2.944140522886062428e+00 2.124761415280224330e+00 1.440365583789772641e+00 1.511809033720328710e+00 6.867661356166332443e-01
2.819808648635760306e+00 -2.982225104056319243e+00 2.553507306874787997e+00 2.118568247277603067e+00 1.341175881948079684e+00 1.282089414921312898e+00 1.011134373628161942e+00
2.801410265325305016e+00 3.089682299596983928e+00 2.443328725897532916e+00 1.886355949257838782e+00 1.371856313703362362e+00 1.192818061710000377e+00 1.315463389840156427e+00
2.454676732435949749e+00 3.084679072016016654e+00 2.719602256903150383e+00 1.921579406561046088e+00 1.517683108497011713e+00 1.404916061639690072e+00 1.678041836229996919e+00
2.316317440723539622e+00 -2.886340675127486488e+00 -3.110019558057395717e+00 2.310740614217703381e+00 1.783793259447863599e+00 1.791546798852753586e+00 2.164212530359370223e+00
2.531750849234798206e+00 -2.428612750413149612e+00 -2.586302830504262129e+00 2.847794304840822299e+00 2.156101884690509785e+00 2.258786407441670363e+00 2.735427861773096492e+00
2.886063113055058249e+00 -1.947635460902496396e+00 -2.073558016590626440e+00 -2.870724941447079903e+00 2.590678935893976131e+00 2.741889382936644637e+00 -2.949011456389569297e+00
-2.978310360470609819e+00 -1.513704072545794199e+00 -1.648007794292360106e+00 -2.307676984320085722e+00 3.037924155581216645e+00 -3.092319414111377895e+00 -2.361445945523862111e+00
-2.536322529245724322e+00 -1.254797827549428701e+00 -1.466398494511163664e+00 -1.833005063654073119e+00 -2.841053386741450471e+00 -2.753415253719204703e+00 -1.836602967275978493e+00
-2.045756796848036796e+00 -1.227786687432748103e+00 -1.481483284563933189e+00 -1.545090337332005070e+00 -2.523160041026873746e+00 -2.476866357912354655e+00 -1.445394492812624110e+00
-1.484353554607130921e+00 -1.054962806762680394e+00 -1.259711853033219864e+00 -1.441295827454907030e+00 -2.181886388043828173e+00 -2.113715250130077106e+00 -1.261713606849522051e+00
-8.530946717875276253e-01 -6.568305559030089835e-01 -8.467851388745732955e-01 -1.223597178114473882e+00 -1.573063883364105964e+00 -1.582057660890533235e+00 -1.124702448762579410e+00
-2.220699326901696691e-01 -1.550727904459807682e-01 -3.455406758455842886e-01 -8.141315466505483212e-01 -6.941760023516334588e-01 -9.407940669902072894e-01 -7.835324465551957163e-01
3.111119161070397543e-01 3.783138559115784005e-01 2.128089696653681084e-01 -3.142802964304635127e-01 1.385524457059845171e-01 -2.634046272971756197e-01 -2.620684430848569946e-01
7.509781096244956267e-01 9.455354907153833421e-01 8.429505840431118502e-01 3.092695951240523322e-01 7.801926830836658500e-01 4.272566496464241248e-01 4.353827365993445664e-01
1.112085688427981278e+00 1.486165276832798865e+00 1.481564829265889838e+00 9.774474224227472918e-01 1.278834785056523593e+00 1.056813970871923747e+00 1.577820211932373651e+00
1.440919403417808331e+00 1.918399862487237595e+00 2.069798895869208621e+00 1.727735185514506000e+00 1.654838923903750869e+00 1.593452936526580377e+00 -2.393853994461704993e+00
1.739698973313031916e+00 2.264786450685829067e+00 2.573572989499534280e+00 2.564999319947107725e+00 1.894626305521022402e+00 1.910116535840475915e+00 -1.401578473781016188e+00
2.003584844309852286e+00 2.792529767099013238e+00 3.039020924143813307e+00 -3.128155409308633672e+00 2.060045993370898998e+00 1.879918490171641032e+00 -7.735748866933295220e-01
2.247763977473391517e+00 -2.593763012006662372e+00 -2.380068972074060873e+00 -2.419155715310436161e+00 2.288896411513828166e+00 1.885452862617570835e+00 -5.364604263611167934e-01
2.476397199604932986e+00 -1.649450139508928936e+00 -1.309595927566554741e+00 -1.854073606644674799e+00 2.598758889247030357e+00 2.133298414912876861e+00 -8.517008488556715440e-01
2.700612462280811421e+00 -9.263528487508094766e-01 -1.409395256056442669e+00 -1.301792603011170613e+00 2.912292770456017976e+00 2.507709871019302206e+00 -9.085778770385301017e-01
2.853395324385019194e+00 -4.445125151417410603e-01 -1.397811529882178494e+00 -8.112629527016721465e-01 3.132639794531716593e+00 2.877449663643630196e+00 -6.964535408173798681e-01
2.937242720817945241e+00 -1.102926940257405730e-01 -8.448016210819488947e-01 -4.109954489931818555e-01 -3.131331034095255372e+00 -3.028582283205611514e+00 -4.196785492468944057e-01
2.963755380834846687e+00 2.749289016595684587e-01 -2.545064469100409843e-01 1.650480443589552940e-02 3.074673611990827560e+00 -2.714742611951162843e+00 -6.590953111042902046e-02
3.105010108659924217e+00 5.717980222800137513e-01 2.192623179925433097e-01 3.203634234629477717e-01 -3.072563849191327634e+00 -2.315804411982270050e+00 2.321872475620566645e-01
-3.007919566056785232e+00 8.447924716072061635e-01 6.598071510692418151e-01 5.938956106025069515e-01 -2.741343198729198960e+00 -1.824979432316108374e+00 4.543519483762547551e-01
-2.826810943746358440e+00 1.068073362934722548e+00 1.013179552018070861e+00 7.875740276111599103e-01 -2.353243734937043197e+00 -1.077041395673543622e+00 6.519613620525166464e-01
2.899391154366871781e+00 1.326803247529690921e+00 1.322579798569353482e+00 1.153685536438645798e+00 -2.040195245627820508e+00 5.382827062619844893e-01 1.028269326802073946e+00
2.182987675930361693e+00 1.536705976204286506e+00 1.520677340176056713e+00 1.558473747736675685e+00 -1.921314882179447459e+00 2.430980769579964118e+00 1.495949851460689706e+00
