1.575871268838635375e+00 1.574006300248474544e+00 1.599966595134555414e+00 1.662639165608059466e+00 1.636346859663525111e+00 -1.539546896377320673e+00 -1.350669799885200639e+00
1.811181502490584183e+00 1.799271173990062866e+00 1.469539161475362787e+00 1.656366763701661471e+00 2.294022060063121593e+00 -3.781781855353734678e-01 -6.111327137394142461e-01
2.062149483295045993e+00 2.033758557382739696e+00 1.624033770819388378e+00 1.768238993165473838e+00 2.821669836584836943e+00 4.045722720616532486e-01 2.022858123134816943e-01
2.310921231523501707e+00 2.292602493977210720e+00 1.920634178619546439e+00 1.992340309280951738e+00 3.009727365274108113e+00 1.097984509496392924e+00 6.175432365651477573e-01
2.550207442659249590e+00 2.590596611764695023e+00 2.244881795031332672e+00 2.225727917065447148e+00 2.631574588180361829e+00 1.790081804689927392e+00 1.182663160682159376e+00
2.744189202956889506e+00 2.885632054322317508e+00 2.566965366900787693e+00 2.513026494437651692e+00 2.364123534556547668e+00 2.527169496823046924e+00 1.782486220414216005e+00
2.923266827315511129e+00 -3.106661485163138448e+00 2.872536699870132715e+00 2.802970002753541134e+00 2.575007140161717611e+00 -2.978389365750591544e+00 2.431921083042744236e+00
3.089511300965189111e+00 -2.846121704472956537e+00 -3.100741507655262907e+00 3.140765210540122698e+00 2.883009978137205387e+00 -2.276557621223844752e+00 3.126755831512499917e+00
-3.029606768501429848e+00 -2.633371588161105059e+00 -2.805603768566681033e+00 -2.816459344813863730e+00 -3.037629981958979819e+00 -1.691659664792804163e+00 -2.510511889160310872e+00
-2.913435156937936643e+00 -2.566812313373447285e+00 -2.577117736896311406e+00 -2.498066638551280860e+00 -2.665423820392352816e+00 -1.215190634107142786e+00 -1.910289559838752149e+00
-2.846909635529541571e+00 -2.618656620673916802e+00 -2.559623330199731317e+00 -2.285465256372900544e+00 -2.291322907881796045e+00 -8.441865248004513100e-01 -1.526252590148160504e+00
-2.806851465206502638e+00 -2.511332952603386737e+00 -2.653757921534825925e+00 -2.228659275365106662e+00 -2.013130303535940691e+00 -6.065057882471791562e-01 -1.661613560404436196e+00
-2.709376498236681030e+00 -2.188500926388738499e+00 -2.524996082066396141e+00 -2.279882606849611637e+00 -2.076355692236471207e+00 -4.944240755930513487e-01 -1.749170364981289971e+00
-2.532579773638116372e+00 -1.780019722114379643e+00 -2.238510330722582875e+00 -2.219941910858682643e+00 -2.529698338244129374e+00 -3.273413339191890703e-01 -1.386575012898639825e+00
-2.295918436351887415e+00 -1.366586945041236234e+00 -1.949506807682560128e+00 -2.084327761845544025e+00 -2.505474628994786013e+00 -1.919879514470026680e-02 -8.863679936867712161e-01
-2.060858012863025390e+00 -1.001998894431484377e+00 -1.724837730687100779e+00 -1.898706154711044425e+00 -2.241457996888670756e+00 3.797183897562191879e-01 -3.702738511056148374e-01
-1.880126701817168122e+00 -7.775238771122975345e-01 -1.568498910105591504e+00 -1.674755847223949434e+00 -1.915486469877593523e+00 7.916858476239160280e-01 1.406762920798281802e-01
-1.800646363544919026e+00 -1.001889392547528956e+00 -1.460657306776055320e+00 -1.421846843285735851e+00 -1.594194382932444976e+00 1.161129727181417604e+00 6.007149425591419289e-01
-1.806209173779567356e+00 -1.549365178734154469e+00 -1.407705757815733483e+00 -1.176848046585433405e+00 -1.304485756769960592e+00 1.388281826214879722e+00 9.976911400270775943e-01
-1.816121579255331575e+00 -1.520224402652216922e+00 -1.364325971977310648e+00 -9.588107420772880030e-01 -1.049492933571137154e+00 1.134498904513720596e+00 1.223250476265199449e+00
-1.755061547840151004e+00 -1.276784754943471212e+00 -1.210775275155571817e+00 -7.287687057156284620e-01 -8.057224084157028621e-01 6.432999074998275724e-01 1.105241981760112457e+00
-1.602914343379169937e+00 -9.500254656561410993e-01 -9.158723476792679508e-01 -4.864076015867976333e-01 -5.546795006608812306e-01 7.600342671868939304e-01 9.543136788854964525e-01
-1.373236094662328322e+00 -5.532718944779151382e-01 -5.138054219603209738e-01 -2.147504326829732801e-01 -4.550991511786907640e-01 1.067077357430027185e+00 1.205367562684958482e+00
-1.104432868966363390e+00 -8.855814698363516368e-02 -5.715270369348919577e-02 -9.640254526889659170e-02 -9.275794773605139376e-01 1.413728420884773573e+00 1.634272283968624340e+00
-8.580176215741267542e-01 3.941458464134579009e-01 3.919248877764728856e-01 -6.602724584483837811e-01 -1.164296495111483365e+00 1.751771458434265849e+00 2.089232709049046122e+00
-7.243276070693949187e-01 7.840433944680896827e-01 4.461857551167965896e-01 -8.595761295504437127e-01 -9.201751446138212165e-01 2.040020823645106507e+00 2.278127099947494294e+00
-8.240586270890795095e-01 -1.005743972053576796e+00 -1.215199413479657098e+00 -4.691710819548853828e-01 -6.267099781995572050e-01 2.239477064620826852e+00 1.231251862979976019e+00
-9.677881091672749791e-01 -9.630666160384759866e-01 -1.056300509332065207e+00 -3.961724872450000240e-02 -3.744845643857555584e-01 2.320024248146990598e+00 1.434045694927598813e+00
-8.709450435804724222e-01 -6.090845959000718013e-01 -7.400187653777979824e-01 2.179098156966802757e-01 -1.423887091786367465e-01 2.175966060417425574e+00 1.952365472193179574e+00
-5.696535806021252313e-01 -1.745653985974578715e-01 -2.980510216859553196e-01 1.393023300981035238e-02 1.418900418626110882e-01 1.759355458900520697e+00 2.450047410306284146e+00
-1.516976421572232003e-01 3.409841197696918957e-01 2.642651055016306816e-01 1.328817709706127947e-01 4.699252687770708037e-01 1.736826684120412967e+00 5.345146107537918079e-01
3.467344816165999211e-01 9.209779582459624026e-01 8.992788021748585603e-01 6.656305442722566523e-01 9.290108167024380137e-01 2.098153543837122381e+00 9.185397945986297774e-01
8.899488547033280739e-01 1.452846078553961862e+00 1.585813340131214888e+00 1.451231564520397921e+00 1.566914836667306243e+00 2.664367710438023451e+00 1.536432075672624187e+00
1.575096275638151466e+00 1.258750335275032661e+00 2.305671633142494237e+00 2.449225743533867572e+00 2.363819357415108513e+00 -2.884341632237800379e+00 2.136203752291393698e+00
-1.386416606050364875e+00 6.433618242110398233e-01 -3.363323134319403523e-02 -2.634602002257077302e+00 -3.030280646497036656e+00 -1.778181620286777953e+00 2.599886722057384691e+00
-8.612146932326546489e-01 1.200301407410313992e+00 7.417515360607543906e-01 -1.392903653004984532e+00 -2.109688658135394412e+00 1.654469363672226856e-01 2.583994350059286571e+00
-1.528794338947598641e+00 1.915625106371730446e+00 1.555242156819401922e+00 -2.809657494077755224e-01 -1.125966472124930506e+00 1.360775890359657403e+00 2.177926507088999930e+00
-2.364120633745316447e+00 2.672450930601547370e+00 2.379003335981278777e+00 7.827594131385772203e-01 3.935442415216777040e-02 2.170803997294861620e+00 2.473507452967240727e+00
-1.904646608844056344e+00 -2.833125988978414167e+00 -3.081792915853964754e+00 2.047631346571479050e+00 1.452216486770073312e+00 2.883069366342803086e+00 3.029244457567001891e+00
-1.367879868570944790e+00 -2.039911357675715298e+00 -2.257864153062759893e+00 -2.680235123247626916e+00 2.717277278735526824e+00 -2.736081175880369809e+00 -2.557981518710189306e+00
-8.355581611803400977e-01 -1.206907113739713155e+00 -1.427601040116873721e+00 -1.371353234988154535e+00 -2.566568901514431289e+00 -2.120809748918587534e+00 -1.673919193619038071e+00
-3.652298594156452305e-01 -2.886389477116698132e-01 -5.815612219693225837e-01 -3.537061977412996328e-01 -1.669005562334501702e+00 -1.609921431174116790e+00 -8.524484876080051787e-02
-9.024103570930121221e-02 7.962963117859986895e-01 2.739346753933791234e-01 5.328188510204668882e-01 -7.134996934592031659e-01 -1.443703660026216085e+00 1.610115498464499195e+00
-9.810469966407274478e-02 2.183362826282740699e+00 1.021233476527177109e+00 1.327424560135915810e+00 6.176042073587744152e-01 -1.813578269916982455e+00 2.568174224603660516e+00
5.510290319859510733e-02 -2.293998785981175015e+00 -1.144479177026386935e-01 2.055592373972409348e+00 2.343717223855729781e+00 -1.646708472038226567e+00 -2.932746400417455934e+00
5.695162288875793566e-01 -2.560243605207422890e-01 2.697774083633940889e-01 2.702141631007964229e+00 -2.808160879537080934e+00 -1.191882263061158742e+00 -2.197547365626927984e+00
1.277998959164253545e+00 1.032127168651019833e+00 1.069768777268787607e+00 2.857252924075504019e+00 -1.944415079767879639e+00 -7.047904919641002630e-01 -1.474485385275241978e+00
2.096942500307610757e+00 1.939771245639309694e+00 1.853820643647205113e+00 1.361915567865125354e+00 -1.140165852517695866e+00 -2.471944004795361693e-01 -6.927207167092802598e-01
2.906688875605934363e+00 2.688453038992776545e+00 2.572680270104946043e+00 1.828293813043041949e+00 -3.021712883159947682e-01 1.846350043108654360e-01 3.541366856435640420e-01
-2.717360642622784095e+00 -2.954445493182135785e+00 -3.089788136567134913e+00 2.390831563497274104e+00 6.759929508369362239e-01 5.797795126691156486e-01 1.877762804471200697e+00
-2.212222141122654584e+00 -2.406243153923752320e+00 -2.602033524905161155e+00 2.932909471512488153e+00 1.867943087939684332e+00 2.523178682960907082e-01 3.084626727049373685e+00
-1.796004265997704907e+00 -1.943059911431418207e+00 -2.229159141472603967e+00 -2.862971627063719549e+00 3.011577010922913633e+00 -6.930831863805617665e-01 -2.340079158507595292e+00
-1.400747615966836834e+00 -1.539214972895515787e+00 -1.889514673938053280e+00 -2.495472574903142782e+00 -2.412888019264785910e+00 -2.482464490286673819e-01 -1.604026688302604864e+00
-1.041253091599585456e+00 -1.180898504652343917e+00 -1.531328889342490784e+00 -2.290102743290639786e+00 -1.771553733101838946e+00 2.963247133516486165e-01 -9.033387237124197444e-01
-7.787083966747181396e-01 -8.887110588751330198e-01 -1.197977049760465595e+00 -2.198271939099503136e+00 -1.284289934520886911e+00 7.971994900936567596e-01 -1.592009217142947020e-01
-6.531163098974048786e-01 -6.976078524878749354e-01 -9.781350230996249673e-01 -2.034461670398188815e+00 -9.533293976472669851e-01 1.199716230404757722e+00 -3.053590188573446440e+00
-6.875870213803966235e-01 -5.774809692587864474e-01 -8.622582580499690286e-01 -1.766780310505771334e+00 -7.811957280160725103e-01 1.493564103873221249e+00 -2.147905487208116693e+00
-7.365479043532626724e-01 -4.164778060262903647e-01 -6.698112373641793571e-01 -1.443196040907964051e+00 -6.198157009189038114e-01 1.704547399326336032e+00 -1.443959228724322807e+00
-6.517929941283313600e-01 -2.404167463514579883e-01 -3.437764437343892032e-01 -1.094190413460512268e+00 -2.965770887512546028e-01 1.798316414628809312e+00 -7.699897602825004350e-01
-4.864572213305377035e-01 -1.178825164891436211e-01 5.841391710734362280e-02 -7.363594167739776486e-01 2.122020310530214615e-01 1.837297007406573979e+00 -1.273595631194108513e-01
-4.612116192739952880e-01 2.289475401674614594e-02 5.170698324166949078e-01 -4.044776418785988037e-01 8.645156500568906832e-01 2.083595359009872361e+00 4.683967006305552738e-01
-7.767202549407181689e-01 2.897889632070583810e-01 1.031248902437123194e+00 -2.098650218853783944e-01 1.689713465621712984e+00 2.522665024349255436e+00 8.966995268703362720e-01
-8.987082634038303652e-01 6.116213841250844885e-01 1.606387883611346101e+00 -2.247607942176396423e-01 2.877555733900043045e+00 3.029745124161717040e+00 4.404585032361914565e-01
-6.098479550160047502e-01 9.121884405464775192e-01 2.278863525783156874e+00 -2.167361106417082517e-01 -1.858769063708277658e+00 -2.791068360022527006e+00 2.820701580547415113e-02
-1.559300465273019132e-01 1.185750895725226073e+00 -1.770707732920478561e+00 2.351575781760671668e-02 -7.363089639811465359e-01 -2.550463115244688161e+00 3.757810096979839476e-01
3.480535291234262418e-01 1.470947340837696293e+00 -1.232369899890997794e-01 3.888617626200290278e-01 7.943125826503438791e-02 -2.645726852651749006e+00 7.904881844636457711e-01
8.289862676410379994e-01 1.745873923129089844e+00 4.580356024079836330e-01 7.924466294778443887e-01 7.342995567699656112e-01 -2.407389253218030767e+00 1.177513923963211973e+00
1.239185897411812620e+00 1.980912765126910502e+00 9.131019064543335340e-01 1.137569221652464657e+00 1.244580660467726974e+00 -1.757518838050294629e+00 1.521363298077962112e+00
1.556981431995304144e+00 2.215621479665019322e+00 1.326834362962772573e+00 1.368892760452362189e+00 1.617460865382494228e+00 -8.002585998034615899e-01 1.857852836723810519e+00
1.818314277754792263e+00 2.486319990775608169e+00 1.757122284436948512e+00 1.530520350722851752e+00 1.936119385320623554e+00 4.165576480495138401e-01 2.220326897539835809e+00
2.084717663582320579e+00 2.787455220301195968e+00 2.216284892885940216e+00 1.701012698726900307e+00 2.242905168964507201e+00 1.388008376325560178e+00 2.583338720320509818e+00
2.384614067576205532e+00 3.126968048236623776e+00 2.693277144177158355e+00 1.878619267796687753e+00 2.406464484343968646e+00 1.955848713471106226e+00 2.884275446781826346e+00
2.721500106333841984e+00 -2.741567818726793337e+00 -3.107205160461213644e+00 2.126658204368365279e+00 2.342369797238256890e+00 2.370360799518251849e+00 3.083496479499196141e+00
3.090118902207438456e+00 -2.259789032605075576e+00 -2.624239335687202690e+00 2.502674907647600477e+00 2.451106655869800921e+00 2.800235828396511639e+00 -2.980473140387407405e+00
-2.793195286039805048e+00 -1.746604738409628155e+00 -2.145439335832231009e+00 2.940712152352386255e+00 2.810326536184968749e+00 -3.074916663816023021e+00 -2.646572722828909985e+00
-2.372912674461849392e+00 -1.244019241320123426e+00 -1.672234310318369221e+00 -2.895978697092950416e+00 -3.036776446332414725e+00 -2.853216083274580761e+00 -2.240238024217261259e+00
-1.951464423192165842e+00 -7.926815963787254837e-01 -1.250673049337246878e+00 -2.483962782919698853e+00 -2.628008966970635463e+00 -2.899918834963282066e+00 -1.876836487358712890e+00
-1.572993269509464165e+00 -4.822542134640052103e-01 -1.123897109579742093e+00 -2.092320358208448638e+00 -2.340725490458654967e+00 -2.778569028874378066e+00 -1.711987550276188985e+00
-1.296168803639890399e+00 -5.258035569654085917e-01 -1.421323837890617670e+00 -1.690220365735491503e+00 -2.191462997070954710e+00 -2.374432055491445315e+00 -1.711439015159455845e+00
-1.106880499865713574e+00 -5.587660990703411379e-01 -1.161794943877852537e+00 -1.183746964342729635e+00 -1.995045255238739657e+00 -1.843652270408714822e+00 -1.460077319380996608e+00
-8.377355933194091664e-01 -1.791009991128830470e-01 -5.978883968972951157e-01 -5.292119578638350141e-01 -1.643870307649314411e+00 -1.273260973380256900e+00 -9.844391217865232635e-01
-4.041652889110060598e-01 3.788537345109166399e-01 2.624591616239923750e-02 2.038679926239118367e-01 -1.207610653849190863e+00 -7.174082662235133911e-01 -4.525868600042937118e-01
1.340589117653523121e-01 9.604295417057339135e-01 6.316429639194773848e-01 9.178950681055436656e-01 -7.505673292356088711e-01 -2.243464669303866510e-01 3.187280056384182020e-02
7.114198292515698796e-01 1.483376313276498770e+00 1.188804852822130886e+00 1.502735529910957268e+00 -2.928946315577759529e-01 1.555329345187943524e-01 4.461085076823210205e-01
1.278476057749262873e+00 1.870313855866582164e+00 1.699327184538709679e+00 1.939272928811214491e+00 1.735772027997456446e-01 3.688195884162775440e-01 9.716630718390446564e-01
1.806824862837034473e+00 2.083317016060555193e+00 2.171712838918183675e+00 2.306524379282813175e+00 6.980804042561754574e-01 4.378400398652717573e-01 1.699805123728805656e+00
2.271663745025597869e+00 2.242674708308857401e+00 2.606218695197543678e+00 2.677654022373393783e+00 1.337428549164965563e+00 5.492295252411177886e-01 2.506464546389078674e+00
2.651117618756686944e+00 2.484054960379380894e+00 2.991715150613019958e+00 3.048262746558511704e+00 2.092472524458343308e+00 8.144256545521979529e-01 -3.035536141196671700e+00
2.952709046244498481e+00 2.792450430868508082e+00 -2.989598405656822777e+00 -2.909512137439894897e+00 2.874397712830833118e+00 1.190791644979209973e+00 -2.416985358924200078e+00
-3.078820172961038271e+00 3.118754826852772943e+00 -2.784231477898143403e+00 -2.598920893723579706e+00 -2.683829826071576274e+00 1.615277775763663382e+00 -1.907578006511439606e+00
-2.836217866651994601e+00 -2.804878909104810969e+00 -2.577738607144226535e+00 -2.256808441761781303e+00 -2.035554288370837739e+00 1.991036710198596404e+00 -1.475995668591978172e+00
-2.567045791816755518e+00 -2.383119244423027805e+00 -2.259751641939785838e+00 -1.869471623329443721e+00 -1.461469993116887522e+00 2.001256588879256615e+00 -1.078525002461957927e+00
-2.251155428715870155e+00 -1.897340180382288244e+00 -1.841625377493323112e+00 -1.458440827296132003e+00 -9.526203262055042975e-01 1.439665737626669717e+00 -6.932215420779538340e-01
-1.907757070134407984e+00 -1.384026170082848450e+00 -1.372876127692223225e+00 -1.040233613042150340e+00 -5.177797546884254087e-01 1.602447437829256804e+00 -3.327085532383218247e-01
-1.565409488124383630e+00 -8.910380577118499623e-01 -9.045578616056779708e-01 -6.273351882633548815e-01 -2.500439543568365730e-01 2.132208451760455592e+00 -1.357769306067770944e-02
-1.242290672979470934e+00 -4.565350801778369494e-01 -5.104084528652274022e-01 -2.288907968308088736e-01 -3.974875484472223941e-01 2.851009156766748820e+00 2.612441061677656107e-01
-9.198219426801620413e-01 -7.076056928175314398e-02 -3.062819785640070736e-01 1.651938496963435421e-01 -5.595051160789944467e-01 -2.544333209399045170e+00 5.196351629142846873e-01
-5.469313053409325942e-01 3.464326105331498318e-01 -2.420724770970636153e-01 5.555896102352313459e-01 -2.687581333405658635e-01 -1.540616904574011459e+00 7.661179154347179665e-01
-9.711308316839702137e-02 8.578683786280785206e-01 1.825704860474476957e-02 9.405131303619664873e-01 2.091118164730791096e-01 -5.370947554246374711e-01 1.017119532525438741e+00
4.185907298775189966e-01 1.487597940807777519e+00 4.752633277652766330e-01 1.327310172829411661e+00 7.556937045350572424e-01 3.952012581192054230e-01 1.336001233854078096e+00
9.740060265892607205e-01 2.314459021045715215e+00 9.976431015659436019e-01 1.746632427808625820e+00 1.324383695855154475e+00 1.261187029967386186e+00 1.762548631972556068e+00
1.551459656465475012e+00 -2.523839998792408945e+00 1.444782010151777873e+00 2.189361654917546307e+00 1.883924145163092811e+00 2.089302920995897761e+00 2.257360238445787814e+00
2.135990899045554503e+00 -1.024922996384979523e+00 1.015326653803251267e+00 2.528485745802584006e+00 2.390630554095205529e+00 2.914487486651209824e+00 2.745324196250702897e+00
2.699067722215048981e+00 -1.878574993728559794e-01 3.535769072744940900e-01 1.990069836259271696e+00 2.761332005528522870e+00 -2.419157884402321379e+00 3.133155800154441284e+00
3.133966600020932969e+00 4.549884966891704074e-01 7.802296246823615666e-01 1.543073104379267591e+00 2.876060243184187737e+00 5.264829730413701503e-01 -3.006327342005567616e+00
2.748359512137990901e+00 1.019692601753600325e+00 1.327797684941055545e+00 1.962292267627312237e+00 2.883792205543994402e+00 1.672417208265588151e+00 -3.062418888145122420e+00
2.469503893848435272e+00 1.505106723338993646e+00 1.898548225905125397e+00 2.551499999812601782e+00 -3.138340397795127856e+00 2.455313132332899606e+00 -2.874538949337694049e+00
3.068398289458258876e+00 1.829760465199607111e+00 2.493860418585964744e+00 -3.047377160559205489e+00 -2.673189527758043749e+00 -3.095533648742118782e+00 -2.402478012850131517e+00
-2.383924082388601651e+00 1.081257408871329595e+00 -3.088059628512887400e+00 -2.287162604048678105e+00 -2.109693446507213022e+00 -2.375406268941377519e+00 -1.804823766082925607e+00
-1.497875335944051534e+00 4.503984201727206371e-01 -1.884495225826621878e+00 -1.461696761105955256e+00 -1.510505898852786633e+00 -1.634488357370735834e+00 -1.181421902919921774e+00
-6.611824887721166055e-01 8.048309368831640942e-01 -1.649121414749041004e-01 -6.262479024675905448e-01 -9.061043396539737449e-01 -8.086812031792163236e-01 -5.926551548271742353e-01
1.045076288661317132e-01 1.299495504600284734e+00 7.796074234714418516e-01 1.145173459782595216e-01 -3.007433232764877840e-01 1.263474748944483639e-01 -4.785801386774740651e-02
8.118725552957063440e-01 1.837421657432538602e+00 1.502536478884902715e+00 6.446713744373665511e-01 3.084240388448309389e-01 1.048688123797005378e+00 4.818737651791583643e-01
1.469715607730090134e+00 2.378547160002197014e+00 2.164583150526149691e+00 8.380845597386551438e-01 9.084947892593731034e-01 1.841071115195162422e+00 9.845755712585152475e-01
2.057112139488534108e+00 2.874882871362280934e+00 2.766780346392861301e+00 8.985174724046596229e-01 1.443545768940539542e+00 2.370808428452226835e+00 1.419932040662977624e+00
2.483105986577802682e+00 -3.076968885902225281e+00 -3.075238937262695593e+00 1.151739035492620467e+00 1.833994934792616993e+00 1.995161212242908322e+00 1.754189748626809653e+00
2.430568444982795562e+00 3.074450920460891634e+00 2.886899191828795175e+00 1.558600009000572273e+00 2.080224936230944177e+00 1.858728466720205086e+00 2.038826606424632981e+00
2.150285961227650589e+00 2.801145299504814279e+00 2.382047342022395764e+00 2.010621232428840610e+00 2.356384310527874337e+00 2.308795626131973311e+00 2.368001025207176813e+00
2.398203114188112384e+00 2.953609251359109233e+00 2.644399766684095265e+00 2.440308462816483726e+00 2.726200962267916861e+00 2.824657021137879642e+00 2.750493151595671648e+00
2.826980460664373140e+00 -3.043600419655471345e+00 3.021919523818294540e+00 2.830085664809173895e+00 3.101843200908683595e+00 -2.968739706473012330e+00 -3.139058178900974383e+00
-2.980010063967605927e+00 -2.722371998216724709e+00 -2.848205700906965010e+00 -3.065005681759345180e+00 -2.851447518740584108e+00 -2.494648135602910433e+00 -2.772349644955067749e+00
-2.475058072088176964e+00 -2.365237251623119707e+00 -2.374292850221469298e+00 -2.612222921275599852e+00 -2.517223211179069775e+00 -1.986270731144024859e+00 -2.393518260208991943e+00
-1.928176701386359104e+00 -1.945669519362085653e+00 -1.814352053843725887e+00 -2.085066536630382217e+00 -2.087100929916186232e+00 -1.395225336927146342e+00 -1.922136322846609513e+00
-1.320274461763557117e+00 -1.434968813773268348e+00 -1.113683964488747291e+00 -1.470576569291043079e+00 -1.552643221579462995e+00 -6.959078963027641729e-01 -1.272363538868662935e+00
-5.930418798119587720e-01 -6.808568676006880871e-01 -4.275000527361095919e-03 -5.345142900454155077e-01 -9.248796961527600002e-01 1.186026863740059362e-01 3.154841674656541084e-01
5.304909709747872570e-01 1.531648330505458455e+00 1.585622174148520802e+00 1.686942672764521811e+00 -1.336787484962274342e-01 1.027259383870599674e+00 2.252642991749334467e+00
2.213710518152523843e+00 2.674975842980195750e+00 2.558670872282590825e+00 2.654203390663622208e+00 1.148592188439228723e+00 1.954589468528607821e+00 2.982013182111350247e+00
-3.061826160725109602e+00 -2.942221447463150064e+00 -3.010310172147113494e+00 -2.981096341373628889e+00 2.569152084045913664e+00 2.805713667571335002e+00 -2.721402557527642596e+00
-2.360578043792080916e+00 -2.347509076542840134e+00 -2.362156460210513842e+00 -2.432107890401722372e+00 -2.915079899121557183e+00 -2.766071650363314482e+00 -2.227466908382014665e+00
-1.754162419048096444e+00 -1.806704723700861104e+00 -1.757608263089612599e+00 -2.021027076813480150e+00 -2.361596103335806607e+00 -2.270633452790907114e+00 -1.826601095309788869e+00
-1.201455697676559353e+00 -1.333052218115541532e+00 -1.207812016921778087e+00 -1.867600249391072165e+00 -1.863078905546197372e+00 -2.059977438109225290e+00 -1.517991150962818558e+00
-6.898824342267917409e-01 -9.263420278677702013e-01 -7.115713868422640642e-01 -1.896403363680869925e+00 -1.339722428044958447e+00 -1.905776495264003945e+00 -1.261069150205424316e+00
-2.050820860052387229e-01 -6.032463189763547229e-01 -2.783605077522806615e-01 -1.803067326709858698e+00 -7.773218929379410724e-01 -1.636782485749464611e+00 -1.040207405514146366e+00
2.559203107245177633e-01 -5.275817712067806253e-01 -3.043910885118216170e-01 -1.565408065749432920e+00 -1.947558326957647135e-01 -1.368605603629607037e+00 -8.787766716362777064e-01
6.234303620273349278e-01 -7.568044200955673650e-01 -1.449082228762005764e+00 -1.234239373555059194e+00 3.703097377993325168e-01 -1.108674484062676990e+00 -7.412045138284074630e-01
7.196822161399087925e-01 -5.951425698480014015e-01 -1.107028786052158820e+00 -8.253163201014254158e-01 9.217043933349103879e-01 -8.182847449289107900e-01 -5.712602240329207604e-01
3.804054819346479044e-01 -1.257911837107784925e-01 -5.742133312262650557e-01 -3.783613691348319263e-01 1.978385354742938418e+00 -5.772382546268781667e-01 -3.817970178323248920e-01
-3.289439369896547394e-01 4.670456649975018304e-01 -2.960445942669642089e-02 -5.072087107566106493e-03 -2.241330543285559695e+00 -3.804587237491486307e-01 -2.318876594508292865e-01
-5.587989958512435962e-01 1.134630712638329486e+00 4.744814589086978063e-01 1.375456149068259026e-01 -1.342822536339610684e+00 -3.205963184378005787e-02 -2.558472235303199324e-02
-3.287697061574488405e-02 1.908978088540332241e+00 9.086192372258516947e-01 1.677605714387852831e-01 -5.359002060119963939e-01 5.064226004191685337e-01 3.745267529731728384e-01
7.852351519216864695e-01 2.918409691021055075e+00 1.284851060271380740e+00 4.359502903981766209e-01 2.691883871130992256e-01 1.161320884462335723e+00 9.696205957967775069e-01
1.704375741567973002e+00 -2.072039166686756584e+00 1.643802533916645547e+00 8.758463931388287271e-01 1.064951099573672844e+00 1.892230431714152949e+00 1.739713684827705720e+00
2.539977260522972013e+00 -1.050680113841871099e+00 2.046337489235148244e+00 1.439191498897978150e+00 1.829025709212177331e+00 2.697504647741852946e+00 2.726012967263087727e+00
-3.057792195317164285e+00 -4.944691090378681153e-01 2.609051891788100264e+00 2.138914530420493509e+00 2.543769591634727156e+00 -2.682143259356696952e+00 -2.525336525937582621e+00
-2.497869672264492635e+00 -6.107837256880804810e-01 -2.929106710946418612e+00 2.957495506274024244e+00 -3.084696676458755782e+00 -1.633533613752078173e+00 -1.774366318904838424e+00
-2.031544918196535932e+00 -7.986385076786558512e-01 -2.154921461565240559e+00 -2.509167746042165525e+00 -2.498235399996001860e+00 9.752725265498576324e-01 -1.231415342888304121e+00
-1.621824814380951718e+00 -4.600051153686688932e-01 -1.438393864452033766e+00 -1.803608799338811020e+00 -1.967947143441465263e+00 -2.941397931565731927e+00 -7.555348541400936924e-01
-1.222758828527104935e+00 5.079529452751713192e-02 -7.580767700352171179e-01 -1.153950177871531535e+00 -1.455023010194845146e+00 -1.909295386861327604e+00 -2.815650177841099167e-01
-7.837621470611235708e-01 6.292556105473914307e-01 -8.180021104719407965e-02 -4.955018460998449892e-01 -9.180367355905110216e-01 -9.904206052613236944e-01 2.139784347909888251e-01
-2.823131006509346230e-01 1.258005636508230607e+00 6.052514316838583097e-01 1.809735766822895553e-01 -3.525185412368657678e-01 -1.496890605276552377e-01 7.288151590741236419e-01
2.699028443321566662e-01 1.929415249633837481e+00 1.306555977765902599e+00 8.609088476949016133e-01 2.198482143505882669e-01 6.165810644745598479e-01 1.250298738046944136e+00
8.508859711652564384e-01 2.637004675495417949e+00 2.016902244676035405e+00 1.518039431825374042e+00 7.797171516813271586e-01 1.309314610083482711e+00 1.757542630088721358e+00
1.436062287320106989e+00 -2.906363983531868644e+00 2.728261577390301174e+00 2.135409071216261889e+00 1.310074829001983687e+00 1.947086373782808355e+00 2.239838439995182728e+00
2.004172473878241600e+00 -2.125166708383638081e+00 -2.846368236655810957e+00 2.703555613810313396e+00 1.787901530745001910e+00 2.582063111181406967e+00 2.700976494774119274e+00
2.526058730964715338e+00 -1.226337208787976918e+00 -2.128444320791328170e+00 -3.084234762521490758e+00 2.175683218435418453e+00 -2.977660302038375839e+00 3.130669164912921243e+00
2.909766736002526777e+00 6.336719314059760522e-02 -1.318163333600705034e+00 -2.793382123035828446e+00 2.438116722069855857e+00 -1.610343234519837186e+00 -2.846064994652816704e+00
2.848576678962625675e+00 1.547072237867276545e+00 8.415582657582673098e-01 2.918663945237805812e+00 2.590506240657853176e+00 8.206723543465476167e-01 -3.026772878728589244e+00
2.633303890198814390e+00 2.546378631682531868e+00 2.603528704523768056e+00 2.840141175759532732e+00 2.725550071687162568e+00 1.710896266858095816e+00 3.002392651137138824e+00
2.949602799345051096e+00 -2.946295183888331781e+00 -2.885857168396513739e+00 -2.960092443015363894e+00 2.946296727687622408e+00 2.444512488686621410e+00 -2.973947778832282562e+00
-2.833973699997978546e+00 -2.227155847004473443e+00 -2.188130746400442028e+00 -2.377132657289060091e+00 -3.016780501143508264e+00 3.116374639303385763e+00 -2.500649555039215155e+00
-2.309836021331211242e+00 -1.555551729541049699e+00 -1.553979977172387894e+00 -1.818716035872544490e+00 -2.639714603832659101e+00 -2.552284277815995761e+00 -2.011679856762258023e+00
-1.818214018729980452e+00 -9.440570123731175656e-01 -1.002155784420730056e+00 -1.360589060043647436e+00 -2.257617070788067615e+00 -2.004711889113652390e+00 -1.543489771956392032e+00
-1.370357199637729506e+00 -4.060254367030105005e-01 -5.496896847694113797e-01 -1.035731675128572560e+00 -1.887991540762036013e+00 -1.532064714283353002e+00 -1.097635203452416164e+00
-9.434521365845054408e-01 7.714751523463778127e-02 -1.627733010276939396e-01 -7.295564720485623322e-01 -1.504133548120279107e+00 -1.119723302591036251e+00 -6.669551606352861484e-01
-5.026380368771041773e-01 5.551276426919213858e-01 2.431805479332401210e-01 -3.148214868901636487e-01 -1.077724815608006370e+00 -7.175924199590154595e-01 -2.395565595783600565e-01
-4.082419705941571497e-02 1.074029491147323823e+00 7.122038075394421242e-01 1.865900821803548881e-01 -6.165600126734912534e-01 -2.970828285085459486e-01 1.987665192907928646e-01
4.038385370815896769e-01 1.652872666627719367e+00 1.229909252259888452e+00 7.213146826362735187e-01 -1.359784193022503807e-01 4.808465480782520007e-02 6.642264094269232366e-01
7.771820721619228101e-01 2.292266819517288390e+00 1.749700950254317267e+00 1.242470503392143044e+00 3.759922085133512448e-01 -3.439963458068902025e-01 1.154938561784458306e+00
1.051809364945523129e+00 2.977626881116552049e+00 2.164484725566449885e+00 1.712023784962716677e+00 9.393581974065313700e-01 -8.521090677482701103e-01 1.651371676700856606e+00
1.295199865666363914e+00 -2.597942004793838855e+00 2.132748443870881250e+00 2.096381461072561070e+00 1.566831028705419238e+00 -4.844715282454613581e-01 2.114755851663053132e+00
1.601422279488893263e+00 -1.879481792743015633e+00 1.790150048140157990e+00 2.397023844754356592e+00 2.277470843300619219e+00 -8.993403360311553671e-03 2.524539814687963180e+00
1.979090985361363408e+00 -1.056808727081165467e+00 1.994449059760368792e+00 2.681404145886501222e+00 3.122282318165590098e+00 3.724290823407740980e-01 2.952395196107205244e+00
2.382375404624087700e+00 2.241356045949807640e+00 2.355456365482544445e+00 3.021103723363855575e+00 -2.244927099787039637e+00 3.727341740100166834e-01 -2.753681192085606799e+00
2.761269271189509045e+00 3.018184112728377499e+00 2.685306689030644289e+00 -2.806776870959051706e+00 -1.495664035635728251e+00 -6.994689134359759197e-02 -1.784871298650703153e+00
3.083493399669749113e+00 -2.537707119026506142e+00 2.938344893141789260e+00 -2.158763497831222011e+00 -8.661762625012962014e-01 -4.159037296211013507e-02 -3.275197420018970962e-01
-2.947265887554483488e+00 -1.642139476305759738e+00 3.129451596358302279e+00 -1.127613282594513322e+00 -2.470023480892547529e-01 2.889337759800398309e-01 5.944802761184605489e-01
-2.764304470471389497e+00 -3.897607417304204680e-01 -3.025324975623160384e+00 2.069901737716496049e-01 3.859374995612925296e-01 7.282178967824430860e-01 1.215150345448126279e+00
-2.661041924542548287e+00 9.108880027244580235e-01 -2.969673289163861973e+00 1.197870417976081958e+00 1.024855217768085858e+00 1.200440166051607083e+00 1.756809090020050812e+00
-2.614871719217030765e+00 1.877686898466220500e+00 -2.886204116360812755e+00 1.916113789995172567e+00 1.650974220929660952e+00 1.655645820991803019e+00 2.268817044811215489e+00
-2.520714315466260569e+00 2.660657848257679259e+00 -2.659136920459850728e+00 2.491797801207106033e+00 2.246997411487262397e+00 2.057457606913010828e+00 2.767787767180999392e+00
-2.297802255586086417e+00 -2.916189887413314974e+00 -2.314500271056310066e+00 2.969571797447354999e+00 2.795236590556886558e+00 2.356271303999151634e+00 -3.012516837750995879e+00
-1.967881107901085613e+00 -2.230026829641773567e+00 -1.893393761632099936e+00 -2.901339648027442486e+00 -3.021445281525022342e+00 2.286925107157649073e+00 -2.486934609415383690e+00
-1.571486630197513223e+00 -1.372185783854086738e+00 -1.369015463842082392e+00 -2.590490462290838902e+00 -2.865529356742809508e+00 1.627384237845003412e+00 -1.953262504163032931e+00
-1.145360586329531749e+00 1.396147093939809070e+00 -4.399631327380487122e-01 -2.744483789602136792e+00 1.992793465856034230e+00 1.742662833867835159e+00 -1.561107526959147229e+00
-7.445951825987515704e-01 2.266270163636146862e+00 1.755531012296421389e+00 2.851791147577453778e+00 2.202637797930177221e+00 2.179221470352765255e+00 3.023698199797623776e+00
-5.221804319684781870e-01 2.809860264640249738e+00 2.603140686928961056e+00 3.017832311845489723e+00 2.674211639031891963e+00 2.681751791507073879e+00 -2.989510825803689098e+00
-1.045653044978165358e+00 -3.047008414799836196e+00 3.116447081213401749e+00 -2.874636892021951162e+00 -3.108579891215029534e+00 -3.113327800378695720e+00 -2.510847702759875233e+00
-1.480178270768533810e+00 -2.705847662808515963e+00 -2.781513639255339676e+00 -2.449131710853073240e+00 -2.641101703959725544e+00 -2.697336716737366302e+00 -2.061667861092925325e+00
-1.359282981894476494e+00 -2.380660516208309208e+00 -2.469548421963751572e+00 -2.046065437485242722e+00 -2.271796387545597540e+00 -2.417907754294964295e+00 -1.686069364078428334e+00
-1.187523905235980504e+00 -2.013308652911925289e+00 -2.173347361288262114e+00 -1.693438215029530625e+00 -2.052765756954499032e+00 -2.281622791688759033e+00 -1.411548666593498202e+00
-1.084214463525312588e+00 -1.599821685425707463e+00 -1.860601532203298270e+00 -1.404315182525412986e+00 -1.853026062204526037e+00 -2.115386068731835323e+00 -1.212138567424378754e+00
-1.028231532193835118e+00 -1.171626366419872722e+00 -1.521868184376780730e+00 -1.155424713395233116e+00 -1.515833049783353870e+00 -1.806883993132070154e+00 -9.709564350748491890e-01
-9.365294801090799925e-01 -7.600639187649054218e-01 -1.159796992645930613e+00 -8.821036076608516074e-01 -1.059672081218937079e+00 -1.408857590132499116e+00 -6.182546272871178861e-01
-7.779254890033358016e-01 -3.860365698845797389e-01 -7.897670522800607218e-01 -5.405226770042781403e-01 -5.325135691448010800e-01 -9.971147863767709785e-01 -1.758548341306218343e-01
-5.586725297401901047e-01 -7.832206882105854917e-02 -4.387261431470861894e-01 -1.496490231797883708e-01 4.065170860195251035e-02 -6.377588403661222927e-01 3.221139403122759148e-01
-2.854674156358957826e-01 1.144400092477578235e-01 -1.387194393909419454e-01 2.234555738612046816e-01 6.532524955082927853e-01 -3.830167352612942056e-01 8.458873768748542687e-01
1.553575498208199270e-02 1.501232084305975378e-01 7.080891030317641721e-02 4.851498286772451540e-01 1.312080846266316714e+00 -2.186537168211965809e-01 1.367602782935182226e+00
3.139171113397637991e-01 1.147734077742721820e-01 1.410058258137985576e-01 5.441783761276562936e-01 2.066714934812566185e+00 -7.338750550258625605e-02 1.841702734999667745e+00
5.555468426982125285e-01 1.792561451320215937e-01 1.320620426587355012e-01 5.320859362741825471e-01 3.057229151327828909e+00 -2.735728145231621777e-01 2.147743603654750810e+00
5.617935708444951048e-01 3.816922182305884648e-01 1.870544032369554910e-01 5.887517667779099684e-01 -2.069754567783455457e+00 -1.077266448588607872e+00 -2.476517888063517747e-01
9.276502982544082565e-02 6.717354487827236209e-01 3.130047477428020142e-01 6.448405734753018814e-01 -1.147447292537222330e+00 -8.387941650824420892e-01 -5.727910899086631480e-02
4.526899206456806019e-02 1.004560306861537633e+00 5.134579718071096144e-01 7.451680180773272433e-01 -3.950708421023053640e-01 -3.354380901199911502e-01 3.457104215002538283e-01
3.875831143126495792e-01 1.339296908145125364e+00 8.287683767979402427e-01 9.990691980391126492e-01 2.926734509769826631e-01 2.171654627963672535e-01 8.546414212345779804e-01
8.469953336823914380e-01 1.667334110614521192e+00 1.245567154001400390e+00 1.385123523134904611e+00 9.389504539197712774e-01 7.637466590328968463e-01 1.420842052778380049e+00
1.335500869697886506e+00 2.023417198104973114e+00 1.715520395217140059e+00 1.849287234624163778e+00 1.534144639510391261e+00 1.274369861932165060e+00 2.009949805030132097e+00
1.815720410922367467e+00 2.424076695674470816e+00 2.183477847849593534e+00 2.346211280470996918e+00 2.057450349639335041e+00 1.719745264019204134e+00 2.591917998924237576e+00
2.259506037058704120e+00 2.830590492184892337e+00 2.583545711385828003e+00 2.826911079789309333e+00 2.480269237885758482e+00 2.074645459916420354e+00 3.127876569892370284e+00
2.639910092240117301e+00 -3.126572056452356918e+00 2.827531567515771282e+00 -3.084032996244332914e+00 2.783596609977019298e+00 2.352853415511958701e+00 -2.743724821431334338e+00
2.943316804785795604e+00 -3.000147177847412472e+00 2.892260813191799507e+00 -3.062388744609855440e+00 3.021433794790175931e+00 2.618169906619667753e+00 -2.647514455706718284e+00
-3.093145395026497102e+00 -3.037745507419147728e+00 2.997658657807744209e+00 3.039025170590551550e+00 -2.975981913791921674e+00 2.912772995263882780e+00 -2.743192427977018344e+00
-2.846925918030995373e+00 -2.945212456874308327e+00 -3.027294658325370147e+00 -3.001506079569386642e+00 -2.598127657165298920e+00 -3.052365574464078968e+00 -2.469838006932070229e+00
-2.564649598190228641e+00 -2.709908931120752928e+00 -2.700370189371035234e+00 -2.515764596948812937e+00 -2.155637940011412290e+00 -2.723212173132040004e+00 -1.936143835723630025e+00
-2.245126628249279666e+00 -2.393580843407385306e+00 -2.367085478650622132e+00 -1.926088718983052006e+00 -1.682330023037442723e+00 -2.381226503967759811e+00 -1.275265785818371134e+00
-1.888938422484176760e+00 -1.955874302338227899e+00 -1.996371782880980383e+00 -1.252629537117102121e+00 -1.210552610188224687e+00 -2.025288781984784681e+00 -5.318200150789050840e-01
-1.462582539995298081e+00 -1.312487441010616207e+00 -1.496067558625953531e+00 -4.760734847864811492e-01 -7.664545975220043994e-01 -1.650017620054389456e+00 2.461783133147872060e-01
-9.318095539707732522e-01 -3.444359184980110844e-01 -7.554859533021175411e-01 3.933709379377096083e-01 -3.410517129939703018e-01 -1.233082186152308468e+00 9.367427979205976696e-01
-3.002544041150787546e-01 9.569449490803709768e-01 4.289463787354108049e-01 1.231741688373644061e+00 1.166949096775471012e-01 -7.524723115681349883e-01 1.420348221113536535e+00
4.026263709760165010e-01 2.046703537537690742e+00 1.714757206349931895e+00 1.945131607897623516e+00 6.381712981801916929e-01 -1.969578614360805169e-01 1.770179441985366697e+00
1.135652256110005975e+00 2.853201490728217937e+00 2.593594716454477478e+00 2.584562314461912091e+00 1.194290984812053313e+00 5.020243566482454067e-01 2.175981977661732625e+00
1.862683280629000127e+00 -2.755408045745229018e+00 -3.015080807879142455e+00 -3.086752863176935424e+00 1.743678535010528385e+00 2.758323952548326741e+00 2.650821205732925900e+00
2.569732115822054297e+00 -2.165145063676559456e+00 -2.445704388127661222e+00 -2.498650543414878911e+00 2.272154682804555570e+00 -2.023711766691942415e+00 3.137106166714220379e+00
-2.996240593076054726e+00 -1.666082387922165564e+00 -1.936352162470754035e+00 -1.925449817436316824e+00 2.789805807509926350e+00 -1.277565880508589213e+00 -2.677656046286935876e+00
-2.173211578759110640e+00 -1.248837194543323648e+00 -1.417097945740156240e+00 -1.343280934438675356e+00 -3.001362077068171708e+00 -5.628258535167957044e-01 -2.300237528565014511e+00
-9.734580414342337562e-01 -8.413037834388424896e-01 -8.125031468089002340e-01 -6.547856788208857859e-01 -2.699131080032692420e+00 1.674107784993118242e-01 -2.543672629287164089e+00
6.245456600942032033e-01 -3.532556205866566601e-01 -5.647442322473292253e-02 7.870154841896038755e-01 2.850291062907413409e+00 9.155112843080873697e-01 2.915907114471615991e+00
1.648262051088255298e+00 3.647300802554768184e-01 9.696815547125233747e-01 2.494359041378540365e+00 2.718196286185284194e+00 1.675670627339802987e+00 -3.091397693822381942e+00
2.374757771054579969e+00 2.545869425813133802e+00 2.249565602121056163e+00 -3.029232513829797746e+00 -3.126643457286558458e+00 2.439499128877459011e+00 -2.630640984390292481e+00
3.003164849309881923e+00 -2.566525369506216681e+00 -2.991875555887294258e+00 -2.411688919130325903e+00 -2.614184119635599046e+00 -3.081568111339997529e+00 -2.131624845626382658e+00
-2.695747596639203714e+00 -1.926252356561338086e+00 -2.228301589966560137e+00 -1.825948911265594887e+00 -2.110032610694080102e+00 -2.317480884151450926e+00 -1.635927549008681536e+00
-2.141862873363063358e+00 -1.348371446635438398e+00 -1.602824724090633701e+00 -1.251361608516751378e+00 -1.642977861188585242e+00 -1.535307865891942569e+00 -1.158782987852065460e+00
-1.616129366704351922e+00 -8.129096055170265123e-01 -1.075569721037577642e+00 -6.918342610727979958e-01 -1.243950094820026608e+00 -6.795866066827597196e-01 -7.079215635056634870e-01
-1.133500917271151209e+00 -3.697896094177726689e-01 -6.766096648712792705e-01 -1.783119145942045347e-01 -1.045731933509154388e+00 5.510604741293309017e-01 -3.157929751254636153e-01
-7.337677273648903764e-01 -8.622065919832264114e-02 -4.315742369747443408e-01 1.782726631256865424e-01 -1.421400439089997025e+00 2.629140294660097243e+00 -1.003483380538777447e-01
-4.802693898643478621e-01 9.200493874497536750e-02 -2.264674581551746890e-01 -9.217445827352986620e-02 -1.638962132807626482e+00 -2.568594785027918714e+00 -3.289989412577800643e-01
-3.790471669295820134e-01 3.530999847803076852e-01 8.005116625793017027e-02 -4.514278753670592503e-01 -1.360579338824983830e+00 -1.824789141728486941e+00 -5.346058041876270428e-01
-2.444020249083202201e-01 7.558757255113753848e-01 4.877943550104391623e-01 -1.471451244007069836e-01 -9.121131637358282918e-01 -1.155436758433614042e+00 -2.851791795189919654e-01
5.121884099908000781e-02 1.252096162823095549e+00 9.557102292491506113e-01 3.435842800794421947e-01 -3.835875026143119038e-01 -4.903728576565097863e-01 1.642177646570995297e-01
4.731434546377792372e-01 1.793801450307276779e+00 1.449127909090402566e+00 8.882267685904328136e-01 1.848189608368281389e-01 1.883724240277319106e-01 6.842170374799215748e-01
9.604614032666940471e-01 2.348593941757375791e+00 1.943397561308639387e+00 1.433471426832928275e+00 7.497435971647137265e-01 8.702854865406854934e-01 1.209769135285381436e+00
1.467882397263766014e+00 2.905198104828099925e+00 2.420288269331957842e+00 1.904546203808959559e+00 1.257822523411828097e+00 1.529269081622329329e+00 1.681237484685769834e+00
1.954580953549271305e+00 -2.805991303860636332e+00 2.852954519871209182e+00 2.140064777143735775e+00 1.636725264333905194e+00 2.103802178392662370e+00 2.030500810619940921e+00
2.381170352857848282e+00 -2.192629843718017391e+00 -3.091519364971032857e+00 1.955907327176142907e+00 1.821882025179280218e+00 2.254794031953556654e+00 2.196862852970272062e+00
2.725760327786836967e+00 -1.499820605272738305e+00 -2.880749132959834036e+00 1.871747148161319929e+00 1.910787006521239784e+00 1.129133532622786040e+00 2.233567412370199623e+00
3.009799413272635338e+00 -6.402141474167654112e-01 -2.684382479426278945e+00 2.097263340986291968e+00 2.115213258201610103e+00 1.124694003627051186e+00 2.322498718597704404e+00
-3.010789884996746490e+00 5.856856044539535677e-01 -2.395134248116446152e+00 2.427445826617346203e+00 2.432873937250827012e+00 1.180995976230668543e+00 2.497045744255861788e+00
-2.786129474530057326e+00 1.855095208324144540e+00 -2.214507456263221208e+00 2.768256768993901495e+00 2.744323394215095746e+00 1.425616091491842985e+00 2.689514880562303922e+00
-2.616710784187396666e+00 2.734189588388539427e+00 -3.081696151706167175e+00 3.059655398382812752e+00 2.928864862711053174e+00 1.889953738440769637e+00 2.857527836524893505e+00
-2.445013433982982320e+00 -2.866507546965792574e+00 3.074096478766951357e+00 -3.053932839934352383e+00 2.977821687174275311e+00 2.400199460568903653e+00 3.021832869304782676e+00
-2.239296134376757674e+00 -2.340969962696936690e+00 -2.928121405468205207e+00 -3.027037090555939614e+00 3.121751656773390060e+00 2.805662601324137917e+00 -3.027113403672441638e+00
-2.091651656465642883e+00 -2.378010964982229414e+00 -2.759480170367100804e+00 -2.861765492400775823e+00 -2.842234830198890894e+00 3.023989326434077807e+00 -2.658267593306377297e+00
-2.095380467152149429e+00 -3.058267172682532564e+00 -2.725209365234157133e+00 -2.468972335467620294e+00 -2.429434157178703035e+00 -3.045885701286965563e+00 -2.183230267990733164e+00
-2.127895451790577042e+00 -2.804243881605777311e+00 -2.564588727203820806e+00 -1.945139526719682488e+00 -1.991649873987690889e+00 -2.693287691169530707e+00 -1.649485134980141154e+00
-1.990938812760822074e+00 -2.347485754850473061e+00 -2.258770666995575827e+00 -1.361914496295329569e+00 -1.556550634594023874e+00 -2.297791829371656824e+00 -1.091358491327107716e+00
-1.684136412754548839e+00 -1.860483034264077462e+00 -1.886486209921843127e+00 -7.579871680757295227e-01 -1.134413354725208656e+00 -2.010931049219044642e+00 -5.333122109305686864e-01
-1.263136948466660137e+00 -1.370107272938174692e+00 -1.472376448105788826e+00 -1.640924367484545565e-01 -7.309202981822767731e-01 -1.865560369193384416e+00 -3.076619435870982591e-03
-7.767390008232873955e-01 -9.392323123538172114e-01 -1.031858789829847245e+00 3.795007892368839064e-01 -3.279529009549090879e-01 -1.603852195152489779e+00 4.563363044055380180e-01
-2.655664138456539924e-01 -7.509824221189332905e-01 -6.071322961663013773e-01 8.201553686556982692e-01 1.182442042193081050e-01 -1.209803573305587410e+00 8.220106180870950796e-01
2.378280657998025349e-01 -7.790667030479025978e-01 -2.476472566868466174e-01 1.057099975652085355e+00 6.323125185527107561e-01 -1.363594350350065820e+00 1.165297983898017309e+00
7.039365433809963157e-01 -4.991440894348676549e-01 6.746676611297205972e-02 1.096793761196052985e+00 1.196626987665516895e+00 -2.248175591060674439e+00 1.636899105645126973e+00
1.112779429740157644e+00 2.612007683192200252e-02 4.482675974705304101e-01 1.309939252006685706e+00 1.784328901847133331e+00 -1.847703917646367433e+00 2.299024520581257391e+00
1.470688594630833013e+00 6.338191336952633259e-01 9.565198595468228371e-01 1.830841823081464703e+00 2.387986455252974149e+00 -1.347085905116422566e+00 3.114095525732728298e+00
1.849207142968748219e+00 1.262754425569149408e+00 1.600375519570541138e+00 2.576281227733798751e+00 3.042950347528273536e+00 -9.444031231407269411e-01 -2.335734732440248873e+00
2.378403774656585590e+00 1.908404543352829608e+00 2.599483275190308529e+00 -2.798341058887718003e+00 -2.494359361629598482e+00 -7.737693676474040050e-01 -1.604254912899426566e+00
-3.051523457215299828e+00 2.993281553978726528e+00 -1.627096820450302017e+00 -1.823159824144313657e+00 -1.719522728599546912e+00 -7.367503747375043766e-01 -9.540871843999771951e-01
-1.927784434997343421e+00 -4.050824512583255932e-01 -5.862060784943599057e-01 -9.252884383440985738e-01 -1.014950641224690253e+00 -5.368828779734245993e-01 -3.416577881712057896e-01
-1.055332535291535034e+00 2.309906150669679414e-01 6.840860905771863065e-02 -1.824981714446182735e-01 -4.189531160990337399e-01 -1.758762176231092322e-01 2.412011247723570839e-01
-4.082322791314086929e-01 7.810836629164613631e-01 6.106261222165385583e-01 4.054984330163547424e-01 8.757952427470068468e-02 2.838971954210378068e-01 7.904474070757859794e-01
1.591136434339116557e-01 1.319958583705559185e+00 1.099630827499099794e+00 8.936679658449014907e-01 5.513319195676817941e-01 8.064798975200710984e-01 1.299499591584584834e+00
7.013688706681536766e-01 1.876754968461114670e+00 1.581517727321565259e+00 1.358329226850642613e+00 9.960324461032949994e-01 1.358759703949577125e+00 1.763389453850529920e+00
1.232115943717490447e+00 2.462102155368804723e+00 2.082219441554649109e+00 1.815689892656604298e+00 1.421634616729003930e+00 1.921354891657820030e+00 2.167360595974972881e+00
1.743436741303665549e+00 3.070438530542636713e+00 2.598581520264281686e+00 2.243613284288579202e+00 1.829496245169599744e+00 2.485426402870094531e+00 2.499264149078175290e+00
2.217086204794017856e+00 -2.603541404513019408e+00 3.094764761248729013e+00 2.619266952819094385e+00 2.232581257372316497e+00 3.036233333709811966e+00 2.788151432036507504e+00
2.626477989369463195e+00 -2.030234813152874462e+00 -2.801565313047599481e+00 2.938747598582212017e+00 2.645905056009824730e+00 -2.746477580603306823e+00 3.101631646134155318e+00
2.947205056660491707e+00 -1.592793864227422196e+00 -2.667947078189119914e+00 -3.039591967844346154e+00 3.073754785006023393e+00 -2.453910085310234468e+00 -2.798162364895682153e+00
-3.080485151551183520e+00 -1.713506119954744555e+00 -2.652958903944692359e+00 -2.712911437273468618e+00 -2.783768060953561552e+00 -3.037271069084748643e+00 -2.369237781274046828e+00
-2.803452523376967598e+00 -2.037258300299570557e+00 -2.375710295449794174e+00 -2.345548226449738927e+00 -2.410114395572156898e+00 -3.078143461520814306e+00 -1.929082634165725230e+00
-2.427412709331113305e+00 -1.612032375709912424e+00 -1.895022851046197943e+00 -1.932849508837535035e+00 -2.136951721017891437e+00 -2.523766661007285528e+00 -1.461051915000365131e+00
-1.934027557915502626e+00 -9.848012147854436904e-01 -1.314552613857181251e+00 -1.454194292090753571e+00 -1.899534191876677491e+00 -1.825741623461349716e+00 -8.801019053370238154e-01
-1.322696001109477493e+00 -3.250975821370219454e-01 -6.723826939480680442e-01 -8.777672850619245848e-01 -1.495774070432345892e+00 -1.073095818563942538e+00 -1.477657092549064244e-01
-6.007746824422641740e-01 3.234146450579219456e-01 1.392400866101964514e-02 -1.483666601652430805e-01 -6.626828932473098899e-01 -2.997184760844386897e-01 6.452383364112844744e-01
1.828469334963681858e-01 9.409429077484932069e-01 7.203014840096186866e-01 7.657074926073571541e-01 8.963688585525974029e-01 4.744980324852053344e-01 1.391923887113583058e+00
9.258136769900308094e-01 1.514828530542518426e+00 1.407971932473498944e+00 1.697995644913041779e+00 1.954811424156962518e+00 1.237200390495857283e+00 2.068902500296710745e+00
1.566119570240012138e+00 2.039941462551162932e+00 2.044150874886941249e+00 2.494556191947668644e+00 2.642995644582220915e+00 1.978599458702129166e+00 2.694841589491760558e+00
2.129509808629374668e+00 2.540853711905331380e+00 2.626671383301877771e+00 -3.116089810687995509e+00 -3.079122988178341735e+00 2.696614987758614745e+00 -3.007887036539688808e+00
2.655782214924044204e+00 3.057072815982581737e+00 -3.092545613500325530e+00 -2.529277737533517367e+00 -2.607093779302871450e+00 -2.867644340316965135e+00 -2.490898971667285355e+00
-3.115471370806638607e+00 -2.677086987896046821e+00 -2.500910506955608348e+00 -1.995071431711236354e+00 -2.244880580138058690e+00 -1.957207481125069926e+00 -2.070520333114278078e+00
-2.609389214006310187e+00 -2.086336800098965494e+00 -1.856720520630498417e+00 -1.513755140361510154e+00 -2.041710839409488276e+00 7.584753046604681970e-01 -1.822939854872258847e+00
-2.131126480129504674e+00 -1.426692785833925115e+00 -1.139182224001455079e+00 -1.159438060742461252e+00 -2.010363517056739546e+00 1.696650950402764924e+00 -1.848690237319392082e+00
-1.759203320510271285e+00 -4.247552821465910844e-01 -2.830556421873871575e-01 -1.570395109894445085e+00 -1.987022744633145210e+00 2.343526888627029070e+00 -1.987872958412052471e+00
-1.773053190756497255e+00 2.338979232247306417e+00 1.057389836428741292e+00 -2.176941245996815155e+00 -1.820324903494607405e+00 2.951305180876818923e+00 -1.903053037326418284e+00
-2.184196363289705456e+00 -3.062752259255210774e+00 2.943009869018073488e+00 -1.854727379705870982e+00 -1.534645866655977464e+00 -2.718103439831779156e+00 -1.631424578527439717e+00
-2.086707223717663151e+00 -2.388997074311713043e+00 -2.244659245288272320e+00 -1.395422732934710863e+00 -1.200777470838485295e+00 -2.082631612349151506e+00 -1.283620924993595036e+00
-1.772694810602357007e+00 -1.779779994549222533e+00 -1.404071894880500437e+00 -9.230916055984080826e-01 -8.627745792801028157e-01 -1.423796194745846622e+00 -9.229958747451135759e-01
-1.464581303137065582e+00 -1.227091993626012068e+00 -6.195086928539383919e-01 -4.689978418742524746e-01 -5.416958465620854701e-01 -7.517322333439773185e-01 -5.659050771841678262e-01
-1.226812189361788485e+00 -7.341108014522561565e-01 1.622229976470001001e-01 -4.984482215500897484e-02 -2.674361658068680203e-01 -8.376746516532557196e-02 -1.909045831213222744e-01
-1.018223574466410541e+00 -2.813485191165929766e-01 9.525018575320574055e-01 3.251411925189947594e-01 -5.890927767172397800e-02 5.590760714617131200e-01 2.180599529031954920e-01
-7.484577908503303734e-01 2.229926252369342221e-01 1.726475669308437322e+00 6.925483780929150290e-01 1.382912182318281613e-01 1.153502952825311567e+00 6.564204309980711249e-01
-3.856040970729984196e-01 1.104013344144114450e+00 2.437588288615049947e+00 1.087242562390683398e+00 4.126835629130079508e-01 1.687483726100663217e+00 1.094523801732438795e+00
3.809575792046990261e-02 2.846157511384506567e+00 3.076848622536490385e+00 1.494991720952755232e+00 7.653255565712950848e-01 2.178695664831180157e+00 1.491426553546983502e+00
4.795250017795840702e-01 -2.482059677730280356e+00 -2.607317892674034798e+00 1.851371035601121262e+00 1.148377058809833873e+00 2.663631119724199525e+00 1.807489287492965557e+00
8.851715938887935176e-01 -1.874535465817310786e+00 -2.019086304653616271e+00 2.072828211669537346e+00 1.515239771377888012e+00 3.120094381144513207e+00 2.050119279951903017e+00
1.184273109700983317e+00 -1.352713834046863406e+00 -1.434379762422942184e+00 2.105692704659367198e+00 1.841362548234039886e+00 8.721130281223343772e-01 2.265626493530809693e+00
1.234807736582651749e+00 -8.790779302698978892e-01 -8.807865659375191392e-01 2.090103837767872452e+00 2.139787560647188336e+00 1.248742436814605394e+00 2.456067532144349475e+00
1.070783242331472263e+00 -4.630583862694932495e-01 -4.285089668268708407e-01 2.253489743512966825e+00 2.460710932361812819e+00 1.736478127131090066e+00 2.637319329397944223e+00
1.170450085726287615e+00 -1.174267356219256403e-01 -2.543355017460335876e-01 2.563448573154161636e+00 2.838774308648326805e+00 2.207162595275363959e+00 2.875530267948793739e+00
1.535366707890273963e+00 1.422896931592762537e-01 -8.828402627375364631e-01 2.952057785508832577e+00 -3.021948022409530310e+00 2.671369701446132172e+00 -3.063998167228070724e+00
2.018523004297634760e+00 2.758181984801456876e-02 -1.290291529162101769e+00 -2.883030563484534792e+00 -2.584826003586254028e+00 -3.130225859437864688e+00 -2.620913696369453039e+00
2.541763374419362620e+00 -6.791748806679724915e-01 -1.035643477880361152e+00 -2.364040784888941538e+00 -2.169513209925087782e+00 -2.639033334335349590e+00 -2.103562069727052286e+00
3.036751801033858555e+00 -5.558517411830508070e-01 -5.594533552788089059e-01 -1.791738372606243690e+00 -1.819613875741361575e+00 -2.206803494498475349e+00 -1.562572272662689166e+00
-2.886112747639328457e+00 -1.492271000219092814e-01 1.455888858540862335e-02 -1.203389375086735713e+00 -1.652108495370038899e+00 -2.334226812345383095e+00 -1.085566932865867917e+00
-2.709097873310800431e+00 2.975680746172717495e-01 6.493959539974226702e-01 -6.933156974772173298e-01 -2.154399600639682166e+00 2.810461490143159047e+00 -1.147822041203449217e+00
-2.568911225919570551e+00 7.303289219078185068e-01 1.363676678154338573e+00 -1.344794814795171822e+00 -2.666751381930507758e+00 3.065212110375428178e+00 -2.360530039865475160e+00
-2.343747030515980434e+00 1.135832988276485267e+00 2.255108879707544922e+00 -2.234997161371268692e+00 -2.559528017201757599e+00 -2.780446208376599060e+00 -2.163393986563536764e+00
-2.055348400578358437e+00 1.422700536298946217e+00 -2.944730555649805126e+00 -1.897263025259976921e+00 -2.303198750017940721e+00 -2.286612602469166866e+00 -1.759154040729468349e+00
-1.676095735231019068e+00 -2.173411651264536282e-01 -1.969116285081678797e+00 -1.456807978011637861e+00 -1.936140569732516026e+00 -1.753653326898610976e+00 -1.261672778279544271e+00
-1.202540704517436554e+00 -8.212416293491557606e-02 -1.172710380701969646e+00 -9.461933908443602714e-01 -1.456500849149130250e+00 -1.190695053209458676e+00 -7.013128258906637935e-01
-6.739859645125623189e-01 4.229012150922781266e-01 -4.711624837734579296e-01 -3.978672085725147856e-01 -8.981159289453577443e-01 -6.083429301814178292e-01 -1.089370909835753187e-01
-1.322665816579155496e-01 9.493053156440611762e-01 1.723395496727499754e-01 1.526847042993610126e-01 -2.971384431504353607e-01 -1.834926713840638601e-02 4.870259618142986358e-01
3.934725098171352187e-01 1.423593107884823405e+00 7.670170475549729083e-01 6.885348155715854679e-01 3.220453513971505699e-01 5.750435960422948245e-01 1.071278765807091249e+00
8.956348922166054161e-01 1.799896077227044477e+00 1.320578037738820987e+00 1.198343460346408484e+00 9.453457256440201961e-01 1.193520911691274167e+00 1.635868945910345928e+00
1.382385382991834444e+00 2.094193447007757225e+00 1.852211132969975083e+00 1.677811609849422458e+00 1.559628478722297595e+00 1.879102182625888240e+00 2.177123479124959182e+00
1.867120617530983351e+00 2.382609853655900611e+00 2.381256010972625958e+00 2.122854257483912654e+00 2.158715062566376464e+00 2.639681966967705407e+00 2.682241563547839380e+00
2.342746354236834527e+00 2.565301744289480101e+00 2.893119460533097431e+00 2.529682889553359626e+00 2.750224382934251199e+00 -2.867988543368357401e+00 3.121187361946638372e+00
2.741278146922633052e+00 1.767807751784759240e+00 -3.076738430588083162e+00 2.901252244422123372e+00 -2.937847218890860646e+00 -2.151062011585175071e+00 -2.798603731193286759e+00
2.713457776790855203e+00 1.575673211567233833e+00 2.014670289468408537e+00 -3.027313827777800448e+00 -2.341228298999000312e+00 -1.534109275295113317e+00 -2.445960531684082007e+00
1.956919122916098264e+00 1.943291585871040006e+00 2.052577488995174448e+00 -2.638785556052137604e+00 -1.768338329891906868e+00 -1.043648632351709793e+00 -2.018722692321954337e+00
2.039882493995030632e+00 2.343309813799256069e+00 2.434558183677021592e+00 -2.178590728068143356e+00 -1.240547969703865272e+00 -6.929996063561051356e-01 -1.527733885668042912e+00
2.327690181745136755e+00 2.669082982638192103e+00 2.740961709272193847e+00 -1.590174900572231653e+00 -7.581608298506746779e-01 -4.399665906817324390e-01 -1.013159373169320254e+00
2.580305240616472595e+00 2.909473807214565166e+00 2.899963687993795780e+00 -7.109314373045927393e-01 -2.941140460192135375e-01 -2.002483650577874530e-01 -4.742809440375565511e-01
2.746082488727880744e+00 3.141312572507172884e+00 3.025658941638276644e+00 7.432419365565147151e-01 1.818793834938914611e-01 6.205014734681767175e-02 1.428116345522012220e-01
2.848486599859221258e+00 -2.823928262965317959e+00 -3.011623354727151369e+00 1.945546981372106909e+00 6.669315667923370050e-01 3.086058303843692840e-01 9.680537131423305741e-01
2.879701423671582550e+00 -2.405958829563869639e+00 -2.654556791939616911e+00 2.761225774565355451e+00 1.130249692401247508e+00 4.439002640852249826e-01 2.272795453458138049e+00
2.803320702617489779e+00 -1.918796026127472354e+00 -2.270388271270818770e+00 -2.810711615856842371e+00 1.446533659429987351e+00 4.403554417525997189e-01 -2.457509265666762310e+00
2.762703579640415796e+00 -1.413900284573756938e+00 -1.976761212133111956e+00 -2.115603301886436860e+00 6.919414424066531177e-01 5.439884432965796934e-01 -1.331173409939629737e+00
2.926877438795922881e+00 -1.141744863176325175e+00 -2.098193286809058478e+00 -1.413889906394879992e+00 2.579636289394365845e-01 8.307149343654526286e-01 -3.777776791252672739e-01
-3.050824171903287585e+00 -2.993138126839713475e+00 -2.618144611487324358e+00 -6.546749867650363264e-01 5.986532937991629888e-01 1.191078033828145033e+00 5.530642582141567232e-01
-2.682798031236596881e+00 -2.592053729789922212e+00 -2.519992177387132326e+00 6.506515149946923149e-01 1.026715107587940601e+00 1.549832044003345066e+00 1.512743500959391474e+00
-2.303737404494133667e+00 -2.108980695770570346e+00 -2.183334356226007689e+00 2.885273693058342470e+00 1.466829071473886303e+00 1.883410421051144867e+00 2.472192074919652871e+00
-1.947865865757324899e+00 -1.660668884179658633e+00 -1.826841968475219513e+00 -2.599277531258920249e+00 1.909858975845623696e+00 2.199580816301744957e+00 -2.917005752971067345e+00
-1.642311781299163664e+00 -1.262299859899480570e+00 -1.506361314307349319e+00 -1.992166657813466024e+00 2.353853392770322461e+00 2.510760230358571654e+00 -2.107243583934675257e+00
-1.369222916159354542e+00 -8.900916159417352480e-01 -1.184936653271902562e+00 -1.424879652110416561e+00 2.767581424638509091e+00 2.810572561421420534e+00 -1.364943693789869128e+00
-1.067259097251215039e+00 -5.142267266689226624e-01 -8.123969718457727529e-01 -8.683582880890977629e-01 3.020436294234853047e+00 3.073977671596431982e+00 -6.726914054254508057e-01
-7.245849925531372415e-01 -1.433375143004752272e-01 -4.043285126295150800e-01 -3.352105974334364524e-01 2.888886248725217154e+00 -2.963180321125911121e+00 -4.535175458022710354e-02
-4.032910469917077023e-01 1.852266331171549540e-01 -1.998433444924116453e-02 1.337282256113496992e-01 2.886371151210636921e+00 -2.642520587709679791e+00 4.387590715876691361e-01
-1.762657465703653115e-01 4.445942361357697048e-01 2.815477678057110578e-01 5.163295123816676879e-01 -2.898245476206516180e+00 -2.197204179582897154e+00 6.227739347200617059e-01
1.788586833967763332e-03 6.845977577005686321e-01 5.018680673818504134e-01 8.587841842844594620e-01 -1.614089208424619892e+00 -1.663130678926869610e+00 6.148949789939840427e-01
2.664486881377248761e-01 9.955541608856131042e-01 7.557983369513320282e-01 1.273376731119645555e+00 5.422254630018922272e-01 -1.092066628631783720e+00 8.923886158397453805e-01
6.436383840428497871e-01 1.413975856421371802e+00 1.122593740612289448e+00 1.787785014183273402e+00 1.378365145852329388e+00 -5.695933819273281129e-01 1.382767472555799015e+00
1.083640769059424080e+00 1.928571238661409559e+00 1.583150863086633553e+00 2.371811748856636815e+00 2.017296682635012051e+00 -2.955827601020986073e+00 1.978871416778603010e+00
1.550859015342756386e+00 2.532092928524047881e+00 2.097645710818669684e+00 3.012656289516823627e+00 2.570016656485503148e+00 -2.378549761084683745e+00 2.659399117438961291e+00
2.023709989923847985e+00 -2.998381542122777521e+00 2.643951758673776187e+00 -2.485386866921026616e+00 3.075946111615223355e+00 -1.748446793897071805e+00 -2.823276953910404785e+00
2.472749385149783929e+00 -1.385011449154606389e+00 -3.013823645870267853e+00 -9.185113068498211852e-01 -2.677247388455155530e+00 -1.067106480856184314e+00 -1.748959109113748633e+00
2.803375254287459040e+00 3.839003652654321419e-01 3.364882147207197138e-01 4.688606404750350620e-01 -1.962540891884205108e+00 -3.281155415164441203e-01 -3.361368575878755371e-01
2.571378201978304023e+00 1.139817474830312705e+00 1.034887862736635578e+00 1.223542017600462106e+00 -1.811391439497441191e-01 4.611801115953274577e-01 8.355479867860452492e-01
2.066118530933018782e+00 1.764099368579506999e+00 1.631504036639360278e+00 1.883802056398026670e+00 1.364415657386428782e+00 1.280737953630812109e+00 1.726644365828730487e+00
2.291546297601827931e+00 2.374960602804759624e+00 2.212309114426600942e+00 2.524116474084355133e+00 2.063455215083352723e+00 2.108692471176691896e+00 2.496335597810925844e+00
2.696220505242447718e+00 2.999043559172541062e+00 2.772891869480080818e+00 3.140664253777290416e+00 2.564503052382649084e+00 2.922858595862805942e+00 -3.091430178868261436e+00
3.114489997213140349e+00 -2.650778188734887575e+00 -2.985854766908757618e+00 -2.568556756294241072e+00 2.883545108962568548e+00 -2.580181298713939864e+00 -2.472159454090594899e+00
-2.793414110669648398e+00 -2.035430141569131823e+00 -2.541220980605860102e+00 -2.147984715197257088e+00 3.086643885044065616e+00 -1.833221195735770470e+00 -2.019118942230201164e+00
-2.499610527599181786e+00 -1.539503151589978858e+00 -2.253264455062005123e+00 -2.464405134973095546e+00 -2.930796370381630211e+00 -1.082091936087510531e+00 -2.279065404624606828e+00
-2.262922591937913896e+00 -1.584613872099288612e+00 -2.113422597804424541e+00 -2.920331085363120138e+00 -2.547915742634891956e+00 -3.150423233527230304e-01 -2.804577253537548387e+00
-1.988872241806650010e+00 -2.032218459152882684e+00 -1.865284221004599008e+00 -2.512471264701154450e+00 -2.114857725407706113e+00 3.559007229234261160e-01 -2.459802039766339377e+00
-1.616025350876862277e+00 -1.765435641955310331e+00 -1.396782804175619841e+00 -1.920553986382477429e+00 -1.689713821933686244e+00 8.696870837698565948e-01 -1.964091079112824989e+00
-1.156802796743755080e+00 -1.323089891978191046e+00 -7.262926907911572139e-01 -1.238493398227741960e+00 -1.330665479479127278e+00 1.355346857395471227e+00 -1.534181859604038634e+00
-6.323984568953013863e-01 -8.908679392764988769e-01 2.323466144482485007e-01 -4.405090122153350607e-01 -1.168590013175363929e+00 1.900031900511387484e+00 -2.154809044490005654e+00
3.220859351302981372e-02 -9.848828464102616920e-01 1.564674559686252797e+00 2.527873053483118415e+00 -1.407680145179034392e+00 2.480262621166252845e+00 -2.524984062290557496e+00
3.079946699796396015e+00 -2.176492889674106479e+00 2.740167461092884338e+00 -2.458670353514110118e+00 -1.435184301274802010e+00 3.047250161210588448e+00 -2.021704371441825021e+00
-2.454260408501856894e+00 -1.800673929146487939e+00 -2.688872758801294172e+00 -1.705775823055967866e+00 -1.081103862609058108e+00 -2.734658332208174780e+00 -1.434498778482607095e+00
-1.927933551734014594e+00 -1.294736808072797007e+00 -2.001867703707339352e+00 -1.048934133056614204e+00 -6.559279538314193303e-01 -2.361649454732531517e+00 -8.769564867240120520e-01
-1.470899968120952472e+00 -8.153322713309153480e-01 -1.450233601709236542e+00 -5.124323069364914440e-01 -9.012130244633261844e-01 -2.161052572899243795e+00 -4.176366665438534520e-01
-1.102489805409387680e+00 -4.424729625698118896e-01 -1.130860407326154560e+00 -2.258699230057055196e-01 -2.166458261052707446e+00 -2.009675204757179312e+00 -1.540429742809583669e-01
-8.515008320639289030e-01 -2.133484907135879405e-01 -1.088717571610599899e+00 -6.461298091186233883e-01 -1.759253937230342402e+00 -1.728120231356947478e+00 -1.824757265207016810e-01
-6.627483940190265210e-01 6.694101278489581267e-03 -8.636547117765167592e-01 -7.721567985469777184e-01 -1.236336768970862421e+00 -1.298595657466479425e+00 -1.345334486227266479e-01
-3.882066182533513432e-01 3.847609388042962375e-01 -3.631895510482485712e-01 -3.544244174477976239e-01 -6.751597186996746158e-01 -7.686038883786557863e-01 2.132775341915724154e-01
1.274401888201019857e-02 8.967332399175442781e-01 2.603470828980607443e-01 2.175475648674788098e-01 -9.928040684811989536e-02 -1.902441066746724807e-01 7.252260782214705603e-01
4.941164434704639619e-01 1.493878092579051575e+00 9.293936178460520114e-01 8.190902608866553747e-01 4.705901816717059094e-01 3.873768884016397518e-01 1.288255175532398100e+00
9.997115354969698942e-01 2.148398041213463117e+00 1.606876344476073193e+00 1.401921205454372155e+00 1.010715502783541497e+00 9.204148229961213179e-01 1.839901481321410737e+00
1.488701663030667310e+00 2.848624763603231358e+00 2.259799301384425529e+00 1.922245387337104594e+00 1.510741432464835388e+00 1.386687012706906197e+00 2.343195370588183835e+00
1.928917228903785697e+00 -2.685863565448307622e+00 2.832099917805266820e+00 2.338968028344412087e+00 1.969976851462116541e+00 1.791018001064330400e+00 2.796953580100463910e+00
2.308624664918370151e+00 -1.883462661700529006e+00 -3.078004521634361890e+00 2.656342573737909607e+00 2.392667699233591794e+00 2.150743259782872396e+00 -3.045043866288430046e+00
2.657710977305773881e+00 -1.032630665734033837e+00 -2.835868445712022456e+00 2.982773389260896746e+00 2.788465083501587838e+00 2.467981406125288490e+00 -2.599479715276462599e+00
3.031360280991778566e+00 -5.668852328028610721e-01 -2.182160866648287012e+00 -2.848105941902729477e+00 -3.117244952904903332e+00 2.522044519903345439e+00 -2.154449906532440728e+00
-2.811326153795774996e+00 -5.121285880900775522e-01 -1.243800843508262588e+00 -2.317482909432728722e+00 -2.743903891424257502e+00 1.107852756879196265e+00 -1.747456822838171719e+00
-2.314149974793318520e+00 1.409995232214036887e-01 -3.284841634225854068e-01 -1.790748627646840951e+00 -2.370830786390451639e+00 1.339500510132341393e+00 -1.401323283681250143e+00
-1.793813545580383195e+00 7.888704627903119215e-01 4.922298742543096406e-01 -1.436782346569289048e+00 -1.976243348409339129e+00 1.880120295642820016e+00 -1.098013534654510348e+00
-1.340248619218762149e+00 1.382346504676121635e+00 1.245310388357781184e+00 -1.461432787165339420e+00 -1.559493171542446710e+00 2.498411161472579245e+00 -7.777578514956502431e-01
-1.100522486396457778e+00 1.936355450446213267e+00 1.983886718439882735e+00 -1.410857933647361673e+00 -1.123980858097217927e+00 -3.095765766731318980e+00 -3.755926874738076959e-01
-9.552519819848920291e-01 2.486814314950849703e+00 2.787707258356797002e+00 -1.010803840373664553e+00 -6.409816656176543503e-01 -2.163958201070676157e+00 1.057800588325183144e-01
-6.003502119032130269e-01 3.064874920321620344e+00 -2.380048123718191189e+00 -4.392924667823318585e-01 -8.147517679887600339e-02 -1.294447503115445930e-01 6.504581959655381107e-01
-9.496492047737004061e-02 -2.610046509744520460e+00 -5.608468508135360242e-01 1.793675145270916815e-01 5.474222541417094190e-01 1.069167912671873166e+00 1.231060955481368291e+00
4.495009619668404732e-01 -1.915350094903181200e+00 5.471147890565088989e-01 8.075141498113301841e-01 1.198256174048150990e+00 1.774559873794834930e+00 1.844046518867493045e+00
9.972169331891201915e-01 -9.993404991975500806e-01 1.235469210745336444e+00 1.387495657437094687e+00 1.836494011631517154e+00 2.362062793221687773e+00 2.459601149570758594e+00
1.527262970225276906e+00 1.065141498349345461e+00 1.830353356617737015e+00 1.918561593298241608e+00 2.426800112312927471e+00 2.873518349059229315e+00 3.020331604682239490e+00
2.040655786504197877e+00 2.897508608966373522e+00 2.439323972140782004e+00 2.423298229148991290e+00 2.918474568286463011e+00 -2.966293958268729547e+00 -2.792024120293050249e+00
2.554713753421244515e+00 -2.343459662597163096e+00 3.088026069030432641e+00 2.913551961522661049e+00 -3.018076787158658458e+00 -2.568588154087078301e+00 -2.426700984743680234e+00
3.101084413888032909e+00 -1.479510860155464069e+00 -2.512241650316715980e+00 -2.841494554468056766e+00 -2.739642561139471244e+00 -2.185373313186348199e+00 -2.089794326253680889e+00
-2.547751680026605126e+00 -7.114372515542695119e-01 -1.809544697458916884e+00 -2.245402892762612623e+00 -2.318278703552285602e+00 -1.771939256613248803e+00 -1.680898378092688050e+00
-1.797913934548326820e+00 1.224787979011624341e-03 -1.093043786100814652e+00 -1.550462910105373515e+00 -1.743167822564042568e+00 -1.293075565713527331e+00 -1.151014051633727053e+00
-9.639036238684515201e-01 6.736461934684626618e-01 -3.786519521271524136e-01 -8.037169083259707580e-01 -1.086344452157392171e+00 -7.404474147124003869e-01 -5.287052852285594184e-01
-1.391248790507346456e-01 1.307755584853439901e+00 3.047364023824357115e-01 -6.223001810254596977e-02 -4.047252054415997335e-01 -1.229646837767752743e-01 1.402628411767499750e-01
6.010535218935970647e-01 1.864552984027870730e+00 9.341280077283197203e-01 6.538223090811009497e-01 2.574741407053588449e-01 5.582105067160056944e-01 8.515293479143907218e-01
1.245178790730473217e+00 2.288223299133254063e+00 1.500832671932255780e+00 1.309427721256471333e+00 8.675878223870342465e-01 1.372043126939993307e+00 1.603836370722351079e+00
1.807600219222045279e+00 2.596487338158667502e+00 2.037056767708661287e+00 1.917786378173206741e+00 1.367932151250330630e+00 2.463091566684070699e+00 2.451912702513995068e+00
2.328888577488946954e+00 2.969064694799519177e+00 2.596427171454362970e+00 2.512410585660560081e+00 1.660696481737223840e+00 -2.729870122946705280e+00 -2.838056353757234529e+00
2.852634759643445150e+00 -2.745894300344902117e+00 -3.074469419806188597e+00 3.103458123698322080e+00 1.710286932721124753e+00 -1.969029017810028259e+00 -1.976294502344918991e+00
-2.891356094647121733e+00 -2.005068353402768011e+00 -2.393191336718929918e+00 -1.491621874750507448e+00 1.887044540507543999e+00 -1.427584083349455080e+00 -1.279289211221822375e+00
-2.314789307661998308e+00 -1.072563534022580312e+00 -1.615941952840556306e+00 8.720216313018936960e-01 2.340572591695004867e+00 -1.000726248714889799e+00 -6.438415184269371538e-01
-1.669264430565723156e+00 8.819535326234829997e-02 -6.704802315611458896e-01 1.283457513487063606e+00 2.995300433985855104e+00 -5.443090874298394111e-01 -3.003201536897745494e-02
-8.690234948169857088e-01 1.271457676416745564e+00 4.746658836596370779e-01 1.654396572794890830e+00 -1.948879935972956057e+00 5.452060276215786594e-02 6.259364665448565734e-01
1.465853937519266126e-01 2.269070392016660165e+00 1.609022456779883425e+00 2.141225875682970958e+00 8.752664518371866542e-03 9.503277496161666171e-01 1.259966279361574903e+00
1.153512352241812922e+00 3.138707415912227017e+00 2.556259354238842985e+00 2.737619822006434056e+00 8.359252454514984887e-01 2.565694212631998816e+00 1.811978877220817186e+00
1.934530125162844838e+00 -2.343769574325743843e+00 -2.958797726439871489e+00 -2.022070751305292902e+00 1.499361382121416675e+00 -2.573106479462604845e+00 2.274535729850128529e+00
2.451491528435930434e+00 -1.585602537373589360e+00 -2.398986225296610098e+00 7.653395570433466633e-01 2.135316390537637332e+00 -1.978986436860795450e+00 2.793200266340217119e+00
2.755770785647988941e+00 -9.962733321460640612e-01 -2.167613170512556753e+00 1.556149291930369660e+00 2.794760083788098814e+00 -1.530259276837293569e+00 -2.849462590035856113e+00
-3.109020497894077639e+00 -2.600284545704899752e+00 -2.150100624285337325e+00 2.407075716944307775e+00 -2.719059924848469034e+00 -1.091922185796383893e+00 -2.194581347963957985e+00
-2.543065799193485077e+00 -2.210204640494375816e+00 -1.856020970583228902e+00 -2.806977643711790815e+00 -1.799087771695310423e+00 -6.237118152020563189e-01 -1.549304318637908517e+00
-1.908278981984999234e+00 -1.602867664224123745e+00 -1.384042655791267507e+00 -1.570089741411114348e+00 -8.432128752535823502e-01 -1.308300846634889714e-01 -9.439938854365174103e-01
-1.322808643260100281e+00 -1.029305403891260129e+00 -8.762788284103572023e-01 -5.083890963427470933e-01 -1.101637284848890064e-01 3.861772142081799086e-01 -3.984156563851449229e-01
-8.122951809573966120e-01 -5.273964597087198447e-01 -3.847933849383498583e-01 2.945763997090237729e-01 3.501753266844331858e-01 8.908483943190242949e-01 1.091098773101771141e-01
-3.375660848923665580e-01 -1.079173051008826406e-01 4.282909780836424013e-02 8.640718661869223327e-01 6.677918083240674818e-01 1.373157055549515615e+00 5.685295563941134001e-01
1.127280616000979341e-01 1.500927222610788647e-01 3.079197439019207838e-01 1.283960236349418693e+00 9.233640667453202333e-01 1.836282401878857717e+00 1.024866211586030307e+00
5.507081474335048243e-01 2.569082470370270821e-01 1.364529589088727679e-01 1.452705788578562585e+00 1.241636617282809496e+00 2.446970070875442271e+00 1.434271294935667074e+00
9.123759543314514664e-01 3.666719972061248667e-01 -2.523225622074202514e-03 1.504022243226006639e+00 1.633009108200651482e+00 -2.760896531974361245e+00 1.813873047797142757e+00
1.158125687341370780e+00 6.021760956593128489e-01 1.953259572073602346e-01 1.697637176858660224e+00 2.079605454410024201e+00 -2.034669518263428678e+00 2.254118925701873888e+00
1.215200660851897707e+00 8.105254623937838687e-01 4.475563221213492704e-01 2.013033439652768930e+00 2.556564497922867218e+00 -1.442195960212551586e+00 2.775682421559660717e+00
1.149648370283108179e+00 9.521989613600195801e-01 6.212463497897797726e-01 2.417297523861567932e+00 3.003134136661731901e+00 -8.543214590865332303e-01 -2.811827125592160748e+00
1.128319920349703409e+00 1.068276941284032722e+00 8.169448073833807111e-01 2.764804715981438399e+00 -2.869299646570777629e+00 -2.551422854163885034e-01 -2.135850103130050304e+00
1.264990459821365709e+00 1.255639520336705672e+00 1.096852134573656157e+00 -2.859536697077817546e+00 -2.940584206676445600e+00 5.430060184927899547e-01 -1.393407185688362526e+00
1.454662421862497279e+00 1.453026435312859688e+00 1.430891802012103975e+00 8.855548862881019723e-01 1.221999224173923038e+00 1.707711306451473066e+00 -4.061096096966739788e-01
