1.665993841192839886e+00 1.573820833285322518e+00 1.580514009386166263e+00 1.604970068183758869e+00 1.635889282655174304e+00 -1.366021894136061787e+00 -1.701551725258151571e+00
9.945621539526203758e-01 2.050866441275576157e+00 2.113723603108826676e+00 1.337470834771967043e+00 1.442538282042647557e+00 4.548111570783184253e-03 -2.784647522296666011e-01
1.306602032108861833e+00 2.473827488495196292e+00 2.573512732820255611e+00 1.486361621748123696e+00 1.653894046019977804e+00 9.920422028019084681e-01 5.703426435104298475e-01
1.648686172729165067e+00 2.741342124754018172e+00 2.810851589178393617e+00 1.736061537867392035e+00 1.991803639657161895e+00 1.924116399876780070e+00 1.362879729234433013e+00
1.870136347974366231e+00 2.930609240719934672e+00 3.007421374623207022e+00 2.008506147106903672e+00 2.327070930104954360e+00 2.804582184766802211e+00 2.117105318875078801e+00
2.022702195195572372e+00 2.968551120177707503e+00 3.052623358474988446e+00 2.375758239001178662e+00 2.611311017323957095e+00 -2.636309311753372242e+00 2.890978400555760608e+00
2.251776602544413919e+00 3.077259953759926780e+00 3.103068001163316492e+00 2.759791210438222731e+00 2.953625856453996334e+00 -1.098907158498491743e+00 -2.495546248741392414e+00
2.617146172390915737e+00 -3.038435394678310253e+00 3.130600115797910643e+00 3.112136638915284248e+00 -3.000223006859390917e+00 1.444755981962287716e+00 -1.697059133596414249e+00
3.045054015589177432e+00 -2.772957372544655907e+00 -2.922671739939199931e+00 -3.040387176536347713e+00 -2.686844254090021256e+00 2.336940221383072558e+00 -1.008699812881417524e+00
-2.782445859470016991e+00 -2.527347577210513840e+00 -2.633435823237181062e+00 -3.031172020868425410e+00 -2.530764356873474341e+00 3.034047798630454373e+00 -3.954046196961102932e-01
-2.362113213961732683e+00 -2.347748955958083528e+00 -2.354215161204587847e+00 3.100469768156696393e+00 -2.410481718704261755e+00 -2.705740970463715644e+00 1.561286547382244039e-01
-1.999763288382588433e+00 -2.362133089057663948e+00 -2.297140607863283002e+00 2.810778843156380269e+00 -2.285651532246756990e+00 -2.730270680601478706e+00 8.718646599711992184e-01
-1.753086250800896417e+00 -2.371474224511394890e+00 -2.341746971509551134e+00 2.733556560213801667e+00 -2.237426693964668090e+00 -2.879546241798446093e+00 1.643853827767169484e+00
-1.721804335619824267e+00 -2.239238476353567542e+00 -2.236805656971675216e+00 3.069334299787917608e+00 -2.550192155854920983e+00 -2.481110301856105593e+00 2.454770601793941243e+00
-1.956809616593564449e+00 -2.022105070132985460e+00 -1.998531485865074675e+00 -2.785487671474723648e+00 -2.583651925396610149e+00 -1.914472698052043897e+00 -3.001512530699151249e+00
-1.998547451714228762e+00 -1.863775868271323244e+00 -1.836745735874821372e+00 -2.445285222993378138e+00 -2.343405479046015927e+00 -1.628444142547150086e+00 -2.223630451404616792e+00
-1.790634366252574328e+00 -1.789359049006237212e+00 -1.824786826373163473e+00 -2.739003208903211917e+00 -2.034042841780052679e+00 -3.113767464854789946e+00 -1.614922612598794771e+00
-1.538804113805625207e+00 -1.780840623572646386e+00 -1.790779100623618225e+00 -2.803448484769340165e+00 -1.885025798827393961e+00 -2.721751634986270929e+00 2.905266892439410498e+00
-1.442241623006012219e+00 -1.834973840939746914e+00 -1.570568207336948907e+00 -2.357388636625864731e+00 -1.898918955971927058e+00 -2.190019842899869396e+00 -2.835222561776584271e+00
-1.543328347316672122e+00 -2.008984824273249981e+00 -1.278564738182631944e+00 -1.801832021407214990e+00 -1.776952752832853699e+00 -1.765245877155195098e+00 -2.248625724760704436e+00
-1.497493793984606691e+00 -2.058322785673762922e+00 -1.075361108599206972e+00 -1.343126988285294754e+00 -1.474565674723280262e+00 -1.637966086562488321e+00 -1.782742529539003140e+00
-1.255608235363478764e+00 -1.892917034526798714e+00 -1.000709108693111915e+00 -1.327591433005500754e+00 -1.151698762646203633e+00 -1.723484751213942179e+00 -1.498086308201806993e+00
-9.422162663227336976e-01 -1.637101541366745128e+00 -8.810744226039551874e-01 -1.597717152227225990e+00 -9.226751042424287119e-01 -1.444244622687426371e+00 -1.201548950708504870e+00
-6.450670968615714873e-01 -1.435388261083191175e+00 -6.276575792299482481e-01 -1.354654215383664706e+00 -7.706261237799252317e-01 -9.430246739326337835e-01 -7.341998167695817923e-01
-4.494022779861460148e-01 -1.332291886159642891e+00 -6.097311218880924200e-01 -9.799481002924024242e-01 -7.074404990545354321e-01 -4.421510674447997058e-01 -1.786510925280492268e-01
-6.858199402939335609e-01 -1.180916187325329991e+00 -9.840480350439538837e-01 -6.602443675965413705e-01 -7.736136779470668134e-01 -1.297481884059116242e-01 3.769814118469124731e-01
-1.006616361824073769e+00 -8.934647106843118802e-01 -8.560303402935293127e-01 -3.600558162029700027e-01 -8.045199355617205228e-01 -1.346784566684545992e-01 8.649772886959905538e-01
-7.612372216006504377e-01 -5.302810620847293599e-01 -3.988547011544544274e-01 -2.797868435804097900e-02 -5.914044835964513691e-01 -5.182919300505206550e-02 1.327481797497682026e+00
-2.980776777209649397e-01 -2.258696748663368004e-01 1.070814735653446564e-01 2.944060094484046153e-01 -3.034110728489564091e-01 7.342558093072010239e-02 1.831770706457800824e+00
1.991035168580767012e-01 -4.282649395308664453e-02 6.407126067351044396e-01 4.580609738214342364e-01 -1.892339824809370283e-02 -1.775479415711403441e-02 1.826141714114791759e+00
6.548004510629136243e-01 7.087466728177506392e-02 1.151916562476214656e+00 4.214937528832458091e-01 2.404233308085063636e-01 -6.170886692163771864e-02 -3.305628532090524457e-02
9.825664690151069136e-01 2.958897469554150339e-01 1.628369584056432284e+00 4.495011174267982690e-01 5.176630744151884400e-01 1.688567926075480174e-01 5.257541712820548163e-01
1.099316755490987951e+00 5.961439812560375140e-01 1.850871560375557223e+00 6.687884426952497297e-01 7.873414912558478473e-01 4.887791010379181067e-01 9.181834993201719586e-01
1.094096208315575192e+00 9.744864761559671740e-01 1.590642144070635311e+00 9.898526933924320925e-01 1.066616777368675884e+00 8.427878713121876864e-01 1.004843263958565380e+00
1.277761183926549249e+00 1.442483619724445720e+00 1.839442673863756594e+00 1.370000628626909078e+00 1.378767453813132482e+00 1.245287110797983710e+00 1.066799637377110699e+00
1.642786361505944814e+00 2.011618539648493798e+00 2.426177210097074877e+00 1.793567674118778266e+00 1.747970854528920315e+00 1.711452080690124999e+00 1.445702022512884044e+00
2.076453156345008821e+00 2.640723173890882070e+00 3.100458736758120448e+00 2.253728600038299668e+00 2.173298172421470831e+00 2.204870705714464751e+00 2.003658500378179053e+00
2.514053818377957050e+00 -3.023478472623578828e+00 -2.551888089851482633e+00 2.735356084837905044e+00 2.638520891472738494e+00 2.667220964604744449e+00 2.634638461391739739e+00
2.921602120924569945e+00 -2.464391772858656626e+00 -2.024334971885313639e+00 -3.074800081749087699e+00 3.125939941036196767e+00 3.044951448691593399e+00 -2.991997288818084577e+00
-2.995625716139590278e+00 -2.079611979461255977e+00 -1.727524227481865626e+00 -2.630467489507034795e+00 -2.690527515602034736e+00 -2.983881185988566109e+00 -2.362457683682771759e+00
-2.675158314432221740e+00 -1.975351387264160374e+00 -1.562841245247506894e+00 -2.225532737309337428e+00 -2.280750954597107860e+00 -2.814499515635966009e+00 -1.808393215564479961e+00
-2.358635856157341948e+00 -2.030972166904696952e+00 -1.242846440949203268e+00 -1.863440497613612967e+00 -1.989322153128264992e+00 -2.705086637209410227e+00 1.824081891586603055e+00
-2.009802701041973894e+00 -1.969386792280056753e+00 -8.544881997697804099e-01 -1.805368043341838868e+00 -1.831174446558542224e+00 -2.630274505272609531e+00 2.114948771130581218e+00
-1.635672032736901649e+00 -1.831746561633679216e+00 -9.162515371988715351e-01 -2.825204379895993601e+00 -1.789040468243077386e+00 -2.454966743618061109e+00 2.522005255984643757e+00
-1.278373774403242180e+00 -1.596720533704454992e+00 -1.516372063839800388e+00 -2.666002051698447062e+00 -1.864811061139435511e+00 -2.131416896899609448e+00 3.067681349353976294e+00
-9.690344453633928934e-01 -1.306374558367458416e+00 -1.177193337684552255e+00 -2.241868156584049476e+00 -1.955053837655372106e+00 -1.805799722821299413e+00 -2.636996411108313509e+00
-7.241801069615900754e-01 -1.133599272749259201e+00 -7.245274884603646326e-01 -1.914513048601176104e+00 -1.892154357275468657e+00 -1.688662400165465760e+00 -2.132823798118427483e+00
-6.428607755848042560e-01 -1.196665907888599278e+00 -4.366759848876244909e-01 -1.750404808461663908e+00 -1.734774754658144236e+00 -1.767750453055581872e+00 -1.850743186168265719e+00
-9.369502289787218219e-01 -1.135857602212525741e+00 -8.340214830357286502e-01 -1.523645264936425603e+00 -1.473153912610854155e+00 -1.608725681399844509e+00 -1.722371063594114737e+00
-1.139977348031541604e+00 -8.068408659706760577e-01 -1.242833782727028158e+00 -1.122457478221003724e+00 -1.088370425233128547e+00 -1.220832289101935642e+00 -1.434100536939872494e+00
-9.151720286566292772e-01 -3.567608845064049738e-01 -9.777860170838046372e-01 -6.240491105221935841e-01 -6.337500348241563719e-01 -7.242843714882949424e-01 -1.003402155771648818e+00
-5.065439885965427047e-01 1.546774480471208579e-01 -4.446003739897585461e-01 -9.345935904361109270e-02 -1.651995781519449424e-01 -1.846763009752385165e-01 -5.350877826900960477e-01
-3.914572977201640630e-02 6.528293594873192385e-01 1.505512228139224973e-01 4.198410882642054087e-01 2.569649147484222573e-01 3.203276681946819471e-01 -9.549917068788325858e-02
3.926949541479043404e-01 1.030060746137939631e+00 7.519883733632811706e-01 8.236601769368498971e-01 5.932755565980066814e-01 6.739669171559788952e-01 2.781514673758782585e-01
7.139663243699987394e-01 1.096337026605347820e+00 1.304355114100545388e+00 1.023789570344276090e+00 8.237226910368333765e-01 8.075878206270501458e-01 6.241600384058977324e-01
9.475553979421194040e-01 1.183902687929576425e+00 1.842584958155154551e+00 1.179350910853404599e+00 1.086307218246973516e+00 1.051342466888550709e+00 1.084272528158875204e+00
1.241779888565146761e+00 1.578897695147175817e+00 2.366751853975862296e+00 1.498532309112605265e+00 1.480799706167316376e+00 1.549823438394549724e+00 1.674383076840013640e+00
1.629394203319996626e+00 2.078537701003690508e+00 2.619034019890457810e+00 1.868092893200341997e+00 1.976442611653895565e+00 2.179135347078579699e+00 2.324875056146570085e+00
2.043832456758980509e+00 2.531317488112929226e+00 2.321978472046893671e+00 2.154017333286025959e+00 2.506407298948512885e+00 2.849889867598120130e+00 2.943332530971161987e+00
2.414758874923077503e+00 2.880462269799344277e+00 2.610863504723780704e+00 2.403886108858007020e+00 2.995450546853116514e+00 -2.750352729271234864e+00 -3.033658075155114986e+00
2.699196768352602138e+00 -3.033518856259362906e+00 -3.021300989077388532e+00 2.762754984889328025e+00 -2.881672520759974709e+00 -1.953982336888185900e+00 2.747156868170544275e+00
2.935439540694907201e+00 -2.671166287692062546e+00 -2.345420325348212653e+00 -3.069944446821910145e+00 -2.547723391454297825e+00 -8.761940902590933389e-01 2.935412113014488344e+00
-3.086167353470042229e+00 -2.600913465536705882e+00 -1.762409519427497573e+00 -2.666915322725255333e+00 -2.184624802746432337e+00 4.644612518043266247e-01 -2.868919574293986141e+00
-2.774441968133545711e+00 -3.018016793225926087e+00 -1.486024172604554217e+00 -2.409664669303202000e+00 -1.878020934262986774e+00 1.797814087795248650e+00 -2.453763278181387619e+00
-2.428249979727450825e+00 -2.783698387221750892e+00 -1.550870905135453004e+00 -2.097453834043721876e+00 -1.667189042713777214e+00 3.043945878530106786e+00 -2.004813125598227774e+00
-2.027913549207374988e+00 -2.364217803259399453e+00 -1.641946608375377092e+00 -1.450455616862375674e+00 -1.225946210045761431e+00 -2.049450308380505348e+00 -1.386101355478354780e+00
-1.520898219145751629e+00 -2.035399201390791113e+00 -1.689615498195146115e+00 -3.860364656839408992e-01 -4.591963399651789457e-01 -9.489643255197570682e-01 -6.525009201637962386e-01
1.074660867322733360e+00 2.736906578165111625e+00 -1.358318834150129106e+00 9.630185541537705785e-01 5.162330367878448234e-01 6.461514185572973454e-03 5.645741922307274258e-02
2.214941128403811632e+00 2.762761231364379455e+00 -7.871030745985078125e-01 1.936564202731042572e+00 1.540531839005968129e+00 8.312304612856544761e-01 5.599908034528273681e-01
2.658503896061347849e+00 -3.077789009006287380e+00 -2.386227927872557886e-01 2.539456128811167446e+00 2.495558780648102992e+00 1.608844015627070245e+00 1.197257286286474320e+00
2.981474589007263365e+00 -2.513074914121650849e+00 -1.889212640340611093e+00 3.016844825532466690e+00 -3.022337576694373862e+00 2.394236644635803213e+00 2.089421018760911242e+00
-3.013599529091502749e+00 -1.905548542227993636e+00 -1.297316568664688363e+00 -2.730158529991091321e+00 -2.677519667460153574e+00 -3.087773376922917201e+00 3.022165499382058140e+00
-2.685173899614442306e+00 -1.318710045953407128e+00 -4.824302035432459501e-01 -2.147106293587002668e+00 -2.435062511422496190e+00 -2.284482701585906383e+00 -2.359970502778747203e+00
-2.300821894790859190e+00 -1.048951801367889347e+00 4.039344094978406519e-01 -1.598064443974421156e+00 -1.936991343370576324e+00 -1.499898337029579087e+00 -1.529244866916562362e+00
-1.887983775670691422e+00 -1.652056958227071215e+00 1.362160271537967482e+00 -1.196618870523761258e+00 -1.360678491382754318e+00 -6.672618483519866528e-01 -9.010348171304370934e-01
-1.473459018621541938e+00 -1.511558541052284932e+00 2.732002652730129544e+00 -9.602788689252170773e-01 -9.929124171975546309e-01 5.263110274339053429e-01 -2.594322043003677525e+00
-1.099040593012888145e+00 -1.201457553618653584e+00 -1.366753315167338778e+00 -7.185064817497472944e-01 -9.317890715258918544e-01 2.077252961429406852e+00 -2.142234469189130408e+00
-8.435935664000889789e-01 -9.649533158904883834e-01 -4.483872577576710761e-01 -6.022241846681829491e-01 -6.948109434100586679e-01 -3.008254506442743725e+00 -1.572558457126473463e+00
-7.848042475397312145e-01 -6.327242650152594683e-01 -1.501155429275111697e-01 -7.569508981569537109e-01 -4.728600279508882176e-01 -2.017634104095553216e+00 -1.000963762999532713e+00
-7.925715590061437332e-01 -2.138799944596256886e-01 -3.990330294989200000e-01 -5.298724246481922862e-01 -1.760495285288121159e-01 -1.116506751129441311e+00 -4.084462067685588060e-01
-6.768847254786792833e-01 1.352443890745128885e-01 -4.929472936799134120e-01 1.684137683160133112e-02 2.733270824255177311e-01 -2.820776183955288063e-01 1.710378629762928926e-01
-4.787839844638969722e-01 4.465188779404485886e-01 -1.077195066875793333e-01 6.891129564455265033e-01 8.463556302906989348e-01 4.946687601281380964e-01 6.873166736547567934e-01
-2.319822810626298581e-01 8.275094797995428131e-01 3.951572000017525843e-01 1.435965272507891966e+00 1.455302607835060824e+00 1.216826231384389834e+00 1.094822397005587034e+00
6.820473028598145193e-02 1.293732433299947804e+00 9.317174029829905502e-01 2.213306481563539929e+00 2.094520414211200166e+00 1.883605822596831514e+00 1.380953877213043413e+00
4.114201376509560304e-01 1.813010062345865370e+00 1.496997885658269967e+00 2.958329105768875422e+00 2.722877570444972584e+00 2.497391558538853751e+00 1.599166840466798245e+00
7.556292452787434222e-01 2.374956795388622144e+00 2.124350638686945292e+00 -2.681194364708595401e+00 -3.019269914228408069e+00 3.091400788735748861e+00 2.046089285020046056e+00
1.076786275420772654e+00 2.952544761615797597e+00 2.810232533396392451e+00 -2.158125957992476529e+00 -2.600915278951576592e+00 -2.573954018597321536e+00 2.891429017972376503e+00
1.387634894281435383e+00 -2.801502891813465013e+00 -2.754165265420543296e+00 -1.661284785850372758e+00 -2.240145154000602989e+00 -1.934667535260217175e+00 -2.018553868992806866e+00
1.710207639774184551e+00 -2.373522320258528939e+00 -1.955672848296806432e+00 -1.146581049748333969e+00 -1.818010723392308181e+00 -1.310620303070080928e+00 -4.205821556700953257e-01
2.029507028270959967e+00 -2.048410468504433091e+00 -2.796881859747161192e-01 -7.057497578353335577e-01 -1.358968208790445109e+00 -7.626159873543897350e-01 7.613326109332347880e-01
2.348916286838996559e+00 -1.761296093472901836e+00 1.803140897599282866e+00 -4.799197007994783770e-01 -9.259515852088150423e-01 -3.917602700200508159e-01 1.716337298179639870e+00
2.791277918726051688e+00 -1.524520623817212872e+00 2.630388490723944095e+00 -3.700628045017130829e-01 -5.324655174453311046e-01 -5.781583301027177768e-01 2.562544727783719445e+00
-2.770848761387992631e+00 -1.254291205179421276e+00 -2.920043484759450081e+00 -1.073749517072465492e-01 -1.625389918525171618e-01 -1.177628420742172777e+00 -2.941361675796822617e+00
-1.785807478889138045e+00 -6.953277310443007897e-01 -2.245072143141503940e+00 2.614937023740969146e-01 2.036757539743601908e-01 -8.778233709394140938e-01 -2.179251045708315182e+00
-8.352433016584859260e-01 2.488704823027010793e+00 -1.671692239185396778e+00 6.823810370841582040e-01 5.976479820822317990e-01 -3.238220268240207256e-01 -1.351605913826771088e+00
-7.243271085135828680e-02 -3.046151436960890635e+00 -1.251965040703225007e+00 1.150637077164941680e+00 1.075295648488359346e+00 3.129894106595664804e-01 -3.912369118714972283e-01
5.172378051046586656e-01 -2.447630156803906498e+00 -9.069155045152174077e-01 1.647065439127632480e+00 1.631808818409821615e+00 1.030013235747062827e+00 6.702967519206953773e-01
9.406409598573777231e-01 -1.898300981965760803e+00 -6.452635980129782789e-01 2.123372944823847863e+00 2.239174355518548598e+00 2.066239715907236096e+00 1.607927634606390876e+00
1.237917989712579825e+00 -1.356488836638809481e+00 -8.793977668724105579e-01 2.474742066329687962e+00 2.920062530738873008e+00 -2.043950911829913952e+00 2.229861522560701914e+00
1.504704959254176355e+00 -8.128479413615846694e-01 -6.422074140583586832e-01 1.771486931628287298e+00 -2.408990538481746935e+00 -9.591394172381806360e-01 2.659485932657850604e+00
1.835355897934805247e+00 -2.885806144797112283e-01 7.958442288699536793e-02 1.186347662712023299e+00 -9.386096381802720989e-01 -3.671173332630831565e-01 3.127289615930207045e+00
2.266992179104510452e+00 2.103927622401122188e-01 9.444106374115961433e-01 1.507655894877238278e+00 6.424779445758099783e-02 3.751201144897282902e-02 -2.603301841952104567e+00
2.789142348338409683e+00 6.855219467286723933e-01 1.828282378344074921e+00 1.851550429806315012e+00 6.689560833083738611e-01 4.150634983721343541e-01 -2.036807640199563174e+00
-2.897056913658166089e+00 1.008704817496583805e+00 2.707842296115479108e+00 2.151454865208546785e+00 1.155970216436474240e+00 8.239598537901334785e-01 -2.311969808620154776e+00
-2.201105283348418595e+00 -7.231846243821656861e-01 -2.691028691614595569e+00 2.413208612400003172e+00 1.615492733496699085e+00 1.196433200220990534e+00 -2.946682564351150280e+00
-1.171422005182377157e+00 -2.901869470705316645e-01 -1.780595711891688637e+00 2.537407087531690753e+00 2.041851756826073228e+00 1.520742422843942121e+00 -2.420493517949561468e+00
4.779981659236562930e-01 3.131542903658332544e-01 -7.137870441109536168e-01 2.520556346771134937e+00 2.368796173789778692e+00 1.826191973729005102e+00 -1.952053558160108837e+00
1.456560505952868123e+00 8.981888923511244238e-01 8.406801834440817967e-01 2.515766875587315266e+00 2.512723864765825432e+00 1.930986676251884582e+00 -1.500946845930360984e+00
2.026303433785768604e+00 1.430342433114220047e+00 2.092738322600866674e+00 2.319150587539534847e+00 2.487405067037816053e+00 1.689009625474492626e+00 -6.920537012585459280e-01
2.400129188994358120e+00 1.946653623553994406e+00 2.849597851012513061e+00 2.296170059130145269e+00 2.506837028378601673e+00 1.849611307339093402e+00 4.295406651583990598e-01
2.677408055964745515e+00 2.482047259332740285e+00 -2.802237488558647183e+00 2.630487060149337974e+00 2.731448940340261089e+00 2.274706387044480582e+00 1.527351314334482790e+00
3.006213605607015005e+00 2.998513244667405431e+00 -2.246095177512948293e+00 3.063510996971033240e+00 3.106755450641661476e+00 2.705505456064766445e+00 2.401949626047990005e+00
-2.860359500500200269e+00 -2.913786876482972854e+00 -1.836236518516265681e+00 -2.831033544224644594e+00 -2.740243829025982070e+00 3.051663537986097907e+00 3.008012629011414862e+00
-2.411710398826970358e+00 -2.855996440373027134e+00 -1.674757328816601554e+00 -2.533670315750682800e+00 -2.323676103183473174e+00 -2.927433112253633674e+00 -2.953771681146188932e+00
-2.019252956318924763e+00 -2.737324890417447865e+00 -1.575301783327996974e+00 -2.282698784725998298e+00 -1.994210682345880059e+00 -2.564358543975606697e+00 -2.730666268271409347e+00
-1.829388877859686735e+00 -2.300738861095080079e+00 -1.353010146270018810e+00 -2.029445327394329368e+00 -1.783434160038453342e+00 -2.127481955709698447e+00 -2.439004490316751372e+00
-1.900084894571010263e+00 -1.703784798956395452e+00 -1.111318364988875596e+00 -1.769692436633013788e+00 -1.599852666612944452e+00 -1.644432982657072939e+00 -2.067601674773452469e+00
-1.800305157861939120e+00 -1.032762072372030326e+00 -8.902663874318986759e-01 -1.469144158237557285e+00 -1.317603648795234950e+00 -1.132512739375214794e+00 -1.604375072450281214e+00
-1.465909023769449648e+00 -3.096888444310073596e-01 -6.815924007336578994e-01 -1.105057288344226007e+00 -9.426326444079198286e-01 -6.094075917596000203e-01 -1.073333665443866769e+00
-1.082501230739524312e+00 4.897407239960775427e-01 -5.049909995570817101e-01 -7.038118620003332992e-01 -5.522642726068111019e-01 -1.095828429731967452e-01 -5.302196634602961423e-01
-8.145626800836982540e-01 1.442187926804023634e+00 -3.550835336771938633e-01 -2.951223596080174705e-01 -2.311754414519198164e-01 3.306648665918125451e-01 -2.613663187370689894e-02
-9.948309703816793359e-01 2.600255631955505908e+00 -2.204438625189969470e-01 9.959907925712509214e-02 -6.504707136022896963e-02 7.418887511408459590e-01 3.869733656617084239e-01
-1.417280423629030617e+00 -2.528262899198679747e+00 -1.907494351687461509e-01 4.432533954120191910e-01 -1.194969966051515620e-01 1.247647106930600991e+00 6.046171792511895182e-01
-1.284271621974462985e+00 -1.536201245117819525e+00 -2.046592916201353807e-01 6.613823747655864782e-01 -1.443783578675995050e-01 1.931557180982679922e+00 5.797601841406621048e-01
-9.444526883132579043e-01 -6.221607415615505454e-01 1.460287271699013505e-02 6.706732951767860884e-01 5.842730478426017005e-02 2.768527287408172999e+00 6.401141415965854176e-01
-5.689536161464103792e-01 3.547162007190511335e-01 4.790689438411012135e-01 6.030263519216625401e-01 3.521803011900517810e-01 -2.611899521539373659e+00 8.937116108180985785e-01
-2.044452282675826016e-01 1.521323249563812041e+00 1.070294651737060176e+00 7.420825667694709304e-01 6.238474110996302668e-01 -1.724508443969708926e+00 1.239129062787496460e+00
1.364683499572594272e-01 2.705235284490362879e+00 1.730241466046002596e+00 1.082930699591982959e+00 8.789177586764731487e-01 -8.745542271699767722e-01 1.655947686094311422e+00
4.329445157576536363e-01 -2.648379949409188860e+00 2.449572037797310031e+00 1.533594100149749506e+00 1.162201683941183061e+00 9.630866258048206840e-02 2.149267766532657387e+00
6.269442416665210738e-01 -1.962998028984392018e+00 -2.990347987941752272e+00 1.991510072723218672e+00 1.439837985623708239e+00 -2.626635697543476144e+00 2.682558350458887464e+00
6.679390110749038323e-01 -1.530813284125210672e+00 -1.680852598655704799e+00 2.279918358159337188e+00 1.612382534278322677e+00 -1.907202780483531424e+00 3.130066929483042326e+00
6.729808153946438276e-01 -1.317132769550273697e+00 -4.256028650321398987e-01 2.281530120857579114e+00 1.735470185456001957e+00 -1.328542240847431888e+00 3.122499234575328408e+00
7.969214283089637307e-01 -1.041599479541889917e+00 2.650865307244331670e-01 2.447040079184708450e+00 1.996920221147886032e+00 -1.009273430178497355e+00 2.858551398341923289e+00
1.019664002997607621e+00 -6.834418341792736218e-01 9.209213882393296746e-01 2.843196322659312880e+00 2.363559867546951132e+00 -1.424365122628303615e+00 3.067428312759342024e+00
1.290422609480408545e+00 -5.586308372142807510e-01 1.605972444496504004e+00 -2.988787835882345423e+00 2.761528035358382205e+00 -1.915024727300885132e+00 -2.861344135893371554e+00
1.582008173724652300e+00 -9.518816470798636686e-01 2.297079216554024139e+00 -2.508655408942537246e+00 -3.072639071081135764e+00 -1.958779454218752436e+00 -2.405794030341853684e+00
1.886274584326584458e+00 -9.745807141004247942e-01 2.988674388615804034e+00 -1.967312704143372004e+00 -2.525696191537616375e+00 -1.736758127227274073e+00 -1.836595986520627832e+00
2.211593237913789700e+00 -7.411156637187699125e-01 -2.591427229552160760e+00 -1.362473238509818385e+00 -1.883488860032688228e+00 -1.297629076829325712e+00 -1.183731596418378329e+00
2.559891788001106505e+00 -5.210321748417360288e-01 -1.860619074664151329e+00 -7.455251206151256582e-01 -1.183181289800973701e+00 -7.730383804659599623e-01 -4.704179206272692815e-01
2.906764875204743692e+00 -2.992944877794267988e-01 -1.095921848383284436e+00 -2.182324301606086148e-01 -4.820282227870922864e-01 -2.750552114413234439e-01 2.875588462647248322e-01
-3.065307719561756628e+00 3.855517738103692721e-02 -3.253135105736752464e-01 7.395031118259415281e-02 1.390099476203665030e-01 9.837174021164657445e-02 1.071713070275291280e+00
-2.788698786690171794e+00 4.782234035926299920e-01 3.761541319671398709e-01 1.960249330897588516e-01 5.002204881414735738e-01 3.026331503539151924e-01 1.922316943940648226e+00
-2.491561087130008012e+00 9.704278820519485205e-01 8.897938401759304394e-01 4.753395341393206186e-01 2.696591713297467607e-01 4.542174478662394654e-01 -1.732223671824481448e+00
-2.133136845821202332e+00 1.558748958909994098e+00 1.140117994375643207e+00 8.833954478432252122e-01 2.015673300836228476e-01 6.865003492373950023e-01 -5.707861616385954129e-01
-1.745823968479728316e+00 2.337476836877828035e+00 1.372936618660101749e+00 1.307801072675724541e+00 5.527617374075741719e-01 9.459774305221214652e-01 7.822153907300934128e-02
-1.417612584885876714e+00 -2.954171834487059112e+00 1.682947758105306280e+00 1.709881909181022230e+00 1.059791651759176112e+00 8.575695542952432859e-01 7.207248461307197429e-01
-1.209545911790806949e+00 -1.907814294909622177e+00 1.898151801439339703e+00 2.116109125674933367e+00 1.641331645504574333e+00 6.534944120085453556e-02 1.334071203024224550e+00
-1.010134354118181088e+00 -9.790161280163592883e-01 2.073016908427526506e+00 2.606587240160664010e+00 2.259120076241826425e+00 6.362211191617994643e-02 1.853655458899840847e+00
-6.916001732639920352e-01 -1.702413815121315566e-01 2.391895166644130377e+00 -2.675733905329997331e+00 2.909931361878270284e+00 3.385690385139753511e-01 2.195268629742502142e+00
-2.633726856458341592e-01 5.508138024831055191e-01 2.814207200443276768e+00 1.524380465474872992e-01 -3.696860889364678160e-02 6.852688890503001451e-01 2.253152823825844919e+00
2.269298661291689612e-01 1.189857133427034919e+00 -3.066706566745404761e+00 8.438040740897670977e-01 8.488412449603902621e-01 1.001750882832102452e+00 2.399793226284469672e+00
7.106593267493787058e-01 1.758264993288506828e+00 -2.835432920840957660e+00 1.432561100481190453e+00 1.399849622143967576e+00 1.129382701550962320e+00 2.970868212936698338e+00
1.047402390925973537e+00 2.352869314674514101e+00 -2.640135305457679493e+00 1.972788819376000147e+00 1.172026857200763272e+00 9.936992168863642005e-01 -2.430937422854661634e+00
6.229567261696548064e-01 -2.952276149700193475e+00 -2.098248280235884167e+00 2.452582568557486020e+00 -6.643418410680686226e-02 9.657391939543051862e-01 -1.201544415806308663e+00
6.842477615032109550e-02 -8.127933107405131974e-01 -1.301187768305647641e+00 2.742168847347189242e+00 3.234172878280871521e-01 1.183494744766514062e+00 2.509694732206081413e-01
3.461746592938670930e-01 2.445359206044253331e-01 -4.272898674589619694e-01 1.693084003559675477e+00 7.956982189367526326e-01 1.489610755111924867e+00 1.461480851375891010e+00
7.795336814898102817e-01 9.483439086763763015e-01 3.882411110772960861e-01 1.386329877935194466e+00 1.289187126349607526e+00 1.737614238904429564e+00 2.499358894300154343e+00
1.234799974609750883e+00 1.523076912851457188e+00 1.081253011768114058e+00 1.665064327507538744e+00 1.783562936531654541e+00 1.869058646337270702e+00 -2.739425796330205554e+00
1.672153215885759714e+00 1.993620388171537527e+00 1.666144267412802860e+00 1.974263278638571428e+00 2.248939971429085638e+00 2.029937171251955608e+00 -1.562021127409683796e+00
2.074535549836181048e+00 2.399612772446006126e+00 2.191484447094651955e+00 2.271843513808207149e+00 2.644194303192808349e+00 2.325507483837207623e+00 -2.889840422100262707e-01
2.430253434429857862e+00 2.798383675196919107e+00 2.693668726871764729e+00 2.599853627915928111e+00 2.935347801277143454e+00 2.711205887501892509e+00 8.344052531971226649e-01
2.737195305185946115e+00 -3.072960689023459757e+00 -3.103614530513053804e+00 2.994517640379637857e+00 -3.121567047732805911e+00 -3.140050414919714594e+00 1.775895963265226252e+00
3.025961418709306905e+00 -2.670507191500433919e+00 -2.652838558574551087e+00 -2.833342486358445989e+00 -2.848022135316810477e+00 -2.682308419733415938e+00 2.620217798045114233e+00
-2.929688158625135763e+00 -2.296284881383577225e+00 -2.263488167400205864e+00 -2.345495350088732334e+00 -2.475560168376730097e+00 -2.208838738517510780e+00 -2.866466059222367857e+00
-2.534662781776026108e+00 -1.936171423181815010e+00 -1.943522068064184261e+00 -1.856745783207696565e+00 -2.035698010512422496e+00 -1.720684206502247626e+00 -2.101477416756090566e+00
-2.091115705605321562e+00 -1.568183728678161470e+00 -1.647013752537076492e+00 -1.393471987977028093e+00 -1.571076364749202758e+00 -1.209477931250585003e+00 -1.363776367222114150e+00
-1.635586350275003431e+00 -1.245391709657859280e+00 -1.387238227727180417e+00 -9.656534856729119820e-01 -1.107223642371506278e+00 -6.728428719758393628e-01 -6.471756222183748797e-01
-1.201138672523046624e+00 -1.165105508362476394e+00 -1.443733755285248055e+00 -5.810514331455742809e-01 -6.551748573926997610e-01 -1.351572094841403393e-01 7.201231919961341432e-02
-8.084164418063004565e-01 -1.321526320119959408e+00 -1.735942672467019499e+00 -2.999637584276856894e-01 -2.469176317296178647e-01 3.136043649568828751e-01 8.822019139128670639e-01
-4.607736092205735878e-01 -1.176250487523687438e+00 -1.522222289453824651e+00 -2.352128933270968003e-01 -3.724243077932505586e-02 -4.458522491111693853e-01 -2.403142436722297770e+00
-1.639903056716613960e-01 -8.363776924180569283e-01 -1.114202089970541598e+00 -2.730757817235747176e-01 -4.727503074128701632e-01 -1.577315790892622083e+00 -1.289221278536379245e+00
-6.438187758134620783e-03 -4.975455642385289146e-01 -7.204319701854473568e-01 -1.881088348502232277e-01 -7.268011559135280075e-01 -1.458180350288449167e+00 -7.407821474470150935e-01
-1.608396987950067303e-01 -2.136934356006386926e-01 -4.376549931724013631e-01 -7.447957299598999270e-02 -4.675548472708943581e-01 -1.138737174811547570e+00 -5.618152170561013792e-01
-2.310154158960502635e-01 6.025002085069938729e-02 -3.547089640206019245e-01 5.221171287189870641e-02 -7.298525957248933049e-02 -6.731694070392445495e-01 -4.510639117239773066e-01
6.855000744941581493e-03 3.374319916181192647e-01 -5.239750235972305825e-01 3.178403769599777440e-01 3.732996233641015515e-01 -1.555259200547396414e-01 -4.846683073390885450e-03
3.348624250063533259e-01 4.578389369651472141e-01 -6.878130108658289110e-01 7.246731108143440458e-01 8.559783160233387367e-01 3.288458872233239738e-01 6.134465595626134027e-01
6.642073440069351520e-01 2.933248696154676649e-01 -5.587977716076369950e-01 1.179629881362316501e+00 1.369127027375084849e+00 7.008245996248806398e-01 1.287264607106353598e+00
1.004498871675039595e+00 3.290911473610787508e-01 -2.390558663053584387e-01 1.579157020579227799e+00 1.882733016655203206e+00 9.300533611036957415e-01 1.957644399864661988e+00
1.369439120020993661e+00 6.492558982708940274e-01 1.723471123345660660e-01 1.799056719835868901e+00 2.327920751483840700e+00 1.137653049152698159e+00 2.569737061520192434e+00
1.761722080224001452e+00 1.055413335635191796e+00 6.152481271772037852e-01 1.814157834745303788e+00 2.555597031134055896e+00 1.436598234202616675e+00 2.993617661314853962e+00
2.192469461396767461e+00 1.441016160187295059e+00 1.044139499107013869e+00 1.914010520057302989e+00 2.468446416197957571e+00 1.800493055597399250e+00 2.885861423890832000e+00
2.671757298430983862e+00 1.749065404937970358e+00 1.406961895259908779e+00 2.195206705044133066e+00 2.530117908542177219e+00 2.156317915255275164e+00 2.801756996435828206e+00
-2.983931858257398151e+00 2.004538503278889827e+00 1.659856216341999202e+00 2.556203350490500625e+00 2.823626886572037087e+00 2.438617333119149411e+00 -3.103965791233416649e+00
1.896954240403507241e-01 2.279355970176095258e+00 1.812589784831892148e+00 2.927512736446799213e+00 -3.116031192142206141e+00 2.644597593833986071e+00 -2.610063503174790966e+00
6.706855639877281616e-01 2.593693997909510607e+00 1.985404724638604623e+00 -3.007825030137874833e+00 -2.826007250008448768e+00 2.879250748078897360e+00 -2.163926374100662020e+00
9.965865792137651447e-01 2.959737143356144795e+00 2.275533224937761556e+00 -2.684443855984487648e+00 -2.609352752207067638e+00 -3.054364351573136460e+00 -1.848932414721463857e+00
1.150766745915978939e+00 -2.887625936696550433e+00 2.672309079541772547e+00 -2.336468621029447856e+00 -2.376711751584371424e+00 -2.605829883399576108e+00 -1.626709454567711433e+00
1.215035018632817820e+00 -2.393422364479379727e+00 3.140708016849748319e+00 -1.922217624543172132e+00 -2.026204835169586715e+00 -2.093951221732853529e+00 -1.331623906507257260e+00
1.474667475329738631e+00 -1.907695415098263680e+00 -2.674388553246731526e+00 -1.451460446985040287e+00 -1.579113825842727747e+00 -1.552056328689061182e+00 -8.931765161872748937e-01
1.914501251687161565e+00 -1.525730014771445653e+00 -2.303097187567895165e+00 -9.716440442154034018e-01 -1.106404501985489786e+00 -1.021084742812647495e+00 -3.442845336671994105e-01
2.424078960662550131e+00 -1.261563989356724091e+00 -1.985588117908289929e+00 -5.581676153697444631e-01 -6.947983012937055669e-01 -5.563251516340254055e-01 2.514181906990241577e-01
2.952557558846601982e+00 -9.002399055958365537e-01 -1.337702354975857322e+00 -3.172480330636330281e-01 -4.462077689142143755e-01 -2.025702760529885516e-01 7.861730192056275435e-01
-2.791505443747584803e+00 -3.142488286236247985e-01 -3.240852880580241124e-01 -2.517528125283809426e-01 -3.140164649519362472e-01 8.539658774539873876e-02 1.102472417895030032e+00
-2.243005950885949229e+00 4.730274939424046199e-01 6.841192499778526726e-01 -5.983745855377013007e-02 -5.932250912071677235e-02 4.012917641862255858e-01 1.267381507143202857e+00
-1.697176924052160585e+00 1.426543224908876528e+00 1.556252208570404694e+00 3.679586545529294206e-01 3.705778700199122144e-01 6.406183032937218247e-01 1.852137173124543512e+00
-1.195843071544749447e+00 2.398456939576574243e+00 2.329359225754697782e+00 1.067653419130192738e+00 9.087444007143289371e-01 -1.392282874315451169e+00 3.059947849044031276e+00
-8.428847585128189657e-01 -3.056894696295091585e+00 3.006518490276571143e+00 -1.747136389414745805e+00 -1.767154536440377122e+00 -9.915677929329281826e-01 -1.932209303648393384e+00
-1.379542432090173465e+00 -2.398320924026644985e+00 -2.695792610725308069e+00 -1.104329731610277143e+00 -1.181890883429150385e+00 -4.440337907790621319e-01 -1.039949244075542456e+00
-2.545482827300934670e+00 -1.861695501710983525e+00 -2.111902468181731773e+00 -5.529370903619664768e-01 -6.613440379010308012e-01 1.289612618979217862e-01 -4.055348484958835042e-01
-2.324637329987571555e+00 -1.374575641404343074e+00 -1.248911408018796632e+00 -9.782525776350935176e-02 -2.025669654219906524e-01 7.016940117397456600e-01 6.168666443984895803e-02
-1.936381694789562902e+00 -9.089976399558987730e-01 1.034804427197378585e-01 2.787234383720735842e-01 2.303480643991160925e-01 1.229833057838828347e+00 5.173683164594632400e-01
-1.508426117546076251e+00 -4.658297531889143417e-01 1.365959044204925199e+00 6.250172334706136645e-01 6.602588252694566728e-01 5.062173199417540070e-01 1.034096462424320739e+00
-1.060096673706155901e+00 -4.377913808877412216e-02 2.277132866791132138e+00 9.531432596900126786e-01 1.045618403917686123e+00 -2.125031181851373130e-01 1.572529148864060700e+00
-5.842636014002033917e-01 3.172761786246594551e-01 3.047286066964075335e+00 1.264280328630922767e+00 1.285944280465862066e+00 2.348793779654132496e-01 2.076354155659352774e+00
-8.665974651506055948e-02 5.944889681839856665e-01 -2.524648995539520602e+00 1.545380202538073844e+00 1.439690136592330472e+00 6.532014228416253010e-01 2.500678230011258663e+00
4.272701000136701621e-01 8.651799581680199580e-01 -1.860128863685933442e+00 1.787329505109238825e+00 1.702548868001678484e+00 1.076484503605325660e+00 2.748476443064987063e+00
9.656747958160285528e-01 1.257109382054220292e+00 2.289889114999811959e+00 2.074415681090661323e+00 2.069507051913887619e+00 1.623206162474847725e+00 2.791256149060115543e+00
1.551951982793535745e+00 1.715910048253397546e+00 2.791066561645373589e+00 2.479775187851231077e+00 2.487727970438257774e+00 2.302229007562938357e+00 3.068499230347310203e+00
2.197338428189217208e+00 2.092925064699866500e+00 -2.943166641891737267e+00 2.875950036544614896e+00 2.927233421034255212e+00 -3.125295356195903373e+00 -2.677198192581435432e+00
2.919844181602912592e+00 2.276886833753379413e+00 -2.486566824152593558e+00 2.376321067690651212e+00 2.448453525570779998e+00 -1.395489586269591520e+00 -2.105542540704789634e+00
-1.137922337250533378e+00 2.508830620082524110e+00 -2.093061940240060093e+00 2.100904329531767534e+00 1.237789042569639397e+00 1.510847819176665552e-01 -2.119300755216747767e+00
8.147266703434312696e-01 2.992222459585182293e+00 -1.657439718369796866e+00 2.623827017219102054e+00 1.820220992482694644e+00 8.727502355650713639e-01 -2.602266749208164587e+00
1.512673168231080778e+00 -2.699039372207433729e+00 -1.201191697414815129e+00 -3.063717418868701081e+00 2.447191283313273402e+00 1.545122293372887423e+00 -2.098905605801721030e+00
2.176079365702113133e+00 -2.089426727007781537e+00 -8.516681807030239693e-01 -2.535168558207644640e+00 3.061315710606982599e+00 2.339729753825749992e+00 -1.499193164799701439e+00
2.872679383273547327e+00 -1.505771371377712331e+00 -6.936845922276594356e-01 -2.075455941293671280e+00 -2.659907554923117257e+00 -2.988066215662037450e+00 -1.113587096846425206e+00
-2.667588992019933603e+00 -9.116251793640312018e-01 -4.866669554226080718e-01 -1.544117455598876587e+00 -2.124723395963894035e+00 -1.911240233931873478e+00 -9.853953074532613154e-01
-1.891639150639319311e+00 -2.838853711333939045e-01 -5.311207361577446190e-02 -8.140331094506361165e-01 -1.522096283271339168e+00 -8.545942134362596310e-01 -5.404901080825965654e-01
-1.117660375402974804e+00 3.114068652143628935e-01 4.511658794839780162e-01 1.540613478707620332e-01 -7.534971347256690377e-01 7.697804303698312089e-02 1.983482668264372750e-01
-3.870577471060716590e-01 7.148555690586552158e-01 8.175452015233357628e-01 1.376386627010953712e+00 2.356033707565461655e-01 8.788542182002067049e-01 1.082811643827523262e+00
2.322029931324339491e-01 3.698883305080672423e-01 4.210193363132797573e-01 2.656354490641932298e+00 1.475162806440484031e+00 1.578895954767217003e+00 2.063059213086271715e+00
4.796972108600937035e-01 2.756659742947395464e-01 2.311715909182340267e-01 -2.538500228692464944e+00 2.840860186389031927e+00 2.223857902458844737e+00 3.129507540943156751e+00
4.156574562471250511e-02 6.927497614652533553e-01 5.784538352473145295e-01 -1.569123502124889935e+00 -2.215510332765909585e+00 2.839751021849582280e+00 -2.038448710482360315e+00
1.682218652603626463e-01 1.230505288938583686e+00 1.047679459162630833e+00 -5.715735694505500453e-01 -1.151004492985555627e+00 4.592709758565751144e-01 -9.603585771081447620e-01
6.131516353928803120e-01 1.754165231790179025e+00 1.485776671583887820e+00 5.231869669531625799e-01 -1.900878614147850365e-01 9.074664843849606921e-01 3.168534745834922228e-02
1.085488927592080932e+00 2.193270769898961525e+00 1.776803288022227312e+00 1.606601067738689714e+00 6.718438371844940304e-01 1.408242927413563716e+00 9.235071775737729860e-01
1.531755365690363746e+00 2.588332364739827085e+00 2.068129353104516177e+00 2.524973311259588016e+00 1.408305242894461573e+00 1.904397628580889235e+00 1.684234161820098441e+00
1.965656681895415314e+00 3.056162651287527066e+00 -2.971997840322849083e+00 -2.999487575079103685e+00 2.069242835540353376e+00 2.397285406675849107e+00 2.301209883541001311e+00
2.406326561278604448e+00 -2.642815942913259164e+00 -1.173592196446675340e+00 -2.340127384217453255e+00 2.702803133063086172e+00 2.827032276363019125e+00 2.779065178169810579e+00
2.816789544620450503e+00 -2.049605826178453327e+00 -4.584123533571093922e-01 -1.770926721030635198e+00 -2.979658734498092709e+00 3.135983460878744911e+00 3.079826758711565304e+00
-3.093622403266954812e+00 -1.455987684470442023e+00 4.867192747365048540e-03 -1.364447162486860821e+00 -2.418664491029917318e+00 -2.828608107563233887e+00 -2.922823719555973199e+00
-2.555519588821396848e+00 -8.791601567180824528e-01 3.924306759930753508e-01 -1.101170525369019604e+00 -1.891701047603838060e+00 -2.366988061595201476e+00 -2.433975103419720121e+00
-1.865201014562690052e+00 -3.752028400971830213e-01 7.513888706821834074e-01 -7.435325980488106667e-01 -1.337540596261474368e+00 -1.789521248174343659e+00 -1.778842652880604724e+00
-1.137456722550303834e+00 7.830886475233353461e-02 1.107155564970943029e+00 -2.307936934031044884e-01 -7.363378838999311560e-01 -1.160355374787447991e+00 -1.066950282146337248e+00
-4.363517417202548709e-01 5.112209310840263310e-01 1.402431367215249525e+00 3.632553488721147472e-01 -1.145464553973332134e-01 -5.208096930336123531e-01 -3.548244995050279238e-01
2.170741173721506267e-01 9.474204402463100028e-01 1.607859711702370964e+00 9.751800473691303317e-01 5.099126535223955647e-01 1.033757678007987957e-01 3.362089615473030646e-01
8.204284913767450060e-01 1.325774857653022609e+00 1.738139842870752405e+00 1.565087239296666821e+00 1.109024850506421744e+00 6.946669536792099420e-01 9.820383530140334161e-01
1.361072568405456318e+00 1.659376607525874237e+00 1.944837187554122604e+00 2.099067476653782904e+00 1.669025400242178714e+00 1.266443298224474878e+00 1.570368654901340255e+00
1.835627065742787334e+00 2.008644026987639997e+00 2.273682366591591286e+00 2.575927161848328151e+00 2.181512500785905750e+00 1.826016122205132541e+00 2.101625886416450761e+00
2.259891020715654175e+00 2.371310047618487182e+00 2.456281319945921471e+00 3.041109782556851826e+00 2.675325872263721649e+00 2.331497511971800218e+00 2.598579875112906556e+00
2.655487515171860657e+00 2.702891848921936013e+00 1.996858484359741448e+00 -2.774225223985776978e+00 -3.084283035394852046e+00 2.700760374102264105e+00 3.025048440567136954e+00
3.017678805189973001e+00 2.964045753363958369e+00 1.993898812030814760e+00 -2.345676965352527787e+00 -2.549710388220777890e+00 3.010342196413100080e+00 -3.007608796593626010e+00
-2.970234453327823765e+00 -3.005520489908475312e+00 2.457325860623408076e+00 -2.034940778252121163e+00 -2.045811016202354615e+00 -2.788908288287109905e+00 -2.643254621101326585e+00
-2.696935310386276541e+00 -2.581536664377413359e+00 2.955082506296766276e+00 -1.785954622170776940e+00 -1.638943376635590976e+00 -2.188661316070962481e+00 -2.033856622391643665e+00
-2.355304991230841249e+00 -1.923425664493853882e+00 -2.938042999659557619e+00 -1.484496237607570324e+00 -1.310606244354914240e+00 -1.603104690626745210e+00 -1.313576136574083675e+00
-1.933056164855988079e+00 -8.383550856590319400e-01 -2.833195457813981299e+00 -1.306967224068212641e+00 -9.401895613140481833e-01 -1.134824968635501641e+00 -6.091652604259268911e-01
-1.486277224909636985e+00 3.984268742085727566e-01 -2.771356850960208895e+00 -1.892813004922885511e+00 -4.880035427869816034e-01 -7.426996039914264269e-01 -4.922192635312209325e-02
-1.038608197196228211e+00 1.264540674302964129e+00 2.498269381595551231e+00 -2.134719131992022234e+00 3.296182749068288925e-02 -2.848705919380221108e-01 2.788455839852132523e-01
-5.634687055943219391e-01 1.927601509902588273e+00 2.134457174956663206e+00 -2.149112430471871615e+00 6.061536094491019044e-01 1.987936751025876359e-01 5.939280606339157886e-01
-4.139255550114727400e-02 2.495042098955093213e+00 2.379537242580311407e+00 -2.117428223774426854e+00 2.079674325508398258e+00 5.565523445486235676e-01 1.176178944271384141e+00
5.322012606810309077e-01 3.019932043388016574e+00 2.660204907647151007e+00 -1.814074056037021654e+00 -2.206799375902719795e+00 5.962787630908762404e-01 1.927476003953790151e+00
1.137228831221110070e+00 -2.732752647731283790e+00 3.064137293925773164e+00 -1.359822617012582002e+00 -1.397263094724175758e+00 5.676765521182168817e-01 2.769961621474602342e+00
1.959247642795046707e+00 -2.097315516060648477e+00 -2.563542400413006739e+00 -9.114876933008697613e-01 -6.402574909167274564e-01 6.356931171422054438e-01 -2.540521915960098021e+00
-2.400291118378480970e+00 -1.389212192129392953e+00 -1.789885713317484139e+00 -6.063586248002287293e-01 2.185373830610265466e-01 7.900986160990061125e-01 -1.423422516262488502e+00
-1.817185672351951498e+00 -6.552205768873669012e-01 -9.482648417982583178e-01 -3.955067327313028791e-01 1.499216221421092676e+00 1.132161613418588564e+00 -3.312769662423535877e-01
-1.448198969655965840e+00 6.769312551515828391e-02 -1.012497488466268802e-01 5.789753798524104322e-01 -2.908238590488987807e+00 1.672351088851320666e+00 7.134638715965955225e-01
-9.832023639689752015e-01 -2.231241652000545361e+00 5.311732261454769066e-01 2.994976946142616114e+00 -2.041480828656482505e+00 2.352028063907791733e+00 1.733699652389804724e+00
-4.574335390172127869e-01 -1.609680563385752494e+00 2.799871041548556150e-01 -2.670928126019239457e+00 -1.703650406599030553e+00 -3.141566741677349839e+00 2.724178549918834680e+00
1.168638550707695040e-01 -1.027944034887301905e+00 1.029915363532534767e-01 -2.124197464985915662e+00 -1.706810317249778386e+00 -2.249500448362624194e+00 -2.638478581643976195e+00
-2.224753812908065509e+00 -5.285564840380970741e-01 7.097288220148618709e-01 -1.614772027351890626e+00 -1.584951769880889927e+00 -1.366237268508543989e+00 -1.843868799055471186e+00
-1.797758776157851068e+00 -1.891256708095853389e-01 1.370233374326611520e+00 -1.156354427331181656e+00 -1.239273767565242768e+00 -6.922230485547848922e-01 -1.210399644987444789e+00
-1.191627353998316430e+00 6.601760134841078154e-02 1.969146967315448471e+00 -7.317578298606184362e-01 -8.014901978561376206e-01 -3.385419490000796672e-01 -8.198802909224170987e-01
-5.872517046153420406e-01 3.797683213685260628e-01 1.709353624325488097e+00 -2.899152662686743098e-01 -3.412437983473513570e-01 -8.192342122183335351e-02 -6.208824899154213872e-01
-1.385760437301506581e-02 8.365484968270127109e-01 1.037153962633942550e+00 1.964660424428660845e-01 1.416842880451061604e-01 3.371987111143726623e-01 -2.985257021473919359e-01
5.088219408028796797e-01 1.344665549835331264e+00 1.564632336127962375e+00 7.361357748720188665e-01 6.260880945070921300e-01 8.434515949056957673e-01 1.735990791185924309e-01
9.552496191369520551e-01 1.854073793766613854e+00 2.182774697217411575e+00 1.310486059112433654e+00 1.127656614052968465e+00 1.376076672390978972e+00 7.324165616051742100e-01
1.354702417270122750e+00 2.334009176638739635e+00 2.798968216431005018e+00 1.913803376872667883e+00 1.641353226271547783e+00 1.906349370307929503e+00 1.328396480984230577e+00
1.768500921233253198e+00 2.762154091501362707e+00 -2.914612388627102035e+00 2.535542791908703020e+00 2.170623881616204010e+00 2.438364803427170102e+00 1.947803819994871954e+00
2.231131379415032256e+00 -3.131478763022837342e+00 -2.317889490677373487e+00 -3.140580529941085164e+00 2.716069276320391523e+00 2.990815625527864174e+00 2.574963318402811119e+00
2.726756388393026143e+00 -2.837799526589983135e+00 -1.741046479930820290e+00 -2.605869876780651406e+00 -3.034038621697048299e+00 -2.726627158294493203e+00 -3.110454803486028652e+00
-3.077294661669985665e+00 -2.578251587566063208e+00 -1.246161170386078876e+00 -2.307275766570404230e+00 -2.530056796169218636e+00 -2.124271864281248590e+00 -2.646947436110991259e+00
-2.660408773775043922e+00 -2.282563711206251789e+00 -9.702673712484799484e-01 -2.363822097259346222e+00 -2.261360069995388411e+00 -1.199583354982139971e+00 1.863645500416914347e+00
-2.379087637371220865e+00 -1.865620803071539768e+00 -7.473745426658849889e-01 -2.276087923004715741e+00 -2.582028157459221873e+00 1.239131885783222087e+00 2.121957255175904056e+00
-2.214968916852700698e+00 -1.440568148350980238e+00 -1.802146031825630212e-01 -1.912933016916351203e+00 -2.609347129318509761e+00 1.744290791839432586e+00 2.447067353990975302e+00
-2.052051718242779099e+00 -1.115791908229357032e+00 3.852694388705539819e-01 -1.501563089129336781e+00 -2.167624899404858585e+00 2.090857116920031622e+00 2.538275102710298103e+00
-1.833725963231516598e+00 -8.579265132952040851e-01 8.813092627696930137e-01 -1.161770868299039083e+00 -1.727760656789737892e+00 2.395423200926176222e+00 2.590804778256189156e+00
-1.635229163040010203e+00 -5.807835067321205358e-01 2.388836482989569743e-01 -9.205508423757314818e-01 -1.478375000692986108e+00 2.594117723910045470e+00 2.868922410118167843e+00
-1.450493001583355035e+00 -2.042459478621660995e-01 1.258893335454068785e-01 -7.286367839952150316e-01 -1.699375651251165520e+00 2.666534035845129047e+00 3.103451325318941301e+00
-1.257421981739944128e+00 8.765837140162360819e-02 3.140355608304447044e-01 -5.412231715453705849e-01 -1.945445432582860734e+00 2.935285121723627544e+00 -2.993060968580334880e+00
-1.121168355284851481e+00 3.812870022247141777e-01 6.085076329164367248e-01 -3.734605533757801021e-01 -1.910107751246453711e+00 -2.908488584211792904e+00 -2.750499785139131514e+00
-9.969394308335146615e-01 5.963120942484164688e-01 7.293228296830909230e-01 -1.310634954856345347e-01 -1.652388104212011211e+00 -2.382932499093056933e+00 -2.376511215238053421e+00
-7.774603946394588183e-01 8.206594381187938270e-01 9.168500626688372845e-01 1.826921457587896147e-01 -1.275273317782086302e+00 -1.882776721490571070e+00 -2.041511350377869238e+00
-4.165956144474007306e-01 9.471593162843278124e-01 1.027071735399594177e+00 5.285181168374328831e-01 -8.479655496814929583e-01 -1.437480540484436187e+00 -1.698016996592796257e+00
-6.883450122809366134e-03 1.096410059306865525e+00 1.196100079130855809e+00 7.418774839288558853e-01 -3.373706807087514803e-01 -1.029742305243486644e+00 -1.241010845492388937e+00
4.521797210829360258e-01 1.167903514416701816e+00 1.221857934088318665e+00 7.943734915860471979e-01 1.616378923319609084e-01 -5.558042853260208860e-01 -6.265140176991206289e-01
9.061950183242484247e-01 1.300125131995033989e+00 1.346222153098906915e+00 9.268405717534802246e-01 8.157632365652862649e-01 2.991987097992604983e-01 2.870012335132822723e-01
1.399644522813051184e+00 1.449577299271749720e+00 1.529042932662789012e+00 1.285938752237006710e+00 1.507084534369778517e+00 1.630516745836397163e+00 1.533671782123240401e+00
